-0.0424719143820225
0.136516856741574
0.0173033688539311
-0.0603370748314608
-0.0507865168539334
-0.117977530999998
0.0323595504719101
-0.261685386404494
-0.00112359438202322
-0.251685388988764
-0.0274157320853929
-0.21089886988764
-0.147865169887639
-0.225393263146068
-0.200224714831461
-0.0850561796629217
-0.262471903595505
-0.08438201741573
-0.376179778876405
-0.117191013370786
-0.382022478426966
-0.19707864741573
-0.333707865168539
-0.290449434494381
-0.268988761573034
-0.323595509438203
-0.190112359550562
-0.379550555280899
-0.104494382022472
-0.324382026741573
-0.0937078629213495
-0.320224726853932
-0.162022471910112
-0.223932578202249
-0.205842688539327
-0.151011231573034
-0.237752800224718
-0.107865164269662
-0.349887631910112
-0.0342696629213481
-0.287415728764045
-0.0566292133707867
-0.27640449011236
-0.175393261460675
-0.139101127640449
-0.186404500337078
-0.109438205617979
-0.296741564157303
-0.050561800044944
-0.236966293146068
-0.0271910103370792
-0.250224723820225
0.00786516835955103
-0.189101116741572
-0.20629213505618
-0.175056181348312
-0.210561791235956
-0.106516849662921
-0.270786508988763
-0.0404494374157292
-0.385617973033707
0.0187640449438222
-0.0208988773033697
-0.0419101123595508
0.124494386292134
-0.00764044943820184
0.169662921348314
-0.210898880337081
0.0858426966067411
-0.0444943847415727
0.131460674382023
0.0231460686516839
0.135955056449434
0.0943820267415707
-0.0143820224134844
0.158089890449439
