0.236753256753247
-0.197532457532468
0.0689610442857144
-0.0322077866883119
0.054155848701299
-0.0210389565376626
0.122727272077923
0.0410389710389615
0.0253246789610387
0.161428576025974
-0.0603896053246753
0.0928571444155842
-0.0681818149350645
0.194155844415584
-0.0559740181558447
0.235194811298702
-0.0341558383116884
0.206623378961039
-0.0453246725974025
0.123246760779221
-0.131038955714286
0.152857150649351
-0.0411688261038966
0.103636365909092
-0.0468831118181828
-0.000519477142856089
0.0248052010909094
0.0710389696103894
0.104545458311688
0.131038966220779
0.309999992337662
0.154025975064935
0.258051951558442
-0.0936363585714284
0.217012992077922
-0.0424675290649349
0.249999991038961
-0.0748051944155843
0.305844160909091
0.0649350698701299
0.278571424025974
-0.0241558386363638
0.135454554935065
-0.0216883065376627
0.124545460389611
0.0177922128571418
0.0370129910389625
0.114155852987015
-0.0396103858441544
0.0420779285714298
-0.0793506442857125
0.0454545537662349
-0.189480511298702
0.0254545485714291
-0.301688311038961
-0.0385714246623376
-0.256753236753247
-0.0494805144155844
-0.267922065324675
-0.0480519429870129
-0.315714275714286
-0.0740259712077916
-0.23155843961039
-0.099090902012986
-0.207922076233764
-0.0892207770129855
-0.124025968961037
-0.247402592077921
-0.20194805077922
-0.267402587402596
-0.0845454535584413
-0.219480508181819
0.00532468033766236
-0.23883115961039
0.0398701349350648
-0.224415574415583
