0.260109166652838
0.410152847875545
0.415567691805677
0.512641927438865
0.519497815735808
0.382205236740174
0.287183402722707
0.358930136696507
0.217139737657205
0.178973798792576
0.292423583377729
0.225524017133188
0.145698689622271
0.131724891063319
0.254432314137554
0.108493449434498
0.0319869032467247
0.114694322067686
0.0370524014126637
-0.00622270692794757
-0.067401747058952
0.0052620132030568
-0.045480344438865
-0.116397380246725
-0.0225109175393016
-0.0487554543951964
-0.154650655355895
-0.139585153172489
-0.191069890290393
-0.212205261032751
-0.097445413172489
-0.0142576410327512
-0.0801528368406116
-0.0653930125611356
-0.0228602631288209
0.021331877395197
0.00648471582314408
0.0752183403646283
0.192074235805677
0.121681223989082
0.0768777289235807
0.174825327176856
0.10176856010262
0.0367467278755459
0.160545851194324
0.238449779495633
0.0984497833340613
0.230458516175108
0.181681222582969
0.0843013075698689
-0.00268558767030591
0.0474454122860255
0.0571397355611345
-0.00469432810698689
0.0929475969585149
0.16189956182751
0.0662227070895193
0.0443886484432314
0.0676200870021834
0.0700655007576433
-0.0721179088056763
0.0277510920240174
0.0406331919803499
0.188580785709605
0.0646506574825332
0.207227073421397
0.30290392979694
0.0779694315873362
0.182903929796944
0.280545848303494
0.171724890757644
0.180545851722709
0.331200869884279
0.294039304163756
0.0790611350371188
0.218624453203054
