-0.0247014940497512
0.00156716417910481
0.0242537305174124
-0.059328358258707
0.0258457717373134
-0.169975120597015
-0.148582090049751
-0.0960447779601993
-0.179527356218905
-0.144353234577115
-0.194552243383085
-0.236840792238806
-0.183109446965174
-0.262711445671642
-0.336343295621891
-0.248582081940299
-0.35723880199005
-0.245646772985075
-0.235348254129353
-0.295049742736318
-0.17296020318408
-0.261119403880597
-0.168582091243781
-0.175049749402985
-0.207388065472637
-0.158880593681593
-0.18699005084577
-0.101467659452737
0.0115174128636816
-0.135845768507463
0.0200746273432839
-0.0366417909950252
-0.0704726392039803
-0.0309701513930348
-0.105000003781095
-0.109079604129353
-0.142711445771144
-0.195945280099502
-0.0984328358208955
-0.133606961940299
-0.116044776915422
-0.102960199004975
-0.208980089353234
-0.119477613631841
-0.049179101950249
-0.175646769950249
0.0025621888059704
-0.0303233830845771
-0.129975124378109
-0.0357960201243784
-0.0411194056915425
-0.072014921995024
-0.128383080796019
-0.105945273631841
-0.0147512433333333
-0.123009946467662
0.0367910447761191
-0.0464427862587065
-0.0493781079601988
0.131567167810946
-0.0533582115422887
0.0338059689054741
0.0960945236815898
-0.00664179104477455
0.124154231641792
0.0824626830995028
0.100870649293532
0.146940301542289
0.034402984756219
0.150522386218903
0.0973880592039818
0.0128606968109435
0.125746266467661
-0.0190298507462674
0.106442786069651
0.0184825871502488
