0.0555882322156863
0.270294116372549
0.29245097382353
0.239901956764706
0.497941170686275
0.459705885980392
0.161470584411765
0.25441176382353
0.309705880490196
0.13715685882353
0.316764709509803
0.183235292058823
-0.228725499901961
-0.015392156568628
0.235196074607843
-0.0410784426470588
-0.0216666747647061
0.186764701921569
-0.0659803959803923
-0.0524509842901961
0.324999996152941
0.132058819705882
-0.0683333371568626
0.278725479901961
0.279117643392157
0.0308823494509803
0.237549009117646
0.262450982431373
-0.0542156897843141
0.0895097994117642
0.286176472254902
0.0291176432352935
0.0779411726470586
0.239117648745098
-0.0514705870784324
-0.0369607879411766
0.36264704754902
0.216960778431373
0.100294113823529
0.481078435
0.300294116176471
-0.0877450945882352
0.215980386058823
0.270098033235294
0.0108823490392159
0.250882348215685
0.314411755392157
-0.0663725459803921
0.129705875392156
0.340882341666667
-0.022058826568628
-0.0687254895686278
0.157156859078431
-0.0846078459803929
-0.180490195980392
0.0977450942156851
-0.0628431485294128
-0.160490203627451
0.193627440882352
0.0532352896862782
-0.298921560686275
0.0140196076078417
0.193627447313724
-0.00872549780392173
0.171274511862744
0.281862747137257
0.0665686248039213
0.334607839431372
0.619509787549018
0.275784315784313
0.158725486372549
0.470686257941177
0.267745093352944
0.058137251882353
0.314803920490197
0.214215679411764
