-0.189651154534884
-0.0640697691860455
0.139651155465116
-0.138023260418606
-0.411976753604651
-0.233604654767443
-0.092906980116279
-0.360348846209302
-0.464069784767441
-0.125000000613954
-0.0789534862837214
-0.343372088720931
-0.297558134999999
-0.0326744172558142
-0.169651163511628
-0.508488355465116
-0.32127907823721
-0.040116279516279
-0.284069768023256
-0.569651176627907
-0.347325591744186
-0.0994186052325581
-0.295232566627907
-0.430581404302325
-0.177093016395349
-0.225232556162791
-0.65662791360465
-0.768488369883721
-0.505930224767442
-0.54197673755814
-0.92127898616279
-0.89406976872093
-0.667325592674419
-0.814069779651164
-1.0250000005814
-0.752906966627906
-0.435232560581395
-0.660348854302327
-0.958488372674419
-0.75848837383721
-0.658488386162791
-0.891976760813953
-0.885465121511628
-0.537325585000001
-0.524069768023256
-0.869418605232557
-0.81430232616279
-0.429651165
-0.444069768488373
-0.631511610813953
-0.457558132674418
-0.305930239418605
-0.638023272674417
-0.951744187093023
-0.63476743360465
-0.314069759186046
-0.512441861976743
-0.653604665
-0.420813951744185
-0.326860463604651
-0.544534876395348
-0.49872092244186
-0.151976752209302
-0.171744186627905
-0.377558140116279
-0.182906977227906
0.138255807381393
0.0205813931395328
-0.222674410813953
0.015465115697675
0.204302324999999
-0.0510465091860451
-0.205930228488372
0.0577906970930243
0.151279069186047
-0.169651155697673
