-0.0219685053464572
-0.188110238228347
-0.110314966574803
-0.0481102381496075
-0.233937012086614
-0.0943307102440943
-0.111574810984252
-0.00559055318897556
0.0923622024960627
-0.0301574828976377
0.151102355944883
0.0911023599685036
0.149370071377953
0.32078740988189
0.173149605551181
0.321496072952756
0.240393701929134
0.213936998543308
0.447795261614173
0.226377943267716
0.285748037992126
0.306456701771653
0.186062985551181
0.328740137519685
0.274409451535433
0.417322826653543
0.390472426338583
0.184724413425197
0.305275599251969
0.148031497283465
0.1637007846063
0.220787393582677
-0.0326771684330708
0.108976376811023
0.112047243188976
0.120236221377953
0.214251961456693
0.0988976357874015
0.259291333582677
0.186850396653544
0.123228344448819
0.198346457755906
-0.035039372464567
0.113622040204725
0.197244095629921
0.160787400748031
0.307637778464567
-0.0645669279133844
-0.102913387960629
0.00409448600472435
-0.131102361535433
0.0485039365905512
-0.106062994259842
-0.0809448864960638
-0.0929921270787389
-0.0352755925590542
0.23472440492126
-0.0907874035826772
0.206220464921259
0.00944882287401729
-0.140708667834643
0.25866142090551
-0.0854330692519692
0.0222834604724382
0.0277952727007876
-0.1892913346063
0.0624409427007878
-0.238740159511813
-0.0695275636456722
0.0426771615354328
-0.146692909724409
0.169685037362204
-0.17346457082677
-0.126456695000002
0.0707873991732278
-0.152204722401576
