-0.599015145075758
-0.579015152348484
-0.641893933106059
-0.683409086439393
-0.656742417803032
-0.531590905530304
-0.426439390833332
-0.459015149924241
-0.53553029780303
-0.553560605378788
-0.481136358712122
-0.418863632863637
-0.412803028712121
-0.498106054166666
-0.538863634621212
-0.5367424175
-0.454015146742424
-0.467803027015152
-0.453712120530303
-0.584621211439394
-0.549015148106062
-0.452499996384848
-0.378409090227273
-0.434166663106061
-0.583409084469696
-0.6267424275
-0.51825757128788
-0.425984844924242
-0.405833329772727
-0.482651512390908
-0.477803029015151
-0.53295454189394
-0.369772723712122
-0.314924241742424
-0.436136359772727
-0.491742420715151
-0.470833329787879
-0.431590905530301
-0.279469687651515
-0.336439391893938
-0.484469693560606
-0.523712114772727
-0.541893938409091
-0.44840908628788
-0.379924236439395
-0.459469695378787
-0.473106056818182
-0.380681814621212
-0.189772727954545
-0.154318177045455
-0.252196972045456
-0.454924240287878
-0.420530299651515
-0.365530299439394
-0.272954546893939
-0.36371211780303
-0.501893934318184
-0.567348484166667
-0.608257573560604
-0.519469690681818
-0.531136361742424
-0.63022726659091
-0.762196945833335
-0.739621185227272
-0.674924242803032
-0.611136356590909
-0.688106055530304
-0.748560602500001
-0.836590905530303
-0.722045468863635
-0.707348478863634
-0.693106060681819
-0.769166663712121
-0.741439388712122
-0.711439387651514
-0.594015147954542
