-0.590645168193548
-0.367096777225806
-0.398709676903226
-0.547741948516129
-0.426129033032258
-0.649677415935484
-0.520322587548387
-0.545161291096774
-0.780645162064516
-0.404838710451613
-0.569354841741936
-0.727419343677419
-0.480322587548387
-0.697741922709677
-0.571612885612903
-0.603225807548387
-0.835806450451613
-0.65935483916129
-0.796129029161291
-0.682580639806452
-0.655483859483872
-1.03806451690323
-0.813225812709678
-0.809677417225807
-0.90774193432258
-0.715161298193548
-0.865161291096774
-0.688387079483871
-0.689677420451614
-0.902903226580645
-0.655806446580645
-0.831935479483871
-0.799032256258065
-0.594516133032258
-0.821935484645161
-0.684838698193548
-0.791935481419355
-0.877741936258064
-0.566129026903226
-0.779354837225806
-0.626774204967744
-0.419032264967742
-0.636774197225806
-0.436774195290322
-0.545806463354838
-0.565806446258065
-0.367741936903226
-0.660967746580646
-0.50645160335484
-0.462580645612903
-0.678064515290323
-0.518387102387097
-0.667741920774193
-0.568709678516129
-0.412580639806452
-0.615806455290322
-0.364838715225807
-0.412903220451613
-0.50580644851613
-0.367096776580646
-0.637419372709677
-0.474193545935484
-0.376774193354839
-0.506129031741935
-0.281935484387097
-0.462580640774194
-0.488064520774195
-0.339032256903227
-0.593870968193548
-0.379677417548387
-0.368709680774195
-0.578709690451613
-0.413225810451613
-0.59774194367742
-0.558709683032259
-0.573225815612903
