-0.349732628128342
-0.126684505721926
-0.35828877540107
-0.244171134320856
-0.212834235828875
-0.349839578770054
-0.165026749839572
-0.418609635294118
-0.194224610930482
-0.311657762347594
-0.295401083850268
-0.146844931657754
-0.367700553048128
-0.212887712352941
-0.400427815294117
-0.211123010176471
-0.245775410524064
-0.27582889224599
-0.150909102780749
-0.304010702994652
-0.0757219402139036
-0.308716590748663
-0.149732633080215
-0.166791454064171
-0.194438514759358
-0.0540641829946523
-0.245775408973262
0.00780747475935764
-0.208556165668449
-0.120641725721926
-0.0801069670588218
-0.194759371336898
0.0590374142245998
-0.171176482459893
0.0394652259893046
-0.0469518840106958
-0.0633155181818187
-0.0347058982887704
-0.199358300438503
0.0471657596256693
-0.171123009219252
-0.00732621508021417
-0.19090910278075
-0.137165786946524
-1.70053482129173E-08
-0.149839585240642
0.10524062395722
-0.111016054652407
-0.00320857161497382
-0.0593048225828886
-0.103636375508021
0.00299464053475887
-0.292834232616043
-0.0479679263101608
-0.25893049368984
-0.226042793957218
-0.0949732706951879
-0.221711242224599
-0.098716589411765
-0.223689854812832
-0.137326216577539
-0.0392513483957224
-0.160962578716578
-0.0695722003743317
-0.149732632385027
-0.155561509577539
-0.237005361925134
-0.222834232994653
-0.168770068128341
-0.298074875935831
-0.0344385145454544
-0.252085576203208
-0.167914449732618
-0.17080215116043
-0.253903751443849
-0.130481295294118
