0.389832399357542
0.102681562877095
0.34279329622905
0.184469270586591
0.201005581256984
0.20837988773743
0.0840223429329605
0.201899438027932
-0.123463700083798
0.16156424301676
-0.0626815690223463
0.0918994369217878
-0.140223462318436
0.00782122617318504
-0.0135195517039108
-0.0721787766759781
0.0162011171229047
-0.258770965167598
0.0117318423743016
-0.186536308296089
0.0729608926312844
-0.19067038773743
-0.0699441292458103
-0.181005589469274
-0.166145254050279
-0.109832406117318
-0.293854748240223
-0.0755307291340787
-0.378435756843575
-0.031620120139665
-0.309608941424581
-0.075698326787711
-0.215083801759777
-0.086648050642458
-0.0678212280167595
-0.197094970139666
-0.0316201172905039
-0.26206704075419
0.0437988798044693
-0.269944127849162
0.0322905025977644
-0.170726257458101
-0.0681564232122903
-0.0914525260614523
-0.106256988798884
0.00921787008379732
-0.198212289134078
0.00955307103351941
-0.228938554608938
0.0796647998603346
-0.192178785558659
-0.00569832589385391
-0.121452512150838
-0.0396648107932964
0.0113966451675969
-0.169776539860334
0.137318432117318
-0.138770947290503
0.0320670319832401
-0.287988837681564
0.0336312853016743
-0.141675976229049
-0.055642456620114
-0.0293854724860304
-0.236312850921786
-0.0306703939385483
-0.0113966509217878
0.168044689022346
0.0410055879608949
0.187821226173183
0.20078212002793
0.0159217838826844
0.114078211201115
-0.00402235321787578
0.262234637011174
0.0281005572905027
