0.689077687281553
0.537135929708737
0.434902920485437
0.562766993398058
0.336844667087379
0.221699031747573
0.544805815048544
0.475194180970874
0.153543693106796
0.352087382718446
0.438592238932039
0.117912623980583
0.0875242744660195
0.129757284266019
-0.10237863096699
-0.0813106769902914
-0.0173300995145632
-0.250922319805825
-0.243155328252427
-0.0284951430097088
-0.162572812135922
-0.277038831747573
-0.142961163786407
-0.241019407475728
-0.225097081262136
0.0569417508446611
-0.0361650476699028
-0.233252431941748
0.0183980604854365
0.0235436919417472
-0.297912613883496
-0.223349504660194
-0.0584951430097084
-0.207233001747573
-0.18820388145631
-0.147524273398058
-0.387427193495146
-0.380533976893204
-0.266456293300971
-0.448980589320389
-0.424320369805825
-0.226165044951456
-0.373640787087378
-0.412281534757281
-0.183543691359223
-0.370339788737864
-0.563932040873787
-0.251019415533981
-0.122572820291262
-0.231310681359223
-0.0105339768349496
0.0213106831067971
-0.288786401262136
-0.162961162427184
0.0267475766407777
-0.143155341165048
-0.0988834866990295
0.0379126245339806
-0.14121359407767
-0.111893194466019
0.14072815823301
0.00199029364077719
-0.0260679585436891
0.324805825048542
0.301893199126215
0.170728157281553
0.33762135776699
0.244417478349514
0.0801456348543697
0.33043689563107
0.354902907864078
0.116067963621359
0.29567961823301
0.415097083592233
0.213543691941748
0.344320390970873
