0.359528306226418
-0.0812264203207542
-0.015566042075473
0.173301883962265
-0.0966981118867915
-0.0176415113773586
0.187075466981132
-0.0214150954716982
0.0172641475849052
0.152547163773585
-0.0736792481132072
0.111603772735848
0.39613208509434
0.125566035
0.14066037864151
0.490849067547169
0.263301888867925
0.157452822264151
0.40216979
0.226886793207548
0.128584902830189
0.265943393396227
-0.0163207575471692
-0.0882075499999993
0.263301883962264
0.0808490537735859
-0.116320757584906
0.0180188655169812
-0.103490568867924
0.0374528273584903
0.126320751886793
-0.100660380188679
0.0123584895471707
0.189528299075472
-0.0653773578867921
-0.0280188688490563
0.181037733018868
0.0216037707547165
0.00103773373584906
0.166132068301887
-0.0253773613207549
-0.0729245369811323
0.0440566009433962
-0.123490568867924
-0.0774528287547178
0.145943393226415
0.0116037707547165
0.0140566025283022
0.291226412415094
0.135188671698114
-0.0257547187547169
0.115754714150943
0.0402830167924527
-0.00122641715094345
0.21311319754717
0.10009433471698
-0.0238679273584901
0.180283016037736
0.0700943361509439
-0.102924526245284
0.145943388264152
0.100849054339622
-0.156698108867924
0.0487735830188704
0.138773576830187
-0.0199056631584908
0.110471695283019
0.0449999939622645
-0.204622651509433
-0.0210377386792466
0.0659433933056601
-0.11084905945283
0.102547166566041
0.240283010188679
0.0772641481509435
0.241792455471699
