0.654615375128205
0.434615385128205
0.207435907435897
-0.152564092564103
-0.446923067948719
-0.166923077948719
0.157692296666665
0.727692286666666
1.1684615074359
1.1084614974359
0.933076879743589
0.423076899743589
0.060769220974359
0.030769219974359
0.176666655589743
0.636666656589744
0.948974357692308
1.04897437769231
0.872051302307693
0.372051282307692
0.015641016153846
-0.204358983846153
-0.0858974510256415
0.294102538974359
0.587948695128205
0.827948705128205
0.674615381794872
0.324615391794872
0.0464102592307693
-0.203589750769231
0.0617948546153851
0.481794844615385
0.89358973923077
1.30358976923077
1.11205128538462
0.832051255384616
0.330512800769232
-0.189487189230769
-0.0761538566153846
0.0633333219230773
0.563333322923078
1.02025640076923
0.960256400769231
0.838717939358972
0.298717940358976
-0.164102573615384
-0.274102584615384
-0.264102593076923
0.145897406923077
0.482564076410257
0.632564086410257
0.589230759743589
0.159230759743591
-0.197692313333333
-0.437692303333333
-0.416153840512821
-0.0561538505128208
0.259999990512821
0.529999990512821
0.476923066897435
0.146923065897435
-0.20076923571795
-0.56076922471795
-0.523333329102563
-0.263333338102563
0.0658974345897457
0.425897443589741
0.362051287589742
0.152051281589745
-0.248717961538465
-0.698717975538459
-0.624102584615383
-0.454102574615385
0.0569230764102552
0.606923086410256
0.673076933076923
