-0.809115524350181
-0.831137185974729
-0.838790621245487
-0.770776174530686
-0.66774368868231
-0.719187731389892
-0.846227439296028
-0.867202173916967
-0.903411557274368
-0.873158848393502
-0.796624556624549
-0.679007221859206
-0.689404335180505
-0.721642598465704
-0.822184119151624
-0.829584842111913
-0.740090253592058
-0.63146210012852
-0.68066787366426
-0.642436826732852
-0.776191346732852
-0.712833941389892
-0.744277978501805
-0.692906140765343
-0.583267150198556
-0.539801447703972
-0.558213000018049
-0.678574013985559
-0.726660658790614
-0.690848377166065
-0.612653433989169
-0.576083036389892
-0.557418776171119
-0.604530688790614
-0.725433216624549
-0.714530689187726
-0.749476530270758
-0.67835740431047
-0.659584839801444
-0.519187726953068
-0.559007223267149
-0.608898919043322
-0.669837548758846
-0.627599281606496
-0.536335743700362
-0.501064985541517
-0.507238268877256
-0.595397118285198
-0.644638990198556
-0.637274370234657
-0.568898920595667
-0.581137187826714
-0.523339355108305
-0.610559570368231
-0.609187730315522
-0.675397114061371
-0.671353794241877
-0.628718417238267
-0.44803249900722
-0.42384476370036
-0.458068597563178
-0.589296034350182
-0.646805057779783
-0.676588451281587
-0.598574010646207
-0.572833938646208
-0.574602891193502
-0.679765344927798
-0.686227437274369
-0.815469318898917
-0.855397118646209
-0.756841153989171
-0.753953076119135
-0.704963900342961
-0.828393503483754
-0.884205779801444
