0.356179782359551
-0.0439325850224718
0.0696629228089868
0.452584272359551
0.281123594044944
-0.0885393273033696
0.115056178539326
0.300561803146068
-0.0671910126966277
-0.21775281505618
0.127865158539325
0.153820229775281
-0.177752810449438
-0.00179775235955092
0.376404501460674
0.156179778011237
-0.187640456966292
0.0375280868651688
0.214831466404495
-0.22662921494382
-0.395730327303371
-0.0750561842134835
-0.0404494394606742
-0.349999993483146
-0.241123604516854
-0.0832584278089889
-0.464044945280898
-0.728314608202247
-0.364269671123595
-0.135955057977528
-0.52651686505618
-0.554044957191011
-0.20471910258427
-0.308089878089887
-0.680224717415731
-0.492471886292135
-0.177303372247191
-0.467528091348315
-0.689887633370786
-0.350674147415731
-0.149887647752809
-0.473146060786517
-0.489213505505619
-0.191123596966292
-0.292359538539326
-0.55707865730337
-0.326966288426968
-0.0556179789887643
-0.371011242808989
-0.489438219550561
-0.0597752776404488
0.0870786519662922
-0.270337080202246
-0.265280908314606
0.141797749325843
0.0476404464044928
-0.224044946629214
-0.0174157345730337
0.183820215325842
-0.214719095617976
-0.36516854932584
0.0570786453932605
0.170786515393258
-0.165168547415731
-0.104044945730337
0.306404485393259
0.13258427067416
-0.196179768202248
-0.0173033691011223
0.190786515393259
-0.0633707879775279
-0.0823595520224729
0.253707863707867
0.219213481269665
-0.0746067433258437
0.114269668539327
