0.237242992971963
0.416962623345794
0.251448606242992
-0.0792056051588785
0.0125700957757005
-0.100700932261683
-0.376775695439252
-0.155934582168225
-0.0793925281495328
-0.272196247401869
-0.157149537495327
-0.211261690485981
-0.411355133009345
-0.165560745345794
-0.0375233672149532
-0.228177573196262
-0.120887844785047
-0.0535046772149532
-0.215093457869159
-0.139205598056075
-0.211728964785046
-0.449299054130841
-0.286495324224299
-0.235373821327103
-0.485373808149532
-0.413785054411215
-0.327056078242991
-0.550981306186916
-0.477149543476636
-0.406682250205608
-0.545186897682243
-0.283224284598132
-0.0352803718878507
-0.256028045439252
-0.143130846841122
0.0535046751121495
-0.115654208149532
-0.0305140165046724
0.0774299081495327
-0.201542047308411
-0.173598130766355
-0.00696261646728974
-0.180327094317757
-0.11771028188785
0.0548130860560746
-0.122289719831776
-0.0625700928224287
0.118364490654206
-0.0621962593644863
-0.0198598107663544
0.181915890168224
0.0650000017476633
0.187523367177572
0.42696261306542
0.234626170616822
0.224158882429908
0.444345802691588
0.281635511009346
0.21985981540187
0.363317752691588
0.13630841353271
0.0742523386411217
0.30228971988785
0.198644859981309
0.100794394841122
0.230700936897197
0.166401871476634
0.262289719607477
0.477616833345794
0.25415887464486
0.20042055882243
0.505000002037385
0.3191121513271
0.0590186930373831
0.202476637831776
0.14471962840187
