0.681923074076923
0.581923074076923
0.470128202271794
0.140128202071794
-0.148846157266667
-0.0788461590666669
0.0357692243333324
0.395769226333333
0.688076920230769
0.718076920230769
0.66858974074359
0.388589740743589
0.185512817666667
0.155512817666667
0.251153839717949
0.571153829717949
0.817307674076923
0.957307684076923
0.894230761769231
0.594230751769231
0.371153828948718
0.221153838948718
0.313717940230769
0.593717930230769
0.830641027923077
1.04064106792308
0.930641054589744
0.660641014589744
0.361923060333333
0.0519230683333332
0.118846140948718
0.298846132948718
0.601923038179488
0.931923018179486
0.852179443307693
0.712179463307693
0.322948703923078
-0.0870512870769228
-0.107307697102564
-0.109358978871795
0.190641032128206
0.469102579205128
0.489102559205128
0.470641004589743
0.190641014589744
-0.0480769259230768
-0.0980769259230769
-0.0534615413076925
0.306538458692308
0.612948717923077
0.782948727923077
0.779615397923076
0.429615387923078
0.102692303307693
-0.187307700692307
-0.255000008897436
-0.0350000048974361
0.233717941
0.553717931
0.647564080230769
0.547564080230769
0.341410239974358
0.0614102499743579
-0.000641028487179229
0.0593589715128208
0.195512824589745
0.365512834589742
0.297564119205127
0.147564119205129
-0.113717940025644
-0.40371795002564
-0.329871797717947
-0.189871797717949
0.21935897151282
0.65935897151282
0.700897442538462
