-0.133125
0.0990624999999999
-0.383437496250001
-0.4618749940625
-0.3924999984375
-0.605625034375
-0.2659375034375
-0.57406249625
-0.5087499971875
-0.371874994999999
-0.741875
-0.4593750025
-0.685
-0.621875015937501
-0.4184374846875
-0.809375
-0.49312498875
-0.617187502187499
-0.601875001874999
-0.2696874940625
-0.596562498125001
-0.287499986562501
-0.3221875046875
-0.3834374821875
-0.0706249996562498
-0.384062500625
-0.11250000171875
-0.1699999971875
-0.340624999999999
0.0493750000000004
-0.2053125059375
0.00718750046874973
0.0931250000000004
-0.0925000003437498
0.2021875015625
0.00218750031250031
0.242812500000001
0.30062500625
0.1103125
0.602812500000001
0.372187507500001
0.4396875
0.629687500000001
0.3871874965625
0.659375
0.435937504687501
0.551250003125
0.683125001874999
0.283125001875001
0.599375
0.441875008124999
0.4578124834375
0.68625
0.361874996875
0.693749999375
0.516562511249999
0.389062505624999
0.650625
0.309687501562501
0.544062488750002
0.42343748875
0.290937486874999
0.5175000084375
0.1949999946875
0.549374999999998
0.5284374659375
0.237187502812501
0.517187502812499
0.2456249884375
0.425937504687501
0.410000000000001
0.1303125034375
0.395937508749999
0.0665625000000004
0.150312496031248
0.0828125040624969
