0.455658703371257
0.213503001095808
0.327395215706587
0.164760485754491
0.200808390317365
0.114461083131737
0.204640725646708
0.0712874324071861
0.216616771107784
0.0854790489999998
0.160808390276647
-0.064341305730539
0.00392215989820388
-0.0284730493832339
-0.00146705878443115
-0.0245209462694611
-0.0657784374670655
-0.101407185730539
-0.0789520882455091
-0.132544891718563
-0.123502986688623
-0.150269462437126
-0.283742532437125
-0.171886213095808
-0.245658672437126
-0.205958064293413
-0.182065865131737
-0.104161664952096
-0.22362274094012
-0.0804491005209582
-0.192844290640718
-0.0323652629161676
-0.143383223095808
-0.0331437032754489
-0.113083831119761
-0.0370957967485029
-0.15583830860479
0.065119765766467
0.0187724621736527
0.134461084900599
-0.021227533754491
0.188712583419162
0.0618862378622752
0.135598809479042
0.0479940176227546
0.0902694639341317
0.0238023981017966
0.0391317423532934
-0.0435029890838324
-0.077095801299401
0.00835330325149658
-0.0284730431556894
-0.00110777399401102
0.0388323399580832
-0.00913173099999964
-0.0499700489041919
-0.0370359251317364
-0.0119461029760479
0.0902694708802394
-0.0288922114191614
0.0822455153473047
0.131287431796407
0.113742522053893
-0.0255389130958082
0.104041922964073
0.0917065898263477
0.139131744173651
-0.0666766421377245
0.0465568978622757
0.0226646777425147
0.126317372892216
-0.00398202429341316
0.16128743230539
0.052784440077844
0.158413180017964
0.0586527053473053
