0.153529422352941
-0.0764705856470599
-0.297647067764706
-0.188823536588235
0.0794117557647066
0.167647052352941
-0.0105882399999999
-0.194705891176471
-0.0735294123529408
0.268235294117647
0.318235304117647
-0.017647056705882
-0.229411756764706
-0.0917647030588235
0.148823528294118
0.199411764117647
0.0629411758823527
0.0129411758823527
0.222941177058823
0.432941187058824
0.222941177058823
-0.110588235882353
-0.177647059411765
0.0235294111764713
0.185882352352941
0.110588235117647
-0.0823529409411765
-0.112941177411765
0.0770588208235295
0.107058822823529
-0.154705882941176
-0.311176479411765
-0.222352945882353
-0.0364705888235292
0.00294117635294099
-0.123529415117647
-0.170588244752941
0.0288235286235303
0.298823528823529
0.22882351882353
0.00882352735294088
-0.0170588239176472
0.178235286964707
0.341764694117647
0.298823521764707
0.149999999411765
0.144117646470588
0.335882352352941
0.395882352352941
0.145294117058825
-0.0258823543529411
0.0429411754705889
0.226470587647059
0.247647058235295
0.0394117641176465
-0.138235294470588
-0.0270588231176462
0.242941175882353
0.242941175882353
0.0399999994117644
-0.0370588233529411
0.0688235357647063
0.137647064117647
-0.00764705941176341
-0.276470591764706
-0.388235304117646
-0.228823530058823
-0.0788235310588238
-0.135882353705882
-0.140000000588235
0.0252941170588245
0.214117646470588
0.223529411176471
0.0776470582352948
0.0423529382352957
0.296470580000001
