-0.0268656759104478
-0.256865661910447
-0.495522385104477
-0.457611932716418
-0.263880591373135
-0.237462690925373
-0.483582107194029
-0.722089580179105
-0.605373133462687
-0.225373123462687
-0.178507460328358
-0.379999991820895
-0.462686562119403
-0.285522387791045
-0.0525373127761195
-0.076567160492537
-0.392238797940298
-0.602238827940298
-0.378805972865672
-0.14029850719403
-0.22985073883582
-0.48477611361194
-0.572238801223881
-0.35328357361194
-0.0602985071940297
-0.134179105104478
-0.504179125104477
-0.591940320925373
-0.395820910179105
-0.286268661373134
-0.42865672122388
-0.657761212567164
-0.688955250477612
-0.48776119480597
-0.44776120480597
-0.766716438686567
-1.02149254301493
-0.938805969880596
-0.690447772268657
-0.597910465850746
-0.75582090361194
-0.885223877044777
-0.651940276149254
-0.311940296149255
-0.392835820626866
-0.758805969880596
-0.979403003611941
-0.857611959283583
-0.582089551970149
-0.50716417883582
-0.715522385104478
-0.805522355104477
-0.570746234358208
-0.427462676895522
-0.58895521674627
-0.845820894955224
-0.887761192567163
-0.659253716895522
-0.477910460328359
-0.689552261074627
-1.00955225107463
-0.959701486
-0.69552237644776
-0.626417923313433
-0.897910467194029
-1.25462686540299
-1.30477612331343
-1.02671644032836
-0.896716440328358
-1.12402985435821
-1.29343283555224
-1.14119402286567
-0.862686560925373
-0.582537313164178
-0.334328360626865
-0.248955234955222
