0.32020000062
0.16900000014
0.274199998819999
0.31299999422
0.26579999502
0.27719999682
0.14180000048
0.2332000003
0.25339999722
0.0880000004999995
0.14700000062
0.0728000008199999
0.0984000034599997
0.16340000054
-0.0386000031800001
0.11220000142
0.0588000040200002
-0.05999999098
0.0928000010999999
-0.06739999178
-0.00199999938000037
0.06320000062
-0.14399999898
0.01800000262
-0.10340000518
-0.0572000023799994
0.0660000006199999
-0.0865999885799998
0.0842000007399995
0.0184000006200008
-0.0958000027799999
0.15580000034
-0.0119999966999992
0.0269999973600006
0.0659999985839999
0.0180000006200001
0.11580000098
0.109200001619999
0.07319999682
0.17040000288
0.0128000006200008
0.0847999972200003
0.0656000005800001
-0.04139999678
0.10040000062
-0.000599999380000299
-0.00859999558000019
0.0678000020799989
-0.11380000198
0.08800000062
0.0564000024399982
0.0200000006199995
0.1403999997
0.00979999881999852
0.0444000010199994
-0.0144000021800012
-0.0574000017799999
0.14160000024
-0.0133999941800013
-0.0293999955800011
0.147200001019999
0.219599998440002
0.0893999993399998
0.20880000062
0.0284000028200013
0.10580000046
0.210000003099999
0.0239999968199999
0.18560000422
0.0821999990199986
0.0664000006199996
0.212799997432
0.0356000026199992
0.11500000062
0.144000000619999
0.0545999992200011
