-0.956086957391304
-0.727391308695652
-0.600000013913043
-0.771304351739131
-0.672173899999999
-0.366956522608696
-0.564347826956522
-0.867391316956522
-0.714347834782609
-0.507391305217392
-0.683043476521739
-0.684347802173913
-0.490869554347826
-0.620434777391304
-0.863478269130434
-0.659130423043478
-0.549130446956522
-0.811739143043478
-0.857826083043478
-0.576086949130435
-0.73217393347826
-1.08739130521739
-1.00304348956522
-0.824347843478261
-1.02043478347826
-1.07260869434783
-0.788260866086957
-0.500000000869566
-0.36000000826087
-0.26000000826087
-0.32999999826087
-0.308695653478261
-0.144347829130435
-0.12869565226087
-0.256956523913044
-0.183478266956522
-0.100434783573913
-0.181739131339131
-0.187826087826087
0.00782608608695645
0.00434782486956553
-0.119130436478261
-0.0421739140434779
0.0899999913043478
0.01347826
0.0113043469565217
0.172608689130434
0.143043469130435
-0.0608695668260871
-0.0739130443478259
0.00695652521739132
-0.0543478253913042
-0.0960869575913044
0.0291304408695655
0.0482608686956525
-0.0717391312086959
-0.0482608677913048
0.0847826078260869
0.0256521728695646
-0.065217393
0.0121739118695656
0.0517391295652173
-0.0217391313043478
0.0265217404347835
0.121739133913043
0.0299999991304361
-0.0291304326956521
0.0691304265217392
0.0139130426086939
-0.213043479130435
-0.295217392173913
-0.224782609565217
-0.282173912608696
-0.332608691304348
-0.27347826173913
-0.330434789999999
