-0.299166666430556
-0.143333332625
-0.34527777226389
-0.293888893930555
-0.326388887819445
-0.353888896708333
-0.380833336986112
-0.418333338375
-0.217222227263889
-0.449166681708333
-0.264166661708334
-0.342222218375
-0.267499994486111
-0.319722227263889
-0.289999999763889
-0.221944444208333
-0.347222227541666
-0.134166666013889
-0.298333333652778
-0.103888888652778
-0.273055550597223
-0.227500000875
-0.182222225263889
-0.120277777541666
-0.0277777777916666
-0.0991666667638892
0.0511111074583334
-0.0572222232638885
0.186111116902778
0.061111116902778
0.160277786069445
0.111666669680556
0.121388879125001
0.249722211902778
0.0827777771805555
0.202777788569445
0.0608333324583334
0.179166651069445
0.138888894402778
0.283333328291666
0.19527777051389
0.101388894402778
0.126111118847222
-0.00527777754166669
0.124166661625
-0.120277778019445
-0.00333333226388857
-0.0155555553194445
0.0494444496805554
0.0308333327361115
0.0583333374583325
0.117222221902777
-0.00999999976388882
0.0813888913472224
-0.131944444402778
0.0416666627361117
0.0363888938472222
0.138888894402778
-0.0177777792083327
-0.227777776430556
-0.0936111111138887
-0.215277775319444
-0.0588888880416666
-0.223055557263889
-0.122777777263889
-0.269999999763888
0.145555550791667
-0.174444444208333
0.0611111069027766
-0.135555550041664
-0.127222223930558
0.0388888916249972
-0.203611108041665
0.00749999645833216
-0.295277772263888
-0.0355555553750001
