0.2306999962
0.274299997600001
0.3683000008
0.497499994
0.4083000054
0.372700002599999
0.244299997
0.2672999984
0.3227000036
0.2286999986
0.2505000014
0.3178999964
0.2562999962
0.320899990999999
0.2502999968
0.228699998
0.297300003
0.1857
0.1755
0.2079000038
0.1188999976
0.205299999
0.1855
0.0921000021799999
0.159299999668
0.0281000000000002
0.0863000002200002
0.0906999999600001
0.0619000001199995
0.0952999999999999
0.00329999620000002
0.0608999977999999
0.0979000000000001
-0.0448999941999996
0.139300000004
0.0922999999920002
0.0410999973000008
0.0859000001399998
0.0331
0.0816999999999998
0.0723000028000007
0.0456999965600003
0.12870000018
0.0851000000000003
0.11429999992
0.1791
0.09910000002
0.2065
0.170899998748
0.16689999944
0.18050000236
0.1265
0.1973000006
0.132899997999998
0.11489999966
0.15789999954
0.0903000001399993
0.1319
0.145100000279999
0.0209000038000001
0.2049
0.117700000040001
0.151699999692
0.243100003
0.14250000006
0.21790000002
0.145699999999999
0.0996999987999996
0.171700001444
0.0568999977999993
0.1259
0.19489999976
-0.0200999962
0.2040999966
0.104500000999999
0.0889000002400019
