0.229084962287582
-0.0628758220326791
0.233790844771242
0.057581694313726
0.354575158888889
0.173137245228758
0.461372543986929
0.421699350392156
0.442418295620916
0.5427450924183
0.443986923071896
0.56150326366013
0.449738561241831
0.630261434575164
0.315359472091503
0.607058820457517
0.333137242810457
0.669934635490196
0.363856201764706
0.655032674705882
0.382026149738562
0.549084973071896
0.368431376666667
0.507647043398693
0.360326785555555
0.403725476797386
0.362941176274511
0.388169929607844
0.532614340849674
0.298496732679739
0.443594760326798
0.277189536535949
0.482941171437909
0.163398689934641
0.383464052745098
0.0911764653267972
0.23980391627451
-0.126993469084968
0.159542480862745
-0.0222875892810442
0.0196731975816995
-0.0369281105228754
0.0947058800653596
-0.0109150377124178
0.117973848342484
0.0137254851633994
0.0779738511764711
0.0574509722352947
0.0567973805882358
0.0929411732026148
0.0194117610457522
0.101111104111111
-0.0548366079084972
0.0603267923529413
-0.101633988431372
0.0367320211385621
-0.162810463856209
0.0713725434901961
-0.16516340633987
0.034575157640523
-0.0914379174509796
0.0298039161372551
0.00803921047058741
0.0565359430915035
-0.175098040379084
-0.0813725526143785
-0.0221568675163375
-0.195490195555556
-0.141633986993464
-0.301503268954248
-0.178627451830065
-0.239803921960785
0.0502614328758169
-0.14013072379085
0.105947707385619
0.0457516289542486
