-0.0149999990196079
0.278921575568628
0.194803923411765
-0.00421568678431364
0.143823528901961
0.0485294112549022
-0.133823529960784
0.0691176460980399
0.0265686247450981
-0.255588235215686
-0.0965686235843143
-0.00264705816078434
-0.318529406392157
-0.258529416392157
-0.0620588240392156
-0.320686281490196
-0.381274510313726
-0.113039216196078
-0.187549018941177
-0.264607836196078
-0.096960783647059
-0.271666670509804
-0.46088233854902
-0.239117645607843
-0.258921573843137
-0.45127452854902
-0.201274505215687
-0.128921574823529
-0.431470593058824
-0.294019615803922
-0.0953921554117648
-0.378529400313726
-0.399705860901961
-0.157745095411765
-0.334215689529413
-0.403039230705882
-0.151862750705882
-0.288725495607843
-0.365196086392157
0.0563725494901966
0.0508823534509808
-0.211666659921569
0.040294117137254
0.0961764700784315
-0.196176478156863
0.0132352936078423
0.232058828509804
-0.00774509786274533
-0.0404901965254905
0.0655882342509807
-0.0993137260000001
-0.019313726666667
0.19833332662745
-0.0206862753529418
-0.047156867529412
0.317549018960783
0.259117646525489
0.078137253572549
0.330098038470587
0.356372548509806
0.174411764196078
0.370882345960783
0.459509801843136
0.221274505960784
0.357941169294117
0.488725504980394
0.20147058372549
0.227745090549019
0.456764686941176
0.194999996098038
0.0673529399215686
0.294803924196078
0.173627447725492
0.0604901955686275
0.367745099882354
0.282843139294116
