-0.0491176415294118
0.211470587058824
-0.0638235247647062
0.100588237647059
0.069411769117646
-0.117058819117647
0.0626470632352941
-0.157058819411765
-0.115882348529412
-0.308529407352941
0.02147059264706
-0.0773529311764702
-0.0808823455882355
0.132647063235294
-0.157941166764706
0.160294117352942
0.0226470635882348
0.165882359705882
0.0379411820588239
-0.222352931176471
0.157647067647059
-0.0882352894705885
0.0905882376470584
-0.024999996376471
0.101470587058823
0.146176476176471
-0.0958823461764705
0.262058824117647
-0.0623529387647061
0.0776470632352934
0.013823532058824
-0.0361764664705884
0.236176468235294
-0.113235284470588
0.261470597176471
0.047647061882352
0.0847058847352936
0.187352945588234
-0.0882352952941176
0.153823538235294
-0.152941171176471
0.135294124117646
0.0535294161764695
-0.0329411715294119
0.155882355882354
-0.166764704411765
0.113529417941176
-0.0370588196176472
0.122941185882352
0.130000002647061
0.0785294164705881
0.419999995882352
0.11176471
0.360588229411764
0.0597058867647046
4.41176412936672E-09
0.213529416647058
-0.0547058801764706
0.26235293235294
-0.0105882317647063
0.178235302058823
0.252647053823528
0.110882352058823
0.278529409117647
-0.0535294070882353
0.17117647882353
-0.0205882307823532
0.0944117691176464
0.127941182647061
-0.0920588191176472
0.246176472352941
-0.0835294073529412
0.0794117644117637
-0.0332352861764681
-0.0644117602941149
0.0888235382352925
