0.774526666666667
0.777826666666667
0.781126666666667
0.784426666666667
0.787726666666667
0.791026666666667
0.794326666666666
0.797626666666667
0.800926666666667
0.806706666666666
0.819306666666666
0.831906666666666
0.844506666666666
0.857106666666666
0.869706666666666
0.882306666666666
0.894906666666666
0.907506666666666
0.911306666666667
0.907406666666667
0.903506666666667
0.899606666666667
0.895706666666667
0.891806666666667
0.887906666666667
0.884006666666668
0.880106666666667
0.875966666666668
0.871766666666667
0.867566666666667
0.863366666666667
0.859166666666667
0.854966666666667
0.850766666666667
0.846566666666667
0.841426666666666
0.823126666666667
0.804826666666666
0.786526666666667
0.768226666666666
0.749926666666667
0.731626666666667
0.713326666666668
0.695026666666666
0.682526666666667
0.681626666666666
0.680726666666667
0.679826666666666
0.678926666666666
0.678026666666666
0.677126666666666
0.676226666666666
0.675326666666667
0.676466666666666
0.678966666666667
0.681466666666666
0.683966666666666
0.686466666666667
0.688966666666667
0.691466666666667
0.693966666666666
0.696466666666667
0.705986666666667
0.716586666666667
0.727186666666667
0.737786666666667
0.748386666666667
0.758986666666667
0.769586666666667
0.780186666666666
0.789946666666667
0.794246666666667
0.798546666666668
0.802846666666666
0.807146666666666
0.811446666666667
0.815746666666667
0.820046666666667
0.824346666666667
0.825126666666667
0.820626666666668
0.816126666666668
0.811626666666667
0.807126666666667
0.802626666666667
0.798126666666667
0.793626666666667
0.789126666666666
0.785026666666667
0.781126666666666
0.777226666666667
0.773326666666666
0.769426666666667
0.765526666666667
0.761626666666667
0.757726666666667
0.753826666666667
0.761406666666667
0.769806666666667
0.778206666666666
0.786606666666666
0.795006666666667
0.803406666666666
0.811806666666667
0.820206666666667
0.828626666666667
0.837126666666667
0.845626666666667
0.854126666666667
0.862626666666666
0.871126666666667
0.879626666666667
0.888126666666667
0.896626666666667
0.89962
0.896319999999999
0.89302
0.889720000000001
0.886420000000001
0.883120000000001
0.87982
0.87652
0.87322
0.867206666666667
0.860206666666667
0.853206666666667
0.846206666666668
0.839206666666666
0.832206666666667
0.825206666666668
0.818206666666666
0.811206666666667
0.802206666666667
0.793206666666667
0.784206666666667
0.775206666666667
0.766206666666668
0.757206666666667
0.748206666666667
0.739206666666667
0.735006666666668
0.744006666666666
0.753006666666666
0.762006666666667
0.771006666666667
0.780006666666667
0.789006666666667
0.798006666666668
0.807006666666667
0.812913333333334
0.816113333333334
0.819313333333333
0.822513333333334
0.825713333333333
0.828913333333334
0.832113333333334
0.835313333333334
0.838513333333334
0.843313333333333
0.848513333333333
0.853713333333334
0.858913333333333
0.864113333333333
0.869313333333333
0.874513333333334
0.879713333333333
0.884813333333334
0.888513333333334
0.892213333333334
0.895913333333334
0.899613333333333
0.903313333333333
0.907013333333333
0.910713333333333
0.914413333333334
0.916013333333334
0.913413333333334
0.910813333333334
0.908213333333333
0.905613333333334
0.903013333333334
0.900413333333334
0.897813333333333
0.895213333333334
0.896153333333333
0.899453333333333
0.902753333333334
0.906053333333333
0.909353333333334
0.912653333333333
0.915953333333333
0.919253333333333
0.922553333333333
0.9171
0.9103
0.9035
0.8967
0.8899
0.8831
0.8763
0.8695
0.862433333333333
0.853633333333333
0.844833333333333
0.836033333333334
0.827233333333334
0.818433333333333
0.809633333333333
0.800833333333334
0.792033333333334
0.789873333333333
0.797673333333333
0.805473333333334
0.813273333333334
0.821073333333333
0.828873333333334
0.836673333333334
0.844473333333334
0.852273333333334
0.85494
0.85504
0.85514
0.855240000000001
0.855340000000001
0.855440000000001
0.85554
0.85564
0.85574
0.856866666666667
0.858066666666667
0.859266666666667
0.860466666666667
0.861666666666667
0.862866666666666
0.864066666666667
0.865266666666667
0.866626666666667
0.868626666666667
0.870626666666667
0.872626666666667
0.874626666666667
0.876626666666667
0.878626666666667
0.880626666666667
0.882626666666667
0.876786666666666
0.861986666666666
0.847186666666667
0.832386666666667
0.817586666666667
0.802786666666667
0.787986666666667
0.773186666666666
0.758386666666666
0.75092
0.74612
0.74132
0.736520000000001
0.73172
0.72692
0.72212
0.717320000000001
