0.825737016574586
0.824766850828729
0.822486740331492
0.81577182320442
0.820636464088398
0.821459668508287
0.81987955801105
0.809941436464088
0.812833701657458
0.811819337016575
0.813050828729282
0.812190607734807
0.813113812154696
0.804708839779005
0.807032044198895
0.805872928176795
0.801053591160221
0.803374585635359
0.801662983425414
0.800839226519337
0.802273480662983
0.80806408839779
0.806892817679558
0.805905524861878
0.800998895027624
0.798027624309392
0.790692817679558
0.784681215469613
0.779711049723757
0.77817679558011
0.768007182320442
0.769704972375691
0.776152486187845
0.769229281767956
0.768846961325967
0.770270718232044
0.775088950276243
0.776458563535911
0.771642541436464
0.772981215469613
0.770269060773481
0.765749723756906
0.763188950276243
0.771650828729282
0.774183425414365
0.778304419889503
0.785402762430939
0.785004419889503
0.778623756906077
0.775616022099447
0.774393370165746
0.777338121546961
0.784545856353591
0.784045856353591
0.782995027624309
0.777792817679558
0.776819337016575
0.775895580110497
0.774708287292818
0.772898342541436
0.768748066298343
0.770239226519337
0.770029281767956
0.773025414364641
0.773074585635359
0.771709392265193
0.778267403314917
0.782849723756906
0.781585082872928
0.779856906077348
0.782741436464088
0.782133149171271
0.77836408839779
0.777837016574586
0.775318232044199
0.77547955801105
0.776411602209945
0.780711049723757
0.777679005524862
0.777913812154696
0.77675635359116
0.781849171270718
0.781280110497238
0.778590055248619
0.777664640883978
0.778580110497238
0.780350828729282
0.779950828729282
0.78275635359116
0.789335359116022
0.789833149171271
0.788912154696133
0.788206077348066
0.788321546961326
0.799341436464089
0.797263535911602
0.792593370165746
0.789569060773481
0.790446961325967
0.790945303867403
0.790165745856354
0.793018232044199
0.790908287292818
0.789416574585635
0.78486408839779
0.777436464088398
0.783849171270718
0.786317679558011
0.788546408839779
0.785419337016575
0.788550828729282
0.789491160220994
0.791282320441989
0.794191712707182
0.79217679558011
0.792092817679558
0.792697237569061
0.794744751381215
0.797752486187845
0.79792320441989
0.797583425414365
0.796123756906077
0.793372375690608
0.793666850828729
0.79011546961326
0.79097182320442
0.793314364640884
0.79579226519337
0.794155248618785
0.793445856353591
0.794153591160221
0.792661325966851
0.794557458563536
0.794331491712707
0.795134806629834
0.79652044198895
0.796471270718232
0.794718232044199
0.795198895027624
0.795602762430939
0.79724364640884
0.80191270718232
0.803086740331492
0.799162983425414
0.796120994475138
0.794538121546961
0.794828729281768
0.79654861878453
0.799138674033149
0.801082320441989
0.80052817679558
0.799370718232044
0.803283977900553
0.802013812154696
0.795509392265193
0.784230386740332
0.779586740331492
0.777501657458564
0.782278453038674
0.784203314917127
0.786417127071823
0.784322099447514
0.779625414364641
0.771573480662983
0.772109944751381
0.77294861878453
0.769193370165746
0.773002762430939
0.777595027624309
0.776907182320442
0.78208453038674
0.778703314917127
0.781144198895028
0.777236464088398
0.778477348066298
0.777601657458563
0.778582320441989
0.778564640883978
0.777945303867403
0.776397237569061
0.779186187845304
0.776586187845304
0.773054696132597
0.775067403314917
0.772854696132597
0.771122099447514
0.767570165745856
0.768062430939227
0.768745303867403
0.773750276243094
0.777126519337017
0.780974585635359
0.781532596685083
0.782359668508287
0.781113812154696
0.781182320441989
0.781505524861878
0.782795580110497
0.786448066298343
0.784654696132597
0.781240331491713
0.774538121546961
0.77078453038674
0.76975635359116
0.774544198895028
0.773861325966851
0.774550276243094
0.776881767955801
0.777539779005525
0.778965745856354
0.783250828729282
0.78012044198895
0.779121546961326
0.780680662983425
0.78262320441989
0.781149171270718
0.782459116022099
0.782880662983426
0.785989502762431
0.784053038674033
0.784114364640884
0.784159668508287
0.786682320441989
0.786923204419889
0.7881
0.788191712707182
0.789034806629834
0.791834254143646
0.794808287292817
0.796273480662983
0.795297790055249
0.796114364640884
0.797803867403315
0.798588950276243
0.80329226519337
0.806799447513812
0.806174033149171
0.805435359116022
0.81167955801105
0.810489502762431
0.802528729281768
0.79387182320442
0.799078453038674
0.799103867403315
0.797082872928177
0.796123756906077
0.795111602209945
0.794693370165746
0.798507182320442
0.799594475138122
0.799311049723757
0.795732596685083
0.798014364640884
0.800874033149171
0.806347513812155
0.806067955801105
0.808944198895028
0.810532044198895
0.811463535911602
0.811706629834254
0.817350276243094
0.822453038674033
