0.564997142857143
0.570097142857143
0.575197142857143
0.580297142857143
0.596454285714286
0.644554285714285
0.692654285714285
0.740754285714286
0.758974285714286
0.748974285714286
0.738974285714285
0.728974285714286
0.703391428571429
0.673191428571428
0.642991428571429
0.614277142857143
0.636077142857143
0.657877142857143
0.679677142857142
0.698248571428571
0.708748571428572
0.719248571428571
0.729748571428572
0.731562857142857
0.726062857142857
0.720562857142857
0.715062857142857
0.691002857142857
0.662302857142857
0.633602857142857
0.606548571428571
0.606648571428571
0.606748571428571
0.606848571428571
0.602234285714286
0.587334285714285
0.572434285714286
0.557534285714285
0.532862857142857
0.500862857142857
0.468862857142856
0.436862857142857
0.425411428571428
0.418211428571428
0.411011428571428
0.406605714285714
0.432005714285714
0.457405714285714
0.482805714285714
0.515714285714285
0.563014285714285
0.610314285714286
0.657614285714285
0.666394285714285
0.649494285714285
0.632594285714286
0.615694285714286
0.624851428571428
0.638351428571429
0.651851428571428
0.661854285714285
0.644754285714285
0.627654285714285
0.610554285714285
0.608645714285714
0.632445714285714
0.656245714285714
0.680045714285714
0.679331428571429
0.664131428571429
0.648931428571429
0.633731428571428
0.631462857142857
0.630862857142857
0.630262857142857
0.63182
0.64632
0.66082
0.675319999999999
0.67846
0.66456
0.65066
0.63676
0.623254285714286
0.609954285714285
0.596654285714285
0.583354285714285
0.563562857142857
0.543162857142857
0.522762857142857
0.50886
0.52636
0.54386
0.56136
0.567245714285714
0.557645714285714
0.548045714285714
0.538445714285714
0.534742857142857
0.533742857142857
0.532742857142857
0.531742857142857
0.529705714285714
0.527605714285714
0.525505714285714
0.522025714285714
0.513025714285714
0.504025714285714
0.495025714285714
0.482597142857143
0.466097142857143
0.449597142857143
0.433097142857143
0.43724
0.44964
0.46204
0.47444
0.486354285714286
0.498254285714286
0.510154285714286
0.519997142857143
0.522897142857143
0.525797142857143
0.528697142857143
0.532374285714286
0.536874285714286
0.541374285714286
0.545874285714286
0.552157142857143
0.559057142857143
0.565957142857143
0.572857142857143
0.563757142857143
0.554657142857143
0.545557142857143
0.53692
0.52962
0.52232
0.51502
0.51384
0.51844
0.52304
0.52764
0.527765714285714
0.526565714285714
0.525365714285714
0.524197142857143
0.524097142857143
0.523997142857143
0.523897142857143
0.525682857142857
0.532182857142857
0.538682857142857
0.545182857142857
0.551737142857143
0.558337142857143
0.564937142857143
0.571537142857143
0.576297142857143
0.580597142857142
0.584897142857143
0.588671428571428
0.583771428571428
0.578871428571428
0.573971428571428
0.571145714285714
0.572845714285714
0.574545714285714
0.576245714285714
0.583488571428571
0.594888571428571
0.606288571428571
0.617688571428571
0.619642857142857
0.619642857142857
0.619642857142857
0.622188571428571
0.651888571428571
0.681588571428572
0.711288571428571
0.73252
0.73752
0.74252
0.74752
0.73824
0.71944
0.70064
0.68184
0.675811428571429
0.671911428571428
0.668011428571428
0.664762857142857
0.666562857142857
0.668362857142857
0.670162857142857
0.669028571428571
0.662928571428571
0.656828571428572
0.650728571428571
0.65456
0.66426
0.67396
0.68366
0.688577142857143
0.692877142857143
0.697177142857143
0.701062857142857
0.702462857142857
0.703862857142857
0.705262857142857
0.707702857142857
0.711702857142857
0.715702857142857
0.719702857142857
0.730471428571428
0.744771428571428
0.759071428571428
0.773371428571428
0.775785714285714
0.777085714285714
0.778385714285714
0.78116
0.79106
0.80096
0.81086
0.80936
0.79266
0.77596
0.75926
0.754971428571429
0.756371428571428
0.757771428571428
0.759171428571428
0.744071428571428
0.727971428571429
0.711871428571429
0.696331428571428
0.683031428571428
0.669731428571428
0.656431428571429
0.647428571428571
0.643528571428571
0.639628571428571
0.635728571428571
0.623471428571428
0.607871428571429
0.592271428571429
0.576671428571428
0.590797142857143
0.605797142857143
0.620797142857143
0.634174285714286
0.642074285714286
0.649974285714286
0.657874285714286
0.651785714285714
0.630885714285714
0.609985714285714
0.589085714285715
0.578882857142857
0.572382857142857
0.565882857142856
