0.754488
0.757688
0.760508
0.762208
0.7633
0.7638
0.762476
0.760548
0.756548
0.754414666666667
0.757414666666667
0.759166666666667
0.759766666666667
0.757814666666667
0.755066666666667
0.750566666666666
0.747382666666667
0.747582666666667
0.749116
0.751816
0.750032
0.74726
0.74996
0.752337333333333
0.753937333333333
0.756576
0.760076
0.761176
0.761788
0.764388
0.766528
0.767628
0.767104
0.765304
0.766676
0.768736
0.770236
0.77148
0.77218
0.772708
0.773108
0.772598666666667
0.771834666666667
0.770334666666667
0.768401333333333
0.765601333333333
0.764033333333333
0.763333333333333
0.764397333333333
0.765890666666667
0.768290666666667
0.76972
0.76932
0.76976
0.77076
0.77176
0.772621333333333
0.772321333333333
0.774145333333333
0.779745333333333
0.783505333333333
0.786105333333333
0.785845333333333
0.785217333333333
0.785117333333333
0.784196
0.781896
0.783042666666667
0.786242666666667
0.784866666666667
0.78352
0.78642
0.78758
0.78598
0.784892
0.784092
0.785614666666667
0.787312
0.788412
0.789192
0.789492
0.790706666666667
0.792406666666667
0.791477333333333
0.790645333333333
0.791745333333333
0.79392
0.79762
0.799053333333333
0.799353333333333
0.799745333333333
0.800110666666667
0.800310666666667
0.800425333333333
0.800425333333333
0.800561333333333
0.800761333333334
0.798814666666667
0.796864
0.795564
0.79378
0.79138
0.789465333333333
0.787765333333333
0.791461333333333
0.794981333333333
0.796581333333333
0.799269333333333
0.803269333333333
0.805008
0.805808
0.805168
0.804041333333333
0.801341333333333
0.800601333333333
0.802101333333333
0.802089333333333
0.801489333333333
0.80196
0.802165333333333
0.801365333333334
0.798165333333333
0.792365333333333
0.794632
0.799832
0.802664
0.804816
0.804916
0.805854666666667
0.807654666666667
0.809753333333333
0.811953333333333
0.810353333333333
0.810273333333333
0.814673333333333
0.817198666666667
0.817898666666667
0.819966666666667
0.822485333333333
0.826385333333334
0.829325333333333
0.829625333333333
0.828001333333333
0.824601333333333
0.822748
0.821457333333333
0.824157333333333
0.826773333333333
0.829173333333333
0.8288
0.826
0.8232
0.820452
0.818952
0.819593333333333
0.825393333333333
0.827476
0.826476
0.826436
0.826817333333333
0.830417333333333
0.831349333333333
0.826249333333334
0.821989333333333
0.818389333333333
0.81788
0.818146666666667
0.819346666666667
0.820258666666667
0.820558666666667
0.821546666666667
0.823046666666667
0.825621333333333
0.828189333333333
0.828089333333333
0.826689333333333
0.822689333333333
0.821798666666667
0.823098666666667
0.824818666666667
0.826394666666667
0.825794666666667
0.82464
0.82244
0.81814
0.81244
0.806398666666667
0.801237333333333
0.803937333333333
0.804621333333333
0.801721333333334
0.801397333333333
0.802697333333333
0.805730666666667
0.808070666666667
0.803370666666667
0.799081333333333
0.795481333333333
0.795202666666667
0.796902666666667
0.800010666666667
0.802804
0.802304
0.801572
0.800472
0.800588
0.801388
0.802724
0.804036
0.804836
0.804916
0.803916
0.804092
0.804892
0.804785333333333
0.804649333333333
0.804849333333334
0.805297333333334
0.806097333333333
0.807830666666667
0.810030666666667
0.811126666666667
0.812126666666667
0.813126666666667
0.814126666666667
0.815126666666667
0.813610666666667
0.810910666666666
0.808584
0.806396
0.804696
0.803392
0.802592
0.801029333333333
0.799129333333333
0.79988
0.80102
0.80312
0.802137333333333
0.797437333333333
0.792242666666667
0.786842666666667
0.787106666666667
0.786838666666667
0.783738666666666
0.782085333333333
0.782085333333333
0.781077333333333
0.779677333333334
0.778666666666667
0.778573333333333
0.781573333333333
0.783229333333333
0.783429333333334
0.783409333333334
0.783309333333333
0.782716
0.781564
0.778664
0.773790666666666
0.766890666666667
0.763276
