0.781284
0.779984
0.778683999999999
0.777384
0.776083999999999
0.774784000000001
0.773484
0.772184
0.770884
0.769584000000001
0.768284000000001
0.766984
0.765684
0.764383999999999
0.763083999999999
0.761783999999998
0.760484
0.759183999999999
0.757883999999999
0.756583999999999
0.755284
0.753915999999999
0.750915999999999
0.747915999999999
0.744915999999999
0.741915999999999
0.738915999999999
0.735916
0.732915999999999
0.729915999999999
0.726915999999999
0.723915999999999
0.723267999999999
0.724467999999999
0.725667999999999
0.726868000000001
0.728067999999999
0.729267999999999
0.730468
0.731668000000001
0.732868000000001
0.734068000000001
0.735132
0.734632
0.734131999999999
0.733631999999999
0.733132
0.732631999999999
0.732132
0.731631999999999
0.731132
0.730632
0.730131999999999
0.729511999999999
0.728811999999999
0.728111999999999
0.727411999999998
0.726711999999999
0.726012
0.725312
0.724611999999999
0.723911999999999
0.723212
0.722619999999999
0.72282
0.723019999999999
0.723219999999999
0.723420000000001
0.72362
0.723819999999999
0.72402
0.724219999999999
0.72442
0.724619999999999
0.724628000000001
0.724528
0.724428
0.724328
0.724228000000001
0.724128
0.724028
0.723927999999999
0.723827999999999
0.723728
0.723308000000001
0.721208000000001
0.719108
0.717008
0.714908
0.712807999999999
0.710707999999998
0.708608
0.706507999999999
0.704407999999999
0.702307999999999
0.700819999999999
0.699619999999999
0.698419999999999
0.697219999999999
0.69602
0.694819999999999
0.69362
0.692419999999999
0.69122
0.69002
0.688759999999999
0.68726
0.685759999999999
0.684259999999999
0.68276
0.681260000000001
0.679759999999999
0.67826
0.67676
0.675259999999999
0.673759999999999
0.676004
0.679704
0.683404
0.687104
0.690804
0.694503999999999
0.698203999999999
0.701903999999999
0.705603999999999
0.709303999999999
0.710196
0.702195999999999
0.694196
0.686196
0.678195999999999
0.670195999999999
0.662196
0.654196
0.646196
0.638196
0.630196
0.62896
0.62986
0.630760000000001
0.631660000000001
0.632560000000001
0.63346
0.634359999999999
0.635259999999999
0.63616
0.637059999999999
0.638855999999999
0.642955999999999
0.647055999999999
0.651156
0.655256
0.659355999999999
0.663455999999999
0.667555999999999
0.671655999999999
0.675755999999999
0.679855999999999
0.680355999999999
0.679955999999999
0.679555999999999
0.679155999999999
0.678756
0.678355999999999
0.677956
0.677556
0.677156
0.676755999999998
0.676836
0.677936
0.679036
0.680136
0.681235999999999
0.682336
0.683435999999999
0.684535999999999
0.685636
0.686736
0.687836
0.689439999999999
0.691139999999999
0.69284
0.69454
0.69624
0.69794
0.69964
0.70134
0.70304
0.70474
0.705972
0.706372
0.706772
0.707172
0.707571999999999
0.707972
0.708371999999999
0.708772
0.709171999999999
0.709571999999999
0.709971999999999
0.710196
0.710395999999999
0.710596
0.710795999999999
0.710995999999999
0.711195999999999
0.711395999999999
0.711595999999999
0.711795999999999
0.711995999999999
0.713555999999999
0.717155999999999
0.720755999999999
0.724355999999999
0.727955999999998
0.731556
0.735155999999999
0.738756
0.742355999999999
0.745956
0.749555999999999
0.75196
0.754259999999999
0.756559999999999
0.75886
0.76116
0.763459999999999
0.765759999999998
0.768059999999999
0.770359999999999
0.772659999999998
0.778391999999999
0.788491999999999
0.798591999999999
0.808691999999999
0.818791999999998
0.828892
0.838991999999999
0.849092
0.859191999999999
0.869291999999999
0.879391999999999
0.882484
0.885284
0.888084
0.890883999999999
0.893684
0.896483999999999
0.899283999999999
0.902083999999999
0.904883999999999
0.907684
0.90986
0.91136
0.91286
0.91436
0.915859999999999
0.91736
0.91886
0.92036
0.921860000000001
0.92336
