0.745638317757009
0.749038317757009
0.747861682242991
0.748945794392523
0.752095327102804
0.753916822429907
0.759416822429907
0.763423364485981
0.766830841121495
0.767064485981308
0.763282242990654
0.759182242990654
0.763521495327103
0.760829906542056
0.759878504672897
0.762416822429906
0.764328971962617
0.760928971962617
0.758302803738318
0.756628971962617
0.753455140186916
0.749922429906542
0.757122429906542
0.751134579439252
0.747292523364486
0.746397196261682
0.746875700934579
0.74662523364486
0.75422523364486
0.75282523364486
0.755153271028038
0.757556074766355
0.755932710280374
0.759632710280374
0.757480373831776
0.756851401869159
0.756703738317757
0.755544859813084
0.752354205607477
0.749354205607477
0.741748598130841
0.735780373831776
0.73307570093458
0.732920560747663
0.733020560747664
0.734138317757009
0.734006542056075
0.734402803738318
0.736179439252336
0.738499065420561
0.741499065420561
0.73871214953271
0.736192523364486
0.735034579439252
0.734370093457944
0.735270093457944
0.73988691588785
0.745159813084112
0.746346728971963
0.742523364485981
0.738634579439252
0.735934579439252
0.733391588785047
0.734648598130841
0.737031775700935
0.735865420560748
0.734965420560748
0.732822429906542
0.732114953271028
0.734103738317757
0.738159813084112
0.740959813084112
0.736726168224299
0.736334579439252
0.736863551401869
0.736941121495327
0.736718691588785
0.738218691588785
0.736763551401869
0.737958878504673
0.740690654205607
0.742444859813084
0.741144859813084
0.740136448598131
0.741528971962617
0.74194953271028
0.739852336448598
0.736444859813084
0.742844859813084
0.742951401869159
0.742014018691589
0.741676635514019
0.741768224299065
0.739968224299066
0.740456074766355
0.740691588785047
0.740034579439252
0.738438317757009
0.73634953271028
0.73444953271028
0.730220560747664
0.727768224299065
0.726806542056075
0.726700934579439
0.730800934579439
0.733499065420561
0.736241121495327
0.738895327102804
0.741028971962617
0.742256074766355
0.746756074766355
0.753695327102804
0.755484112149533
0.753065420560748
0.750910280373832
0.752710280373832
0.754418691588785
0.75501214953271
0.754738317757009
0.753819626168224
0.75226261682243
0.75296261682243
0.753583177570093
0.755095327102804
0.756361682242991
0.755594392523364
0.752894392523364
0.751360747663551
0.752383177570094
0.754807476635514
0.756991588785047
0.757391588785047
0.758491588785047
0.761918691588785
0.764309345794393
0.764622429906542
0.76316261682243
0.75856261682243
0.761429906542056
0.763694392523365
0.765309345794392
0.767147663551402
0.768747663551402
0.770053271028037
0.774078504672897
0.777540186915888
0.778444859813084
0.776554205607477
0.775854205607477
0.777905607476635
0.777609345794393
0.77702523364486
0.778418691588785
0.780218691588785
0.777975700934579
0.776314018691589
0.776661682242991
0.780255140186916
0.787042056074766
0.783642056074766
0.787055140186916
0.789411214953271
0.788230841121495
0.785193457943925
0.788893457943925
0.792027102803738
0.794263551401869
0.796114018691589
0.797453271028038
0.797595327102804
0.798595327102804
0.795154205607477
0.79224953271028
0.791246728971963
0.791028971962617
0.786728971962617
0.790015887850467
0.79342523364486
0.793717757009346
0.792508411214953
0.796126168224299
0.793426168224299
0.791369158878505
0.793235514018692
0.797764485981309
0.801745794392523
0.802945794392523
0.804236448598131
0.804990654205608
0.807093457943925
0.809668224299065
0.807609345794392
0.809909345794392
0.808519626168224
0.808530841121495
0.810161682242991
0.811093457943925
0.810693457943925
0.811092523364486
0.809004672897196
0.804594392523365
0.800227102803738
0.800727102803738
0.800335514018692
0.797789719626168
0.797028971962617
0.798519626168224
0.800606542056075
0.804506542056075
0.805451401869159
0.806015887850467
0.807372897196262
0.808928971962617
0.807028971962617
0.802601869158879
0.79877476635514
0.795593457943925
0.795275700934579
0.800282242990654
0.799182242990654
0.799102803738318
0.795696261682243
0.794094392523365
0.797690654205607
0.798490654205608
0.795382242990654
0.79448785046729
0.794790654205607
0.795278504672897
0.795590654205607
0.797790654205607
0.798576635514019
0.797557943925234
0.795902803738318
0.794723364485981
0.793123364485981
0.791990654205608
0.788830841121495
0.786920560747663
0.787927102803738
0.79112523364486
0.79942523364486
0.801220560747664
0.802639252336449
0.805021495327103
0.806670093457944
0.801870093457944
0.802931775700935
0.801972897196262
0.797910280373832
0.792242056074766
0.788745794392523
0.795945794392523
0.798458878504673
0.796509345794392
0.794841121495327
0.797842990654206
0.797242990654206
0.7944
0.793789719626168
0.793851401869159
0.790111214953271
