0.886435483870967
0.879935483870968
0.873435483870968
0.866935483870968
0.860435483870968
0.853935483870969
0.847435483870969
0.840935483870967
0.834435483870967
0.831170967741936
0.830570967741936
0.829970967741935
0.829370967741936
0.828770967741936
0.828170967741935
0.827570967741935
0.826970967741935
0.827145161290322
0.834545161290323
0.841945161290322
0.849345161290322
0.856745161290323
0.864145161290322
0.871545161290322
0.878945161290323
0.886345161290323
0.890454838709678
0.892754838709678
0.895054838709678
0.897354838709678
0.899654838709678
0.901954838709678
0.904254838709678
0.906554838709678
0.908932258064517
0.911632258064516
0.914332258064516
0.917032258064517
0.919732258064516
0.922432258064515
0.925132258064516
0.927832258064516
0.930532258064515
0.935977419354838
0.942377419354838
0.948777419354839
0.955177419354839
0.961577419354839
0.967977419354839
0.974377419354838
0.980777419354838
0.984187096774194
0.980287096774193
0.976387096774193
0.972487096774194
0.968587096774193
0.964687096774194
0.960787096774193
0.956887096774194
0.952987096774193
0.953364516129032
0.954564516129032
0.955764516129032
0.956964516129032
0.958164516129032
0.959364516129032
0.960564516129032
0.961764516129032
0.965596774193548
0.973596774193548
0.981596774193549
0.989596774193548
0.997596774193548
1.00559677419355
1.01359677419355
1.02159677419355
1.02959677419355
1.02927096774194
1.02837096774194
1.02747096774193
1.02657096774194
1.02567096774193
1.02477096774194
1.02387096774193
1.02297096774194
1.01790967741935
1.00840967741935
0.998909677419355
0.989409677419355
0.979909677419355
0.970409677419354
0.960909677419356
0.951409677419355
0.942464516129033
0.950164516129033
0.957864516129032
0.965564516129032
0.973264516129032
0.980964516129032
0.988664516129032
0.996364516129032
1.00406451612903
1.00804838709677
1.00934838709677
1.01064838709677
1.01194838709677
1.01324838709677
1.01454838709677
1.01584838709677
1.01714838709677
1.01799677419355
1.01579677419355
1.01359677419355
1.01139677419355
1.00919677419355
1.00699677419355
1.00479677419355
1.00259677419355
1.00039677419355
0.993996774193548
0.985596774193549
0.977196774193548
0.968796774193548
0.960396774193548
0.951996774193548
0.943596774193548
0.935196774193549
0.929596774193548
0.933596774193548
0.937596774193548
0.941596774193548
0.945596774193548
0.949596774193548
0.953596774193548
0.957596774193548
0.961596774193549
0.951738709677419
0.93783870967742
0.923938709677419
0.910038709677419
0.89613870967742
0.882238709677419
0.868338709677419
0.854438709677419
0.842474193548386
0.834574193548387
0.826674193548386
0.818774193548387
0.810874193548387
0.802974193548387
0.795074193548387
0.787174193548387
0.779274193548388
0.774422580645162
0.770022580645162
0.765622580645162
0.761222580645161
0.756822580645161
0.752422580645162
0.748022580645161
0.743622580645161
0.746393548387096
0.759093548387096
0.771793548387097
0.784493548387097
0.797193548387097
0.809893548387097
0.822593548387097
0.835293548387096
0.847993548387096
0.835532258064516
0.822232258064517
0.808932258064515
0.795632258064516
0.782332258064517
0.769032258064516
0.755732258064517
0.742432258064516
0.739196774193549
0.745396774193549
0.751596774193549
0.757796774193549
0.763996774193549
0.770196774193548
0.776396774193548
0.782596774193549
0.78864193548387
0.792441935483871
0.796241935483871
0.800041935483871
0.803841935483871
0.80764193548387
0.811441935483871
0.81524193548387
0.819041935483871
0.819716129032257
0.818416129032258
0.817116129032258
0.815816129032258
0.814516129032257
0.813216129032257
0.811916129032257
0.810616129032258
0.809929032258064
0.812429032258064
0.814929032258064
0.817429032258065
0.819929032258064
0.822429032258064
0.824929032258064
0.827429032258065
0.829929032258065
0.82888064516129
0.82638064516129
0.82388064516129
0.821380645161291
0.81888064516129
0.81638064516129
0.81388064516129
0.81138064516129
0.8103
0.8133
0.8163
0.8193
0.8223
0.8253
0.8283
0.831299999999999
0.8343
0.832219354838709
0.82891935483871
0.82561935483871
0.82231935483871
0.81901935483871
0.81571935483871
0.81241935483871
0.80911935483871
0.80833870967742
0.812138709677419
0.815938709677419
0.819738709677419
0.823538709677419
0.82733870967742
0.83113870967742
0.83493870967742
0.838738709677419
0.84271935483871
0.84671935483871
0.850719354838709
0.854719354838711
0.85871935483871
0.86271935483871
0.86671935483871
0.870719354838709
0.878332258064517
0.890332258064516
0.902332258064516
0.914332258064517
0.926332258064517
0.938332258064517
0.950332258064516
0.962332258064516
