1.09069166666667
1.08439166666667
1.07809166666667
1.07179166666667
1.06798333333333
1.06858333333333
1.06918333333333
1.06978333333333
1.06554444444444
1.05944444444444
1.05334444444444
1.04749444444444
1.04439444444444
1.04129444444444
1.03819444444444
1.02385
0.99545
0.96705
0.93865
0.930388888888889
0.926988888888889
0.923588888888889
0.919855555555555
0.914455555555556
0.909055555555556
0.903655555555556
0.895616666666666
0.885216666666667
0.874816666666667
0.864416666666667
0.811616666666667
0.753516666666667
0.695416666666667
0.647541666666667
0.630341666666667
0.613141666666666
0.595941666666667
0.581002777777778
0.567502777777778
0.554002777777778
0.540502777777777
0.504641666666667
0.468141666666667
0.431641666666667
0.409008333333333
0.414108333333333
0.419208333333334
0.424308333333333
0.459269444444445
0.507369444444444
0.555469444444445
0.600341666666667
0.590341666666667
0.580341666666667
0.570341666666667
0.551925
0.521725
0.491525
0.461325
0.471569444444444
0.493369444444444
0.515169444444444
0.5354
0.5459
0.5564
0.5669
0.5694
0.5639
0.5584
0.5529
0.527422222222222
0.498722222222223
0.470022222222222
0.447722222222222
0.447822222222222
0.447922222222222
0.448022222222222
0.439372222222222
0.424472222222223
0.409572222222222
0.394672222222222
0.363622222222222
0.331622222222223
0.299622222222222
0.2752
0.268
0.2608
0.2536
0.268133333333334
0.293533333333333
0.318933333333333
0.344941666666667
0.392241666666667
0.439541666666666
0.486841666666666
0.509175
0.492275
0.475375
0.458475
0.464375
0.477875
0.491375
0.501475
0.484375
0.467275
0.450175
0.452388888888889
0.476188888888889
0.499988888888889
0.523788888888889
0.515088888888889
0.499888888888889
0.484688888888889
0.472327777777778
0.471727777777778
0.471127777777778
0.470527777777778
0.478316666666667
0.492816666666666
0.507316666666666
0.521816666666667
0.510283333333333
0.496383333333333
0.482483333333333
0.46875
0.45545
0.44215
0.42885
0.411013888888889
0.390613888888889
0.370213888888889
0.349813888888889
0.367313888888889
0.384813888888889
0.402313888888889
0.410027777777778
0.400427777777778
0.390827777777778
0.381227777777778
0.377838888888889
0.376838888888889
0.375838888888889
0.374747222222222
0.372647222222222
0.370547222222222
0.368447222222222
0.363280555555556
0.354280555555556
0.345280555555555
0.336280555555556
0.321238888888889
0.304738888888889
0.288238888888889
0.276555555555556
0.288955555555556
0.301355555555555
0.313755555555556
0.325891666666667
0.337791666666667
0.349691666666667
0.361591666666667
0.365491666666667
0.368391666666667
0.371291666666667
0.374591666666667
0.379091666666667
0.383591666666667
0.388091666666667
0.394058333333333
0.400958333333333
0.407858333333333
0.414758333333334
0.406102777777778
0.397002777777778
0.387902777777778
0.379402777777778
0.372102777777778
0.364802777777778
0.357502777777778
0.358466666666667
0.363066666666667
0.367666666666666
0.371944444444445
0.370744444444445
0.369544444444445
0.368344444444445
0.367602777777778
0.367502777777778
0.367402777777778
0.367302777777778
0.372336111111111
0.378836111111111
0.385336111111111
0.39185
0.39845
0.40505
0.41165
0.4171
0.4214
0.4257
0.43
0.426377777777777
0.421477777777778
0.416577777777778
0.413144444444444
0.414844444444444
0.416544444444444
0.418244444444445
0.425602777777778
0.437002777777777
0.448402777777778
0.459802777777778
0.460436111111111
0.460436111111111
0.460436111111111
0.469511111111111
0.499211111111111
0.528911111111111
0.558611111111111
0.571844444444445
0.576844444444444
0.581844444444444
0.586183333333333
0.567383333333333
0.548583333333333
0.529783333333333
0.516777777777778
0.512877777777778
0.508977777777778
0.505077777777777
0.505452777777778
0.507252777777778
0.509052777777778
0.509975
0.503875
0.497775
0.491675
0.493036111111111
0.502736111111111
0.512436111111111
0.522136111111112
0.527336111111111
0.531636111111111
0.535936111111111
0.539672222222222
0.541072222222222
0.542472222222222
0.543872222222222
0.546716666666667
0.550716666666667
0.554716666666667
0.558716666666667
0.572158333333333
0.586458333333333
0.600758333333333
0.611447222222222
0.612747222222222
0.614047222222223
0.615347222222223
0.622141666666667
0.632041666666667
0.641941666666667
