0.798700413223141
0.798200413223141
0.79770041322314
0.79678305785124
0.79578305785124
0.798397933884297
0.802797933884297
0.802912809917355
0.798812809917355
0.796813636363636
0.798913636363636
0.800649173553719
0.800649173553719
0.800706198347108
0.807606198347107
0.814506198347107
0.816011157024793
0.816511157024793
0.815045867768595
0.812645867768595
0.813883884297521
0.818583884297521
0.823943388429752
0.830543388429752
0.836161570247934
0.837361570247934
0.838543388429752
0.838643388429752
0.838743388429752
0.845397933884298
0.853197933884297
0.855030165289256
0.854130165289256
0.854115289256198
0.854915289256198
0.856852479338843
0.860852479338843
0.863312809917356
0.859212809917355
0.855264049586777
0.857264049586777
0.859264049586777
0.85971694214876
0.85991694214876
0.853452479338843
0.844052479338843
0.843961570247934
0.852161570247934
0.854397933884298
0.846197933884298
0.839981404958678
0.841781404958677
0.843601239669421
0.846001239669422
0.848401239669421
0.844813636363636
0.840313636363636
0.838834297520661
0.838634297520661
0.835587190082645
0.830087190082645
0.828752479338843
0.834452479338843
0.840214462809917
0.846214462809917
0.85190867768595
0.850508677685951
0.849108677685951
0.851563223140496
0.854563223140496
0.853867355371901
0.851667355371901
0.852467355371901
0.855767355371901
0.857546694214876
0.856846694214876
0.856297107438017
0.856297107438017
0.855954958677686
0.849054958677686
0.842154958677686
0.837023553719008
0.832123553719008
0.832256611570248
0.834356611570248
0.834573966942149
0.833273966942149
0.832517768595041
0.832617768595041
0.832918595041322
0.833918595041322
0.834692975206611
0.831792975206612
0.828892975206612
0.827956611570248
0.827256611570248
0.825756611570248
0.823956611570248
0.823954958677686
0.825354958677686
0.828421074380165
0.834021074380165
0.839505371900827
0.844605371900827
0.849619421487603
0.853419421487603
0.857219421487603
0.859488016528926
0.861588016528926
0.86817479338843
0.87637479338843
0.881609504132231
0.884609504132231
0.884693801652893
0.880493801652892
0.877564049586777
0.878664049586777
0.879511157024793
0.877211157024793
0.874911157024793
0.872338429752066
0.869738429752066
0.86773347107438
0.86593347107438
0.868645867768595
0.874645867768595
0.878538429752066
0.879438429752066
0.880883884297521
0.883983884297521
0.886745041322314
0.885745041322314
0.884745041322314
0.885946694214876
0.887346694214876
0.888897107438016
0.890497107438016
0.890336776859504
0.888936776859504
0.885513636363637
0.879313636363636
0.874881404958678
0.875581404958678
0.876835950413223
0.883635950413223
0.890435950413223
0.895107024793388
0.899607024793388
0.903346694214876
0.906846694214876
0.908918595041322
0.910018595041322
0.91077479338843
0.91107479338843
0.910792975206611
0.908892975206612
0.907469008264463
0.910369008264463
0.913269008264463
0.912059917355372
0.910559917355372
0.912595454545454
0.915695454545455
0.916864876033058
0.916764876033058
0.919555785123967
0.926055785123967
0.93239214876033
0.938292148760331
0.943644214876033
0.944444214876033
0.945244214876033
0.948964876033058
0.952864876033058
0.953657438016529
0.953557438016529
0.955292148760331
0.958192148760331
0.960779752066116
0.962979752066116
0.965067355371901
0.966867355371901
0.968713636363636
0.970913636363636
0.973113636363636
0.971321900826446
0.969321900826446
0.95790041322314
0.943900413223141
0.925313636363636
0.903913636363636
0.895831818181818
0.903731818181818
0.90593347107438
0.89413347107438
0.884924380165289
0.894024380165289
0.90312438016529
0.906664049586777
0.909964049586777
0.911280578512397
0.912080578512397
0.911059090909091
0.908959090909091
0.912227685950413
0.921727685950413
0.920963223140496
0.895963223140495
0.875260743801653
0.882760743801653
0.890260743801653
0.881032644628099
0.871232644628099
0.861272314049587
0.851272314049586
0.832999586776859
0.809999586776859
0.786198760330578
0.761498760330579
0.74890785123967
0.763807851239669
0.777794628099174
0.786194628099174
0.794594628099173
0.791682231404959
0.788482231404959
0.799131818181818
0.813031818181818
0.821903719008264
0.828003719008265
0.836644214876033
0.848044214876033
0.852943388429752
0.843643388429752
0.833421074380165
0.817921074380165
0.802421074380165
0.809540909090909
0.817040909090909
0.823477272727273
0.829677272727273
0.832547520661157
0.833647520661157
0.836307851239669
0.84060785123967
0.842522727272727
0.839422727272727
0.836746694214876
0.836346694214876
0.835946694214876
0.832769834710744
0.829569834710744
0.83471694214876
0.84161694214876
0.849773140495868
0.858573140495868
0.864695454545455
0.868095454545454
0.870569834710743
0.871169834710744
0.872348347107438
0.876448347107438
