0.797907377049181
0.797607377049181
0.797307377049181
0.79700737704918
0.79670737704918
0.794645081967213
0.791845081967213
0.789045081967213
0.786245081967213
0.786969672131148
0.792769672131147
0.798569672131147
0.804369672131148
0.809481147540983
0.809281147540983
0.809081147540984
0.808881147540984
0.808681147540983
0.808645081967213
0.808645081967213
0.808645081967213
0.808645081967214
0.809012295081968
0.809712295081967
0.810412295081967
0.811112295081967
0.81302868852459
0.81902868852459
0.82502868852459
0.831028688524591
0.837028688524591
0.839758196721312
0.842258196721312
0.844758196721311
0.847258196721312
0.848927049180328
0.850127049180328
0.851327049180328
0.852527049180328
0.853589344262295
0.854389344262295
0.855189344262295
0.855989344262295
0.856848360655738
0.858848360655737
0.860848360655738
0.862848360655738
0.864848360655738
0.862700819672131
0.859200819672131
0.855700819672131
0.852200819672132
0.849435245901639
0.847535245901639
0.84563524590164
0.843735245901639
0.842064754098361
0.841564754098361
0.84106475409836
0.840564754098361
0.840064754098361
0.837740163934426
0.835140163934426
0.832540163934426
0.829940163934426
0.829233606557377
0.829933606557377
0.830633606557377
0.831333606557377
0.831030327868852
0.828130327868852
0.825230327868852
0.822330327868852
0.819430327868852
0.812989344262295
0.806489344262295
0.799989344262295
0.793489344262295
0.791189344262295
0.790789344262295
0.790389344262295
0.789989344262296
0.791084426229508
0.794484426229508
0.797884426229508
0.801284426229508
0.804458196721311
0.805558196721312
0.806658196721312
0.807758196721311
0.808858196721311
0.811082786885246
0.813582786885246
0.816082786885246
0.818582786885246
0.819964754098361
0.820264754098361
0.820564754098361
0.820864754098361
0.821868032786885
0.825468032786885
0.829068032786885
0.832668032786885
0.836268032786885
0.835002459016393
0.833302459016393
0.831602459016393
0.829902459016393
0.827330327868853
0.824230327868853
0.821130327868853
0.818030327868853
0.816372950819672
0.817672950819672
0.818972950819672
0.820272950819672
0.821622131147541
0.824422131147541
0.827222131147541
0.830022131147541
0.832822131147541
0.832745081967213
0.831645081967213
0.830545081967214
0.829445081967213
0.82985
0.83215
0.83445
0.83675
0.839094262295082
0.841694262295082
0.844294262295082
0.846894262295082
0.849494262295082
0.847490983606558
0.844690983606557
0.841890983606558
0.839090983606558
0.837405737704918
0.836605737704918
0.835805737704918
0.835005737704918
0.833602459016394
0.830502459016393
0.827402459016393
0.824302459016393
0.821202459016393
0.825163114754098
0.829363114754098
0.833563114754098
0.837763114754098
0.839341803278688
0.839641803278689
0.839941803278688
0.840241803278689
0.840466393442623
0.840566393442623
0.840666393442623
0.840766393442623
0.840768032786885
0.839668032786885
0.838568032786885
0.837468032786885
0.836368032786885
0.836290983606557
0.836490983606557
0.836690983606557
0.836890983606558
0.834140163934427
0.828340163934426
0.822540163934427
0.816740163934426
0.80915
0.79425
0.77935
0.764450000000001
0.74955
0.746822131147541
0.745422131147541
0.744022131147541
0.742622131147541
0.740676229508197
0.738376229508197
0.736076229508197
0.733776229508197
0.733189344262295
0.736389344262295
0.739589344262295
0.742789344262295
0.745964754098361
0.747664754098361
0.74936475409836
0.75106475409836
0.752764754098361
0.753599180327869
0.754099180327869
0.754599180327869
0.755099180327869
0.754576229508197
0.752676229508197
0.750776229508197
0.748876229508197
0.746700819672131
0.742700819672131
0.738700819672131
0.734700819672132
0.730700819672131
0.732553278688525
0.735553278688525
0.738553278688524
0.741553278688525
0.743254918032787
0.743854918032787
0.744454918032787
0.745054918032787
0.744843442622951
0.742143442622951
0.739443442622951
0.736743442622951
0.734043442622951
0.729631967213115
0.725131967213115
0.720631967213115
0.716131967213115
0.71471393442623
0.714913934426229
0.715113934426229
0.715313934426229
0.716415573770491
0.719115573770492
0.721815573770492
0.724515573770492
0.726841803278689
0.723841803278688
0.720841803278688
0.717841803278688
0.714841803278689
0.716233606557377
0.718933606557377
0.721633606557377
0.724333606557377
0.726510655737705
0.728110655737705
0.729710655737705
0.731310655737705
0.733253278688525
0.736753278688524
0.740253278688525
0.743753278688525
0.747253278688524
0.748097540983606
0.748597540983606
0.749097540983606
0.749597540983606
0.751336885245901
0.753936885245902
0.756536885245901
0.759136885245901
0.761294262295082
0.762394262295082
0.763494262295082
0.764594262295082
