0.989751851851852
0.988651851851852
0.987551851851852
0.986451851851852
0.985351851851852
0.983955555555555
0.980855555555555
0.977755555555556
0.974655555555555
0.971555555555556
0.968277777777778
0.964577777777778
0.960877777777777
0.957177777777778
0.953477777777778
0.95368888888889
0.95878888888889
0.963888888888889
0.968988888888889
0.974088888888889
0.971840740740741
0.964540740740741
0.957240740740741
0.949940740740741
0.942640740740741
0.943933333333334
0.948233333333334
0.952533333333334
0.956833333333334
0.961133333333334
0.960722222222222
0.959722222222222
0.958722222222222
0.957722222222222
0.956714814814815
0.955514814814815
0.954314814814815
0.953114814814815
0.951914814814815
0.949529629629629
0.94192962962963
0.93432962962963
0.92672962962963
0.91912962962963
0.91692962962963
0.92552962962963
0.93412962962963
0.942729629629629
0.95132962962963
0.955788888888889
0.955788888888889
0.955788888888889
0.955788888888889
0.955788888888889
0.961077777777778
0.969477777777777
0.977877777777778
0.986277777777778
0.994677777777778
0.999188888888888
1.00258888888889
1.00598888888889
1.00938888888889
1.01278888888889
1.01757777777778
1.02247777777778
1.02737777777778
1.03227777777778
1.0368
1.0366
1.0364
1.0362
1.036
1.03557777777778
1.03437777777778
1.03317777777778
1.03197777777778
1.03077777777778
1.02865185185185
1.02495185185185
1.02125185185185
1.01755185185185
1.01385185185185
1.01118888888889
1.00948888888889
1.00778888888889
1.00608888888889
1.00438888888889
1.01355555555556
1.02815555555556
1.04275555555556
1.05735555555556
1.07195555555556
1.07596296296296
1.07756296296296
1.07916296296296
1.08076296296296
1.08236296296296
1.08540740740741
1.08850740740741
1.09160740740741
1.09470740740741
1.09580740740741
1.08090740740741
1.06600740740741
1.05110740740741
1.03620740740741
1.02506666666667
1.02466666666667
1.02426666666667
1.02386666666667
1.02346666666667
1.02441111111111
1.02731111111111
1.03021111111111
1.03311111111111
1.03601111111111
1.04213333333333
1.05083333333333
1.05953333333333
1.06823333333333
1.07693333333333
1.08042592592593
1.08172592592593
1.08302592592593
1.08432592592593
1.08562592592593
1.08181481481481
1.07711481481481
1.07241481481482
1.06771481481482
1.06301481481482
1.06411481481482
1.06521481481482
1.06631481481481
1.06741481481482
1.06829259259259
1.06789259259259
1.06749259259259
1.06709259259259
1.06669259259259
1.06318148148148
1.05228148148148
1.04138148148148
1.03048148148148
1.01958148148148
1.00201481481481
0.976114814814815
0.950214814814815
0.924314814814815
0.898414814814815
0.876188888888889
0.856488888888889
0.836788888888889
0.817088888888889
0.797388888888888
0.783318518518518
0.771218518518518
0.759118518518518
0.747018518518518
0.734918518518518
0.72592962962963
0.717329629629629
0.708729629629629
0.70012962962963
0.691970370370371
0.69527037037037
0.69857037037037
0.701870370370371
0.705170370370371
0.710192592592593
0.722792592592592
0.735392592592592
0.747992592592592
0.760592592592592
0.767692592592592
0.763792592592593
0.759892592592593
0.755992592592593
0.752092592592593
0.748048148148148
0.743848148148148
0.739648148148148
0.735448148148148
0.731248148148148
0.718170370370371
0.699870370370371
0.68157037037037
0.66327037037037
0.64497037037037
0.640203703703703
0.639303703703704
0.638403703703704
0.637503703703704
0.636603703703704
0.638851851851852
0.641351851851852
0.643851851851852
0.646351851851852
0.649451851851852
0.660051851851852
0.670651851851851
0.681251851851852
0.691851851851852
0.701051851851851
0.705351851851851
0.709651851851852
0.713951851851852
0.718251851851852
0.719292592592593
0.714792592592593
0.710292592592592
0.705792592592592
0.701292592592593
0.697103703703704
0.693203703703704
0.689303703703704
0.685403703703703
0.681503703703704
0.685803703703704
0.694203703703704
0.702603703703704
0.711003703703704
0.719403703703704
0.727885185185186
0.736385185185185
0.744885185185185
0.753385185185185
0.761885185185185
0.759022222222222
0.755722222222223
0.752422222222223
0.749122222222222
0.745411111111111
0.738411111111111
0.731411111111111
0.724411111111111
0.717411111111111
0.709892592592593
0.700892592592593
0.691892592592593
0.682892592592593
0.673892592592593
0.672225925925926
0.681225925925926
0.690225925925926
0.699225925925926
0.708225925925926
0.714003703703704
0.717203703703704
0.720403703703704
0.723603703703703
0.726803703703704
0.731411111111111
0.736611111111112
0.741811111111111
0.747011111111112
0.752211111111111
0.756133333333333
0.759833333333334
0.763533333333333
0.767233333333333
