0.678176923076923
0.681876923076923
0.685576923076923
0.689276923076923
0.692976923076923
0.696676923076923
0.700376923076922
0.704076923076923
0.707776923076923
0.711476923076923
0.715176923076922
0.708076923076922
0.700076923076923
0.692076923076923
0.684076923076922
0.676076923076924
0.668076923076923
0.660076923076923
0.652076923076923
0.644076923076923
0.636076923076923
0.635607692307693
0.636507692307693
0.637407692307693
0.638307692307693
0.639207692307692
0.640107692307693
0.641007692307692
0.641907692307691
0.642807692307692
0.643707692307692
0.64706923076923
0.65116923076923
0.65526923076923
0.65936923076923
0.66346923076923
0.66756923076923
0.671669230769231
0.67576923076923
0.67986923076923
0.68396923076923
0.684953846153845
0.684553846153845
0.684153846153846
0.683753846153846
0.683353846153846
0.682953846153845
0.682553846153845
0.682153846153846
0.681753846153846
0.681353846153846
0.681876923076922
0.682976923076924
0.684076923076922
0.685176923076923
0.686276923076922
0.687376923076922
0.688476923076923
0.689576923076922
0.690676923076922
0.691776923076923
0.6932
0.694899999999999
0.696599999999999
0.698299999999999
0.7
0.701699999999999
0.7034
0.7051
0.706799999999999
0.7085
0.7096
0.710000000000001
0.710399999999999
0.7108
0.7112
0.711599999999999
0.712
0.7124
0.712799999999999
0.7132
0.713523076923076
0.713723076923075
0.713923076923076
0.714123076923076
0.714323076923076
0.714523076923077
0.714723076923076
0.714923076923076
0.715123076923075
0.715323076923076
0.716569230769231
0.720169230769231
0.723769230769229
0.727369230769229
0.730969230769231
0.73456923076923
0.73816923076923
0.74176923076923
0.74536923076923
0.748969230769231
0.752269230769231
0.75456923076923
0.75686923076923
0.759169230769231
0.761469230769231
0.763769230769231
0.766069230769231
0.76836923076923
0.77066923076923
0.77296923076923
0.77646923076923
0.786569230769231
0.79666923076923
0.80676923076923
0.81686923076923
0.82696923076923
0.83706923076923
0.847169230769231
0.85726923076923
0.86736923076923
0.876907692307692
0.879707692307691
0.882507692307691
0.885307692307692
0.888107692307691
0.890907692307692
0.893707692307691
0.896507692307692
0.899307692307692
0.902107692307692
0.904907692307692
0.906407692307692
0.907907692307692
0.909407692307692
0.910907692307692
0.912407692307692
0.913907692307691
0.915407692307692
0.916907692307692
0.918407692307693
0.919907692307693
0.920023076923077
0.920023076923077
0.920023076923077
0.920023076923077
0.920023076923077
0.920023076923077
0.920023076923077
0.920023076923077
0.920023076923077
0.920023076923077
0.91943076923077
0.91873076923077
0.91803076923077
0.917330769230769
0.91663076923077
0.915930769230769
0.915230769230769
0.914530769230769
0.91383076923077
0.913130769230769
0.91273846153846
0.912438461538461
0.912138461538461
0.911838461538461
0.911538461538462
0.911238461538462
0.910938461538461
0.910638461538461
0.910338461538461
0.910038461538461
0.910361538461539
0.910961538461539
0.911561538461538
0.912161538461538
0.912761538461539
0.913361538461537
0.913961538461538
0.914561538461538
0.915161538461538
0.915761538461538
0.921899999999999
0.931499999999999
0.941099999999999
0.9507
0.9603
0.9699
0.9795
0.9891
0.9987
1.0083
1.00982307692308
1.00442307692308
0.999023076923076
0.993623076923077
0.988223076923077
0.982823076923076
0.977423076923076
0.972023076923077
0.966623076923076
0.961223076923076
0.950330769230769
0.933030769230769
0.915730769230769
0.898430769230769
0.881130769230768
0.863830769230769
0.846530769230769
0.829230769230768
0.811930769230769
0.794630769230768
0.783484615384615
0.782184615384615
0.780884615384616
0.779584615384615
0.778284615384615
0.776984615384615
0.775684615384615
0.774384615384615
0.773084615384614
0.771784615384615
0.770515384615384
0.769315384615385
0.768115384615385
0.766915384615385
0.765715384615384
0.764515384615384
0.763315384615385
0.762115384615384
0.760915384615384
0.759715384615384
0.759553846153846
0.762853846153846
0.766153846153846
0.769453846153847
0.772753846153847
0.776053846153847
0.779353846153846
0.782653846153846
0.785953846153846
0.789253846153846
0.792723076923077
0.797123076923076
0.801523076923077
0.805923076923076
0.810323076923076
0.814723076923076
0.819123076923077
0.823523076923076
0.827923076923076
0.832323076923076
0.835538461538461
0.824538461538461
0.813538461538461
0.80253846153846
0.791538461538461
0.780538461538461
0.769538461538461
0.75853846153846
0.747538461538461
0.736538461538461
