0.781
0.7959
0.8043
0.8011
0.815
0.8211
0.8325
0.8232
0.8077
0.8152
0.8214
0.8225
0.8268
0.8237
0.8233
0.8201
0.827
0.8358
0.8392
0.8398
0.8439
0.8304
0.8524
0.8596
0.8692
0.8672
0.8657
0.8732
0.8783
0.8827
0.886
0.888
0.8811
0.8872
0.903
0.8927
0.8987
0.8996
0.8984
0.9057
0.8998
0.884
0.8934
0.8936
0.8882
0.8915
0.8974
0.9021
0.9119
0.9242
0.9165
0.9216
0.9305
0.9168
0.9204
0.9224
0.9376
0.9244
0.9285
0.8924
0.8891
0.9026
0.9001
0.8856
0.8932
0.8836
0.8867
0.8753
0.8736
0.8839
0.8786
0.8758
0.883
0.8865
0.8797
0.8742
0.8706
0.8735
0.8774
0.8764
0.8886
0.876
0.8827
0.8767
0.8618
0.8594
0.8628
0.8578
0.8621
0.869
0.8756
0.8734
0.8816
0.8797
0.8832
0.8806
0.8729
0.8771
0.8821
0.884
0.8953
0.8952
0.9002
0.8845
0.88
0.8765
0.8762
0.8577
0.8638
0.8746
0.8847
0.887
0.8881
0.8884
0.8951
0.9046
0.9069
0.8957
0.8925
0.8951
0.9016
0.9041
0.9037
0.9026
0.9042
0.9132
0.9195
0.9154
0.9183
0.9203
0.9237
0.9284
0.935
0.9426
0.9466
0.9336
0.9271
0.9254
0.9352
0.9289
0.928
0.9197
0.9315
0.9357
0.9434
0.9267
0.9217
0.9325
0.9154
0.9116
0.9164
0.9205
0.9225
0.918
0.9102
0.9079
0.9141
0.9117
0.921
0.9272
0.9302
0.9311
0.9318
0.9228
0.9294
0.9272
0.9379
0.9384
0.94
0.9416
0.9497
0.9474
0.9369
0.9356
0.9337
0.9377
0.9318
0.9405
0.9444
0.9463
0.94
0.9417
0.9373
0.9465
0.9381
0.9336
0.9449
0.9551
0.9586
0.9587
0.9644
0.958
0.9615
0.9635
0.9612
0.9613
0.9559
0.9522
0.9547
0.9567
0.955
0.9593
0.9488
0.9445
0.9379
0.9402
0.9394
0.9427
0.9415
0.9464
0.9517
0.9543
0.9527
0.9567
0.9592
0.96
0.9626
0.9553
0.9599
0.9624
0.962
0.9606
0.9543
0.9515
0.9603
0.9602
0.9682
0.975
0.9786
0.9773
0.9724
0.9754
0.9754
0.9687
0.9587
0.9584
0.9541
0.9583
0.9478
0.9434
0.9374
0.9221
0.9179
0.9109
0.8953
0.8855
0.8741
0.8656
0.8703
0.8639
0.8737
0.8675
0.8721
0.8729
0.8803
0.8633
0.858
0.8583
0.8671
0.8639
0.8537
0.8465
