0.916270297029703
0.913970297029703
0.911670297029703
0.911115841584158
0.913115841584159
0.915115841584158
0.913218811881188
0.910418811881188
0.908185148514851
0.907985148514852
0.907785148514852
0.906961386138614
0.905761386138614
0.904573267326733
0.903773267326733
0.902973267326733
0.902086138613861
0.901086138613862
0.900086138613861
0.896982178217822
0.893482178217822
0.891591089108911
0.894591089108911
0.897591089108911
0.899218811881188
0.900118811881188
0.901220792079208
0.905520792079208
0.909820792079208
0.912817821782178
0.914317821782178
0.915817821782178
0.916446534653465
0.916946534653466
0.918527722772277
0.922927722772277
0.927327722772277
0.931932673267327
0.936632673267327
0.941136633663366
0.943636633663366
0.946136633663367
0.948191089108911
0.949791089108911
0.951391089108911
0.953441584158416
0.955541584158416
0.956567326732673
0.955167326732673
0.953767326732673
0.952509900990099
0.951309900990099
0.950644554455445
0.953944554455446
0.957244554455446
0.961384158415841
0.966284158415842
0.971184158415841
0.972547524752475
0.973647524752475
0.974680198019802
0.975580198019802
0.976480198019802
0.977454455445545
0.978454455445545
0.980122772277228
0.985622772277228
0.991122772277228
0.998175247524753
1.00647524752475
1.01477524752475
1.01404752475248
1.01294752475248
1.01265346534653
1.01375346534653
1.01485346534653
1.0063
0.9949
0.98610198019802
0.98930198019802
0.99250198019802
0.99780495049505
1.00460495049505
1.01140495049505
1.01048217821782
1.00948217821782
1.00832376237624
1.00692376237624
1.00552376237624
1.00636930693069
1.00776930693069
1.00864950495049
1.00754950495049
1.00644950495049
1.00639306930693
1.00699306930693
1.00757524752475
1.00727524752475
1.00697524752475
1.01003861386139
1.01763861386139
1.02523861386139
1.03001089108911
1.03421089108911
1.03798316831683
1.04038316831683
1.04278316831683
1.041
1.0369
1.03297326732673
1.03237326732673
1.03177326732673
1.03231188118812
1.03421188118812
1.03611188118812
1.04223267326733
1.04903267326733
1.05492376237624
1.05832376237624
1.06172376237624
1.06317128712871
1.06367128712871
1.06413168316832
1.06413168316832
1.06413168316832
1.05840693069307
1.04660693069307
1.03480693069307
1.03690792079208
1.04070792079208
1.04278514851485
1.04078514851485
1.03878514851485
1.02870099009901
1.01520099009901
1.00292079207921
1.00062079207921
0.998320792079208
1.00194158415842
1.01114158415842
1.02034158415842
1.01996534653465
1.01876534653465
1.01498415841584
1.00588415841584
0.996784158415842
0.992959405940594
0.991059405940594
0.989214851485149
0.987714851485148
0.986214851485149
0.987655445544555
0.991555445544554
0.995455445544554
0.995648514851485
0.995648514851485
0.995791089108911
0.996191089108911
0.996591089108911
0.992111881188119
0.986111881188119
0.978630693069307
0.963830693069307
0.949030693069307
0.938709900990099
0.931709900990099
0.924709900990099
0.92829603960396
0.93209603960396
0.936320792079208
0.941220792079208
0.946120792079208
0.948882178217822
0.951082178217822
0.951876237623763
0.946976237623762
0.942076237623762
0.940679207920792
0.941579207920792
0.94249801980198
0.94529801980198
0.94809801980198
0.950523762376238
0.952423762376238
0.954323762376238
0.954580198019802
0.954480198019802
0.95390198019802
0.95170198019802
0.94950198019802
0.948632673267327
0.948532673267327
0.948460396039604
0.949060396039604
0.949660396039604
0.949458415841584
0.948258415841584
0.947058415841584
0.949179207920792
0.951879207920792
0.954527722772277
0.957027722772277
0.959527722772277
0.964084158415842
0.969684158415842
0.974625742574257
0.970725742574257
0.966825742574258
0.961357425742574
0.954157425742575
0.946957425742574
0.941343564356436
0.935943564356436
0.930313861386139
0.924113861386139
0.917913861386139
0.913377227722772
0.909577227722772
0.906113861386138
0.905713861386139
0.905313861386139
0.902237623762376
0.896537623762376
0.890837623762376
0.891058415841584
0.891858415841584
0.893323762376237
0.896223762376237
0.899123762376238
0.898554455445545
0.896654455445544
0.894072277227723
0.886872277227723
0.879672277227723
0.875519801980198
0.874019801980198
0.872519801980198
0.879391089108911
0.886791089108911
0.893151485148515
0.897551485148515
0.901951485148515
0.901309900990099
0.899009900990099
0.897232673267327
0.898232673267327
0.899232673267327
0.897975247524752
0.894975247524753
0.891975247524752
0.890236633663366
0.888536633663366
0.88740099009901
0.88720099009901
0.88700099009901
0.888678217821782
0.890878217821782
0.892739603960396
0.893139603960396
0.893539603960396
0.896553465346535
0.901353465346535
