0.853814285714286
0.856514285714286
0.859214285714286
0.861914285714286
0.864614285714287
0.867314285714287
0.870014285714287
0.872714285714287
0.875414285714287
0.878114285714286
0.880814285714287
0.883514285714286
0.886214285714286
0.889385714285715
0.892985714285715
0.896585714285716
0.900185714285714
0.903785714285715
0.907385714285715
0.910985714285715
0.914585714285714
0.918185714285715
0.921785714285714
0.925385714285715
0.928985714285713
0.931971428571429
0.922671428571429
0.913371428571429
0.904071428571429
0.894771428571428
0.885471428571428
0.87617142857143
0.866871428571428
0.857571428571429
0.848271428571427
0.838971428571429
0.829671428571428
0.820371428571429
0.815242857142857
0.813242857142856
0.811242857142858
0.809242857142857
0.807242857142856
0.805242857142858
0.803242857142857
0.801242857142858
0.799242857142858
0.797242857142857
0.795242857142858
0.793242857142857
0.791652380952382
0.793952380952383
0.79625238095238
0.798552380952381
0.800852380952381
0.803152380952382
0.805452380952381
0.807752380952382
0.810052380952383
0.812352380952382
0.814652380952383
0.816952380952382
0.819252380952383
0.818890476190476
0.816890476190478
0.814890476190477
0.812890476190478
0.810890476190477
0.808890476190477
0.806890476190478
0.804890476190477
0.802890476190477
0.800890476190478
0.798890476190478
0.796890476190477
0.79541904761905
0.797119047619048
0.798819047619049
0.800519047619049
0.802219047619048
0.803919047619048
0.805619047619048
0.807319047619049
0.809019047619047
0.810719047619049
0.812419047619048
0.814119047619047
0.815819047619048
0.820452380952382
0.82655238095238
0.832652380952381
0.838752380952381
0.84485238095238
0.850952380952381
0.857052380952382
0.863152380952381
0.869252380952381
0.875352380952382
0.88145238095238
0.887552380952381
0.893004761904763
0.895704761904763
0.898404761904761
0.901104761904763
0.903804761904763
0.906504761904763
0.909204761904762
0.911904761904763
0.914604761904761
0.917304761904762
0.920004761904762
0.922704761904763
0.925404761904763
0.925961904761905
0.925661904761905
0.925361904761905
0.925061904761907
0.924761904761905
0.924461904761906
0.924161904761906
0.923861904761906
0.923561904761906
0.923261904761905
0.922961904761906
0.922661904761906
0.922742857142858
0.924042857142858
0.925342857142859
0.926642857142858
0.927942857142858
0.929242857142857
0.930542857142859
0.931842857142858
0.933142857142858
0.934442857142858
0.935742857142857
0.937042857142858
0.938342857142858
0.932100000000001
0.923499999999999
0.9149
0.906300000000001
0.8977
0.8891
0.8805
0.871900000000001
0.8633
0.8547
0.846100000000001
0.8375
0.83067142857143
0.828271428571429
0.825871428571429
0.823471428571429
0.821071428571428
0.818671428571428
0.816271428571429
0.813871428571429
0.811471428571429
0.809071428571428
0.806671428571428
0.804271428571429
0.801871428571429
0.799957142857143
0.798157142857144
0.796357142857143
0.794557142857144
0.792757142857142
0.790957142857143
0.789157142857144
0.787357142857143
0.785557142857143
0.783757142857142
0.781957142857143
0.780157142857143
0.778923809523811
0.77882380952381
0.77872380952381
0.77862380952381
0.77852380952381
0.778423809523811
0.77832380952381
0.778223809523809
0.778123809523809
0.77802380952381
0.777923809523809
0.777823809523809
0.777723809523809
0.777966666666668
0.778266666666666
0.778566666666666
0.778866666666666
0.779166666666666
0.779466666666667
0.779766666666666
0.780066666666667
0.780366666666667
0.780666666666667
0.780966666666667
0.781266666666666
0.781642857142857
0.782142857142856
0.782642857142857
0.783142857142857
0.783642857142857
0.784142857142857
0.784642857142857
0.785142857142858
0.785642857142858
0.786142857142857
0.786642857142858
0.787142857142857
0.787642857142857
0.782080952380952
0.775880952380953
0.769680952380952
0.763480952380954
0.757280952380954
0.751080952380953
0.744880952380953
0.738680952380954
0.732480952380952
0.726280952380953
0.720080952380953
0.713880952380953
0.707209523809525
0.699909523809525
0.692609523809524
0.685309523809525
0.678009523809525
0.670709523809525
0.663409523809526
0.656109523809524
0.648809523809524
0.641509523809525
0.634209523809526
0.626909523809526
0.619609523809525
0.620690476190477
0.622190476190477
0.623690476190477
0.625190476190477
0.626690476190476
0.628190476190477
0.629690476190477
0.631190476190477
0.632690476190476
0.634190476190477
0.635690476190477
0.637190476190477
0.63554761904762
0.63044761904762
0.62534761904762
0.620247619047619
0.61514761904762
0.61004761904762
0.604947619047619
0.59984761904762
0.59474761904762
0.58964761904762
0.584547619047619
0.57944761904762
