0.969182692307692
0.953182692307693
0.937182692307693
0.921182692307692
0.905182692307693
0.889182692307692
0.894048076923077
0.899748076923078
0.905448076923077
0.911148076923077
0.916848076923077
0.913686538461539
0.909786538461539
0.905886538461538
0.901986538461539
0.898086538461539
0.893655769230769
0.889155769230769
0.88465576923077
0.880155769230769
0.87565576923077
0.866417307692308
0.856317307692309
0.846217307692308
0.836117307692308
0.826017307692308
0.820682692307693
0.816482692307693
0.812282692307693
0.808082692307693
0.803882692307693
0.804913461538462
0.807513461538462
0.810113461538462
0.812713461538462
0.815313461538462
0.824709615384616
0.836609615384616
0.848509615384615
0.860409615384616
0.872309615384616
0.874586538461539
0.872586538461538
0.870586538461539
0.868586538461538
0.866586538461539
0.864325
0.861925
0.859525
0.857125000000001
0.854725000000001
0.849432692307693
0.842332692307693
0.835232692307692
0.828132692307693
0.821032692307693
0.818778846153847
0.820078846153846
0.821378846153846
0.822678846153847
0.823978846153846
0.827217307692308
0.832117307692308
0.837017307692308
0.841917307692309
0.846817307692308
0.848667307692308
0.847467307692309
0.846267307692308
0.845067307692308
0.843867307692307
0.846221153846154
0.852721153846154
0.859221153846154
0.865721153846154
0.872221153846154
0.877494230769231
0.881094230769231
0.884694230769231
0.888294230769231
0.891894230769231
0.894071153846154
0.893971153846154
0.893871153846153
0.893771153846154
0.893671153846154
0.893294230769231
0.892394230769231
0.891494230769231
0.890594230769231
0.889694230769231
0.888271153846154
0.885671153846154
0.883071153846154
0.880471153846155
0.877871153846154
0.876913461538462
0.880413461538462
0.883913461538462
0.887413461538462
0.890913461538462
0.893490384615385
0.892990384615385
0.892490384615384
0.891990384615385
0.891490384615385
0.891740384615385
0.895140384615385
0.898540384615385
0.901940384615385
0.905340384615385
0.908186538461539
0.907986538461539
0.907786538461539
0.907586538461539
0.907386538461539
0.907048076923078
0.905648076923077
0.904248076923078
0.902848076923078
0.901448076923078
0.899786538461539
0.894986538461539
0.890186538461539
0.885386538461539
0.880586538461539
0.876113461538462
0.879813461538462
0.883513461538462
0.887213461538462
0.890913461538462
0.894613461538462
0.894113461538462
0.893613461538462
0.893113461538462
0.892613461538462
0.892113461538461
0.892190384615385
0.892290384615385
0.892390384615385
0.892490384615384
0.892590384615385
0.893428846153846
0.894328846153846
0.895228846153847
0.896128846153847
0.897028846153846
0.899609615384616
0.902409615384616
0.905209615384616
0.908009615384615
0.910809615384615
0.914286538461539
0.917886538461538
0.921486538461539
0.925086538461539
0.928686538461539
0.929701923076923
0.930101923076924
0.930501923076923
0.930901923076923
0.931301923076923
0.926009615384616
0.919009615384616
0.912009615384615
0.905009615384616
0.898009615384616
0.889913461538462
0.881413461538462
0.872913461538462
0.864413461538462
0.855913461538462
0.850528846153846
0.846528846153846
0.842528846153846
0.838528846153846
0.834528846153847
0.817909615384616
0.794609615384616
0.771309615384616
0.748009615384615
0.724709615384616
0.708855769230769
0.69765576923077
0.68645576923077
0.675255769230769
0.66405576923077
0.660759615384615
0.663259615384616
0.665759615384616
0.668259615384616
0.670759615384616
0.670028846153846
0.666528846153847
0.663028846153846
0.659528846153846
0.656028846153847
0.650578846153846
0.643178846153846
0.635778846153846
0.628378846153847
0.620978846153846
0.617732692307693
0.619332692307693
0.620932692307693
0.622532692307693
0.624132692307693
0.625521153846154
0.626621153846154
0.627721153846154
0.628821153846154
0.629921153846155
0.631251923076924
0.632951923076924
0.634651923076923
0.636351923076924
0.638051923076923
0.638609615384616
0.637009615384616
0.635409615384616
0.633809615384616
0.632209615384616
0.632425
0.636725000000001
0.641025
0.645325000000001
0.649625
0.653225
0.654925
0.656625000000001
0.658325
0.660025000000001
0.661471153846155
0.662071153846154
0.662671153846154
0.663271153846154
0.663871153846154
0.664394230769231
0.664594230769231
0.664794230769231
0.664994230769231
0.665194230769231
0.665178846153846
0.663978846153846
0.662778846153847
0.661578846153847
0.660378846153846
0.658682692307692
0.653182692307692
0.647682692307693
0.642182692307693
0.636682692307693
0.631990384615385
0.636990384615385
0.641990384615385
0.646990384615385
0.651990384615385
0.657163461538462
0.666663461538462
0.676163461538462
0.685663461538462
0.695163461538461
