0.765732564102564
0.763932564102564
0.764692564102564
0.766604871794872
0.768104871794872
0.768829487179487
0.769341794871795
0.769431538461538
0.768731538461538
0.767280769230769
0.765007435897436
0.762735128205128
0.762035128205128
0.763241282051282
0.765205384615385
0.766987948717949
0.766587948717949
0.767415641025641
0.768415641025641
0.769168974358974
0.768868974358974
0.773561282051282
0.77765358974359
0.779728974358974
0.779028974358974
0.778818205128205
0.777680256410256
0.776085384615385
0.779285384615385
0.778405384615385
0.77856641025641
0.781027948717949
0.779427948717949
0.778431025641026
0.778697692307692
0.780451025641026
0.781551025641026
0.782072564102564
0.782903846153846
0.784499743589744
0.783299743589744
0.783692051282051
0.785698717948718
0.789381282051282
0.789681282051282
0.790047435897436
0.790383846153846
0.790583846153846
0.790588974358974
0.790715128205128
0.790254615384615
0.788154615384616
0.786809487179487
0.784849487179487
0.782628974358974
0.780928974358974
0.784432051282051
0.787065897435897
0.789207435897436
0.793207435897436
0.794384871794872
0.79437717948718
0.793287435897436
0.790587435897436
0.791462820512821
0.791896666666667
0.791477179487179
0.791977179487179
0.791410512820513
0.788225897435898
0.783892564102564
0.789092564102564
0.792397179487179
0.793992564102564
0.794266923076923
0.796066923076923
0.798170512820513
0.798792051282051
0.797622820512821
0.80202282051282
0.803728461538461
0.805120769230769
0.807678205128205
0.811578205128205
0.812967435897436
0.811958205128205
0.808578717948718
0.807178717948718
0.808512051282051
0.811115128205128
0.813515128205128
0.810821794871795
0.808021794871795
0.805601794871795
0.804101794871795
0.809527435897436
0.811212564102564
0.81052641025641
0.81072641025641
0.814047435897436
0.812650512820513
0.807896666666667
0.804296666666667
0.804067948717949
0.804811538461538
0.805831538461539
0.806131538461539
0.807459230769231
0.809625897435897
0.811935128205128
0.811835128205128
0.808515128205128
0.80707
0.808439230769231
0.810239230769231
0.810131538461538
0.808809487179487
0.806232564102564
0.800532564102564
0.794526923076923
0.792127435897436
0.794396666666667
0.791496666666667
0.791676666666667
0.793756153846154
0.796686923076923
0.791986923076923
0.788059743589744
0.786362307692308
0.788086923076923
0.791386923076923
0.792134102564103
0.79143717948718
0.79033717948718
0.791107948717949
0.792292564102564
0.793514102564102
0.794314102564103
0.793397179487179
0.793495641025641
0.794028974358974
0.793828974358974
0.793998205128205
0.794545897435898
0.795676153846154
0.797876153846154
0.799005384615385
0.800005384615385
0.801005384615385
0.802005384615385
0.799817692307692
0.797324871794872
0.795129487179487
0.793429487179487
0.79247717948718
0.791141282051282
0.789643333333333
0.790543333333333
0.792403333333333
0.791399743589744
0.786620769230769
0.781220769230769
0.780359230769231
0.779326923076923
0.776481282051282
0.776481282051282
0.775447435897436
0.774205384615385
0.773410512820513
0.776410512820513
0.777428974358975
0.777519743589744
0.777409487179487
0.776809487179487
0.774652564102564
0.770419230769231
0.763519230769231
0.760974102564103
0.760283333333333
0.760129487179487
0.758929487179487
0.758592564102564
0.758169487179487
0.757098717948718
0.754498717948718
0.758860256410256
0.759901794871795
0.758105384615385
0.756005384615385
0.75103358974359
0.741856666666666
0.732226923076923
0.732626923076923
0.735886923076923
0.736919230769231
0.73580641025641
0.73600641025641
0.734033076923077
0.734586923076923
0.738543846153846
0.744543846153846
0.746196153846154
0.747811538461539
0.748535641025641
0.733735641025641
0.732177179487179
0.734994102564103
0.738145384615385
0.737645384615385
0.741681282051282
0.745521282051282
0.746726923076923
0.748026923076923
0.746190512820513
0.742499743589744
0.737971538461539
0.739971538461539
0.744699743589743
0.747281282051282
0.743181282051282
0.745547948717949
0.747426923076923
0.749426923076923
0.752326923076923
0.752431025641026
0.752306923076923
0.752328461538462
0.752928461538462
0.753341794871795
0.752916153846154
0.750685384615385
0.744685384615385
0.745544871794872
0.746250512820513
0.746530512820513
0.747830512820513
0.750263846153846
0.750751025641026
0.749794102564103
0.750794102564103
0.749691538461538
0.749982307692308
0.75199
0.75349
0.752721282051282
0.752681282051282
0.753958205128205
0.754358205128205
0.754212564102564
0.753258717948718
0.751643333333333
0.751843333333333
0.75316641025641
0.755757692307692
0.759356153846154
0.758356153846154
0.759007435897436
0.759783333333333
0.759720256410257
0.760820256410256
0.762951025641026
0.765310512820513
