0.937011607142857
0.933011607142857
0.929011607142857
0.923491964285714
0.917191964285714
0.913913392857143
0.917013392857143
0.920113392857143
0.921347321428571
0.922547321428572
0.921690178571429
0.919690178571429
0.91799375
0.91699375
0.91599375
0.914222321428571
0.912422321428571
0.908184821428571
0.902484821428571
0.89695625
0.89185625
0.88675625
0.887145535714286
0.887845535714285
0.88860625
0.88940625
0.886911607142857
0.875411607142857
0.863911607142857
0.85751875
0.85151875
0.842513392857143
0.831413392857143
0.823363392857143
0.824463392857143
0.825563392857143
0.832491964285714
0.839991964285714
0.841549107142857
0.838649107142857
0.836399107142857
0.836299107142857
0.836199107142857
0.83208125
0.82748125
0.825759821428572
0.826359821428571
0.826595535714286
0.825495535714286
0.824395535714286
0.820408035714286
0.816008035714286
0.807750892857143
0.796150892857143
0.785729464285714
0.780129464285714
0.774529464285714
0.770558035714285
0.766858035714286
0.760672321428571
0.752172321428571
0.745797321428572
0.749197321428571
0.752597321428571
0.765061607142857
0.779261607142857
0.786161607142857
0.785761607142857
0.784509821428572
0.778809821428571
0.773109821428571
0.766670535714286
0.760070535714286
0.757424107142857
0.759024107142857
0.760652678571429
0.762452678571428
0.764252678571429
0.758579464285714
0.751079464285714
0.747015178571429
0.746915178571429
0.747565178571429
0.753465178571428
0.759365178571428
0.769429464285714
0.780629464285714
0.786204464285714
0.784804464285714
0.782375892857143
0.771375892857143
0.760375892857143
0.759511607142857
0.761711607142857
0.763183035714286
0.763683035714285
0.764513392857143
0.768713392857143
0.772913392857143
0.776513392857143
0.779913392857143
0.785490178571429
0.794190178571429
0.801654464285714
0.793054464285714
0.784454464285714
0.785445535714286
0.789945535714286
0.792952678571429
0.793652678571429
0.79433125
0.79463125
0.79493125
0.792874107142857
0.789874107142857
0.788111607142857
0.788411607142857
0.788779464285714
0.790979464285714
0.793179464285714
0.794752678571429
0.796052678571429
0.797924107142857
0.800824107142857
0.80380625
0.81130625
0.81880625
0.820266964285714
0.818866964285714
0.818179464285714
0.818879464285714
0.819579464285714
0.819979464285714
0.820379464285715
0.821638392857143
0.823338392857143
0.82320625
0.81920625
0.81520625
0.81258125
0.80998125
0.811109821428572
0.814309821428571
0.816234821428571
0.815234821428571
0.814234821428572
0.811209821428571
0.808109821428571
0.804884821428571
0.801584821428571
0.798141964285714
0.794341964285714
0.790541964285714
0.78096875
0.77106875
0.76796875
0.76926875
0.769416964285714
0.766416964285714
0.763416964285714
0.76088125
0.75838125
0.761302678571429
0.768002678571429
0.773527678571429
0.775527678571429
0.777527678571429
0.774245535714286
0.770445535714286
0.768816964285714
0.768816964285714
0.767841964285714
0.763641964285714
0.759441964285714
0.75970625
0.76050625
0.762524107142857
0.765524107142857
0.767666964285714
0.766666964285714
0.765666964285714
0.763091964285714
0.760291964285714
0.760759821428571
0.764059821428572
0.766691964285714
0.766591964285714
0.766491964285714
0.764163392857143
0.761463392857143
0.762233035714286
0.766233035714286
0.769554464285714
0.769754464285714
0.769954464285714
0.767804464285714
0.765204464285714
0.764304464285714
0.765104464285714
0.766097321428572
0.768097321428571
0.770097321428572
0.770125892857143
0.769725892857143
0.769952678571429
0.770852678571428
0.771624107142857
0.771624107142857
0.771624107142857
0.771624107142857
0.771624107142857
0.770602678571428
0.768402678571429
0.766415178571429
0.765915178571429
0.765415178571428
0.765308035714286
0.765308035714286
0.764950892857143
0.764150892857143
0.763404464285715
0.763104464285714
0.762804464285714
0.76258125
0.76238125
0.763038392857143
0.764838392857143
0.766638392857143
0.768438392857143
0.770238392857143
0.772113392857143
0.774013392857143
0.775215178571429
0.775415178571429
0.776186607142857
0.784386607142857
0.792586607142857
0.798224107142857
0.802924107142857
0.805974107142857
0.806474107142857
0.80659375
0.79999375
0.79339375
0.791508035714286
0.791508035714286
0.793945535714285
0.800445535714286
0.806816964285714
0.809716964285714
0.812616964285714
0.818024107142857
0.824524107142857
0.82988125
0.83318125
0.836434821428572
0.837134821428571
0.837834821428571
0.839213392857143
0.840913392857143
0.842308035714286
0.843108035714286
