0.754139041095891
0.75443904109589
0.754739041095891
0.75503904109589
0.754722602739726
0.753522602739726
0.752322602739726
0.751122602739726
0.750662328767124
0.750362328767123
0.750062328767124
0.749715753424658
0.749215753424658
0.748715753424658
0.748215753424658
0.746363698630137
0.743763698630137
0.741163698630137
0.738974657534247
0.743874657534247
0.748774657534247
0.753674657534247
0.755500684931507
0.753800684931507
0.752100684931507
0.750400684931507
0.74835
0.74625
0.74415
0.741129452054795
0.735829452054795
0.730529452054795
0.725229452054794
0.715039041095891
0.70273904109589
0.69043904109589
0.679530821917808
0.679930821917809
0.680330821917808
0.680730821917809
0.682848630136986
0.686548630136987
0.690248630136986
0.693948630136986
0.69289794520548
0.69149794520548
0.690097945205479
0.689245890410959
0.689445890410959
0.689645890410959
0.689845890410959
0.68808698630137
0.68568698630137
0.68328698630137
0.681873287671233
0.685473287671233
0.689073287671233
0.692673287671233
0.697654109589041
0.703654109589041
0.709654109589041
0.715654109589041
0.716328082191781
0.716928082191781
0.717528082191781
0.719002054794521
0.721802054794521
0.724602054794521
0.727402054794521
0.715977397260274
0.701177397260274
0.686377397260274
0.675325342465754
0.677625342465753
0.679925342465753
0.682225342465753
0.685281506849315
0.688781506849315
0.692281506849315
0.695617123287671
0.695117123287671
0.694617123287671
0.694117123287671
0.696374657534247
0.701974657534247
0.707574657534247
0.713174657534247
0.714977397260274
0.716177397260274
0.717377397260274
0.718604794520548
0.719904794520548
0.721204794520548
0.722504794520548
0.720791095890411
0.717691095890411
0.714591095890411
0.711337671232877
0.706637671232877
0.701937671232877
0.697237671232877
0.695933561643836
0.697933561643836
0.699933561643836
0.701933561643836
0.707604794520548
0.713604794520548
0.719604794520548
0.722284246575343
0.718184246575342
0.714084246575342
0.709984246575343
0.710692465753425
0.713092465753425
0.715492465753425
0.71777191780822
0.719371917808219
0.720971917808219
0.722571917808219
0.724902054794521
0.72780205479452
0.730702054794521
0.733602054794521
0.733681506849315
0.733681506849315
0.733681506849315
0.733604794520548
0.733404794520548
0.733204794520548
0.733004794520548
0.733440410958904
0.734040410958904
0.734640410958905
0.735199315068494
0.735599315068493
0.735999315068493
0.736399315068494
0.735936301369863
0.734936301369863
0.733936301369863
0.732799315068493
0.726799315068493
0.720799315068493
0.714799315068493
0.712130821917808
0.713730821917808
0.715330821917809
0.716930821917808
0.717171917808219
0.717171917808219
0.717171917808219
0.717510273972603
0.718810273972603
0.720110273972603
0.721410273972603
0.723582876712329
0.726182876712329
0.728782876712329
0.731054109589041
0.729654109589041
0.728254109589041
0.726854109589041
0.726637671232877
0.727637671232877
0.728637671232877
0.729637671232877
0.728377397260274
0.726877397260274
0.725377397260275
0.725011643835617
0.727111643835617
0.729211643835617
0.731311643835617
0.732976027397261
0.73447602739726
0.735976027397261
0.737092465753425
0.735792465753425
0.734492465753425
0.733192465753425
0.733371917808219
0.734771917808219
0.736171917808219
0.737571917808219
0.73801301369863
0.73841301369863
0.73881301369863
0.738954109589041
0.738654109589041
0.738354109589041
0.738054109589041
0.736582876712329
0.734782876712329
0.732982876712329
0.731566438356165
0.731766438356165
0.731966438356164
0.732166438356165
0.733270547945206
0.734970547945206
0.736670547945206
0.738400684931507
0.742300684931507
0.746200684931507
0.750100684931507
0.751919863013699
0.750919863013699
0.749919863013699
0.748919863013699
0.749841780821918
0.751141780821918
0.752441780821918
0.753396575342466
0.753296575342466
0.753196575342466
0.753096575342466
0.753785616438357
0.754885616438356
0.755985616438356
0.757188356164384
0.759788356164383
0.762388356164384
0.764988356164384
0.767252739726027
0.769152739726027
0.771052739726027
0.772952739726028
0.771469178082192
0.769569178082192
0.767669178082191
0.766733561643836
0.768033561643836
0.769333561643836
0.770633561643836
0.772930821917809
0.775630821917808
0.778330821917809
0.780439041095891
0.77833904109589
0.776239041095891
0.77413904109589
0.772733561643836
0.771933561643836
0.771133561643836
0.770333561643836
0.772085616438356
0.773985616438356
0.775885616438357
0.777180136986301
0.777380136986301
0.777580136986301
0.777780136986301
0.774451369863014
0.770051369863014
0.765651369863014
0.761767808219178
0.760267808219178
0.758767808219178
0.757267808219178
0.756592465753425
0.756492465753425
0.756392465753425
