0.85845652173913
0.87115652173913
0.88385652173913
0.896556521739131
0.909256521739131
0.92195652173913
0.92674347826087
0.913443478260869
0.900143478260869
0.88684347826087
0.87354347826087
0.86024347826087
0.858813043478261
0.865013043478261
0.871213043478261
0.877413043478261
0.883613043478261
0.889813043478261
0.893821739130435
0.897621739130435
0.901421739130435
0.905221739130435
0.909021739130435
0.911713043478261
0.910413043478261
0.909113043478261
0.907813043478261
0.906513043478261
0.905213043478261
0.905895652173913
0.908395652173913
0.910895652173913
0.913395652173913
0.915895652173913
0.918395652173913
0.916765217391304
0.914265217391304
0.911765217391305
0.909265217391304
0.906765217391304
0.904982608695652
0.907982608695652
0.910982608695652
0.913982608695652
0.916982608695652
0.919982608695652
0.92024347826087
0.91694347826087
0.91364347826087
0.91034347826087
0.90704347826087
0.90374347826087
0.905691304347826
0.909491304347827
0.913291304347826
0.917091304347826
0.920891304347827
0.9247
0.9287
0.932700000000001
0.9367
0.940700000000001
0.944700000000001
0.951482608695652
0.963482608695652
0.975482608695652
0.987482608695653
0.999482608695652
1.01148260869565
1.01493913043478
1.01383913043478
1.01273913043478
1.01163913043478
1.01053913043478
1.00943913043478
1.00642608695652
1.00332608695652
1.00022608695652
0.997126086956521
0.994026086956521
0.990769565217391
0.987069565217391
0.983369565217391
0.979669565217391
0.975969565217391
0.972269565217391
0.97354347826087
0.97864347826087
0.98374347826087
0.98884347826087
0.99394347826087
0.99904347826087
0.993360869565218
0.986060869565218
0.978760869565217
0.971460869565218
0.964160869565218
0.958878260869565
0.963178260869565
0.967478260869566
0.971778260869566
0.976078260869566
0.980378260869565
0.982143478260869
0.981143478260869
0.98014347826087
0.97914347826087
0.97814347826087
0.97714347826087
0.975986956521739
0.97478695652174
0.973586956521739
0.97238695652174
0.97118695652174
0.969430434782609
0.961830434782609
0.954230434782609
0.946630434782609
0.939030434782609
0.931430434782609
0.930169565217391
0.938769565217391
0.947369565217391
0.955969565217391
0.964569565217391
0.973169565217392
0.975786956521739
0.975786956521739
0.975786956521739
0.975786956521739
0.975786956521739
0.975786956521739
0.984186956521739
0.99258695652174
1.00098695652174
1.00938695652174
1.01778695652174
1.0246652173913
1.0280652173913
1.0314652173913
1.0348652173913
1.0382652173913
1.0416652173913
1.04597826086957
1.05087826086957
1.05577826086957
1.06067826086957
1.06557826086956
1.07047826086957
1.07072173913044
1.07052173913044
1.07032173913043
1.07012173913043
1.06992173913043
1.06950434782609
1.06830434782609
1.06710434782609
1.06590434782609
1.06470434782609
1.06350434782609
1.061
1.0573
1.0536
1.0499
1.0462
1.0425
1.04045217391304
1.03875217391304
1.03705217391304
1.03535217391304
1.03365217391304
1.03407826086956
1.04867826086957
1.06327826086956
1.07787826086956
1.09247826086957
1.10707826086957
1.11602608695652
1.11762608695652
1.11922608695652
1.12082608695652
1.12242608695652
1.12402608695652
1.1267347826087
1.1298347826087
1.1329347826087
1.1360347826087
1.1391347826087
1.14145217391304
1.12655217391304
1.11165217391304
1.09675217391304
1.08185217391304
1.06695217391304
1.05709565217391
1.05669565217391
1.05629565217391
1.05589565217391
1.05549565217391
1.05509565217391
1.05684782608696
1.05974782608696
1.06264782608696
1.06554782608696
1.06844782608696
1.07134782608696
1.07979565217391
1.08849565217391
1.09719565217391
1.10589565217391
1.11459565217391
1.1213652173913
1.1226652173913
1.1239652173913
1.1252652173913
1.1265652173913
1.1278652173913
1.12577391304348
1.12107391304348
1.11637391304348
1.11167391304348
1.10697391304348
1.10227391304348
1.10261739130435
1.10371739130435
1.10481739130435
1.10591739130435
1.10701739130435
1.10785652173913
1.10745652173913
1.10705652173913
1.10665652173913
1.10625652173913
1.10585652173913
1.1004347826087
1.0895347826087
1.0786347826087
1.0677347826087
1.0568347826087
1.0459347826087
1.02329565217391
0.997395652173913
0.971495652173914
0.945595652173914
0.919695652173913
0.894334782608696
0.874634782608696
0.854934782608696
0.835234782608696
0.815534782608695
0.795834782608696
0.779108695652174
0.767008695652174
0.754908695652174
0.742808695652174
0.730708695652173
0.718608695652174
0.708943478260869
0.70034347826087
0.69174347826087
0.68314347826087
0.67454347826087
