1.04492931034483
1.04572931034483
1.04652931034483
1.04732931034483
1.04812931034483
1.04892931034483
1.04972931034483
1.05052931034483
1.05132931034483
1.05212931034483
1.05495689655172
1.05785689655172
1.06075689655172
1.06365689655172
1.06655689655172
1.06945689655172
1.07235689655172
1.07525689655172
1.07815689655172
1.07658793103448
1.07468793103448
1.07278793103448
1.07088793103448
1.06898793103448
1.06708793103448
1.06518793103448
1.06328793103448
1.06138793103448
1.05473620689655
1.04753620689655
1.04033620689655
1.03313620689655
1.02593620689655
1.01873620689655
1.01153620689655
1.00433620689655
0.997136206896552
0.99485
0.99335
0.99185
0.99035
0.988849999999999
0.987349999999999
0.98585
0.984349999999999
0.98285
0.98871551724138
0.996115517241379
1.00351551724138
1.01091551724138
1.01831551724138
1.02571551724138
1.03311551724138
1.04051551724138
1.04791551724138
1.05293620689655
1.05733620689655
1.06173620689655
1.06613620689655
1.07053620689655
1.07493620689655
1.07933620689655
1.08373620689655
1.08813620689655
1.08745344827586
1.08515344827586
1.08285344827586
1.08055344827586
1.07825344827586
1.07595344827586
1.07365344827586
1.07135344827586
1.06905344827586
1.06914310344828
1.07014310344828
1.07114310344828
1.07214310344828
1.07314310344828
1.07414310344828
1.07514310344828
1.07614310344828
1.07714310344828
1.07538448275862
1.07238448275862
1.06938448275862
1.06638448275862
1.06338448275862
1.06038448275862
1.05738448275862
1.05438448275862
1.05138448275862
1.04923620689655
1.04753620689655
1.04583620689655
1.04413620689655
1.04243620689655
1.04073620689655
1.03903620689655
1.03733620689655
1.03563620689655
1.03486724137931
1.03466724137931
1.03446724137931
1.03426724137931
1.03406724137931
1.03386724137931
1.03366724137931
1.03346724137931
1.03326724137931
1.03447413793103
1.03667413793103
1.03887413793103
1.04107413793103
1.04327413793103
1.04547413793103
1.04767413793103
1.04987413793103
1.05207413793103
1.05328103448276
1.05368103448276
1.05408103448276
1.05448103448276
1.05488103448276
1.05528103448276
1.05568103448276
1.05608103448276
1.05648103448276
1.05915689655172
1.06395689655172
1.06875689655172
1.07355689655172
1.07835689655172
1.08315689655172
1.08795689655172
1.09275689655172
1.09755689655172
1.09810862068966
1.09410862068966
1.09010862068966
1.08610862068966
1.08210862068966
1.07810862068966
1.07410862068966
1.07010862068966
1.06610862068966
1.0610775862069
1.0547775862069
1.0484775862069
1.0421775862069
1.0358775862069
1.0295775862069
1.0232775862069
1.0169775862069
1.0106775862069
1.00826724137931
1.01136724137931
1.01446724137931
1.01756724137931
1.02066724137931
1.02376724137931
1.02686724137931
1.02996724137931
1.03306724137931
1.03544655172414
1.03664655172414
1.03784655172414
1.03904655172414
1.04024655172414
1.04144655172414
1.04264655172414
1.04384655172414
1.04504655172414
1.04514310344828
1.04314310344828
1.04114310344828
1.03914310344828
1.03714310344828
1.03514310344828
1.03314310344828
1.03114310344828
1.02914310344828
1.02745344827586
1.02645344827586
1.02545344827586
1.02445344827586
1.02345344827586
1.02245344827586
1.02145344827586
1.02045344827586
1.01945344827586
1.01823275862069
1.01643275862069
1.01463275862069
1.01283275862069
1.01103275862069
1.00923275862069
1.00743275862069
1.00563275862069
1.00383275862069
1.00109137931035
0.995391379310344
0.989691379310345
0.983991379310345
0.978291379310345
0.972591379310345
0.966891379310344
0.961191379310344
0.955491379310345
0.94991551724138
0.94481551724138
0.939715517241379
0.93461551724138
0.929515517241379
0.924415517241379
0.91931551724138
0.91421551724138
0.90911551724138
0.90501551724138
0.90571551724138
0.906415517241379
0.907115517241379
0.907815517241379
0.908515517241379
0.909215517241379
0.90991551724138
0.910615517241379
0.911329310344827
0.912129310344827
0.912929310344827
0.913729310344827
0.914529310344828
0.915329310344827
0.916129310344828
0.916929310344827
0.917729310344827
0.917256896551723
0.905756896551724
0.894256896551724
0.882756896551725
0.871256896551724
0.859756896551725
0.848256896551724
0.836756896551724
0.825256896551724
0.814136206896552
0.808136206896552
0.802136206896551
0.796136206896553
0.790136206896552
0.784136206896552
0.778136206896551
0.772136206896552
0.766136206896552
0.759960344827587
0.748860344827587
0.737760344827587
0.726660344827586
0.715560344827587
0.704460344827587
0.693360344827587
0.682260344827586
0.671160344827586
