0.812020930232558
0.814520930232558
0.817020930232558
0.819520930232558
0.822020930232558
0.824520930232558
0.827020930232558
0.824079069767442
0.820579069767442
0.817079069767442
0.813579069767442
0.810079069767442
0.806579069767441
0.79990465116279
0.79250465116279
0.78510465116279
0.77770465116279
0.77030465116279
0.76290465116279
0.761993023255814
0.763593023255814
0.765193023255814
0.766793023255814
0.768393023255814
0.769993023255814
0.771279069767441
0.772379069767442
0.773479069767442
0.774579069767442
0.775679069767442
0.776779069767441
0.778200000000001
0.7799
0.7816
0.7833
0.784999999999999
0.7867
0.786941860465116
0.785341860465116
0.783741860465116
0.782141860465116
0.780541860465117
0.778941860465117
0.7794
0.7837
0.788
0.792300000000001
0.7966
0.8009
0.804534883720931
0.80623488372093
0.807934883720931
0.80963488372093
0.811334883720931
0.81303488372093
0.814555813953489
0.815155813953488
0.815755813953489
0.816355813953488
0.816955813953488
0.817555813953488
0.818127906976744
0.818327906976744
0.818527906976744
0.818727906976744
0.818927906976744
0.819127906976743
0.819327906976744
0.818160465116278
0.816960465116279
0.815760465116278
0.814560465116279
0.813360465116279
0.812160465116279
0.807160465116279
0.801660465116279
0.796160465116278
0.790660465116279
0.785160465116279
0.779660465116279
0.782462790697675
0.787462790697674
0.792462790697675
0.797462790697674
0.802462790697675
0.807462790697674
0.815602325581395
0.825102325581395
0.834602325581395
0.844102325581395
0.853602325581395
0.863102325581395
0.860690697674418
0.850490697674419
0.840290697674418
0.830090697674418
0.819890697674418
0.809690697674419
0.803686046511628
0.801686046511628
0.799686046511628
0.797686046511628
0.795686046511628
0.793686046511628
0.792606976744186
0.792806976744186
0.793006976744186
0.793206976744186
0.793406976744185
0.793606976744186
0.793318604651163
0.792018604651163
0.790718604651163
0.789418604651163
0.788118604651162
0.786818604651163
0.785937209302326
0.786437209302325
0.786937209302325
0.787437209302325
0.787937209302326
0.788437209302325
0.787793023255813
0.780093023255814
0.772393023255813
0.764693023255814
0.756993023255814
0.749293023255814
0.741913953488372
0.741113953488372
0.740313953488373
0.739513953488372
0.738713953488372
0.737913953488372
0.737113953488372
0.737362790697674
0.737662790697674
0.737962790697674
0.738262790697674
0.738562790697674
0.738862790697674
0.73236511627907
0.72476511627907
0.71716511627907
0.70956511627907
0.701965116279069
0.69436511627907
0.694209302325581
0.696309302325581
0.698409302325582
0.700509302325582
0.702609302325581
0.704709302325581
0.706067441860465
0.707067441860465
0.708067441860465
0.709067441860465
0.710067441860465
0.711067441860465
0.71136976744186
0.711169767441861
0.710969767441861
0.71076976744186
0.710569767441861
0.71036976744186
0.710120930232558
0.709820930232558
0.709520930232558
0.709220930232558
0.708920930232559
0.708620930232557
0.708637209302326
0.709137209302325
0.709637209302326
0.710137209302325
0.710637209302325
0.711137209302326
0.712362790697675
0.715262790697674
0.718162790697675
0.721062790697674
0.723962790697674
0.726862790697674
0.729281395348837
0.729881395348837
0.730481395348837
0.731081395348837
0.731681395348837
0.732281395348837
0.733032558139534
0.734932558139535
0.736832558139535
0.738732558139534
0.740632558139535
0.742532558139535
0.744437209302326
0.746537209302325
0.748637209302325
0.750737209302325
0.752837209302325
0.754937209302326
0.757037209302325
0.756067441860465
0.754867441860465
0.753667441860465
0.752467441860465
0.751267441860465
0.750067441860465
0.752132558139535
0.754832558139535
0.757532558139535
0.760232558139535
0.762932558139535
0.765632558139535
0.766323255813953
0.766323255813953
0.766323255813953
0.766323255813953
0.766323255813953
0.766323255813953
0.762090697674419
0.755590697674418
0.749090697674419
0.742590697674418
0.736090697674418
0.729590697674418
0.726830232558139
0.72703023255814
0.727230232558139
0.727430232558139
0.72763023255814
0.727830232558139
0.729286046511628
0.732186046511628
0.735086046511628
0.737986046511628
0.740886046511628
0.743786046511628
0.743932558139535
0.739432558139535
0.734932558139534
0.730432558139535
0.725932558139535
0.721432558139534
0.717741860465116
0.716141860465116
0.714541860465116
0.712941860465116
0.711341860465116
0.709741860465116
0.707937209302325
0.705237209302325
0.702537209302325
0.699837209302326
0.697137209302325
0.694437209302325
0.691941860465117
0.691441860465116
0.690941860465117
0.690441860465116
0.689941860465116
0.689441860465116
