0.797074074074074
0.796874074074074
0.796674074074074
0.796474074074074
0.796274074074074
0.796088888888889
0.795988888888889
0.795888888888889
0.795788888888889
0.795688888888889
0.794522222222223
0.790822222222222
0.787122222222222
0.783422222222222
0.779722222222222
0.777444444444445
0.776944444444445
0.776444444444444
0.775944444444445
0.775444444444445
0.775003703703704
0.774603703703704
0.774203703703704
0.773803703703704
0.773403703703703
0.773225925925926
0.773125925925926
0.773025925925926
0.772925925925926
0.772825925925925
0.776192592592593
0.779992592592593
0.783792592592592
0.787592592592592
0.791537037037037
0.799237037037037
0.806937037037037
0.814637037037037
0.822337037037037
0.827777777777777
0.823277777777778
0.818777777777777
0.814277777777777
0.809777777777778
0.807611111111111
0.810111111111111
0.812611111111111
0.815111111111111
0.817611111111111
0.818281481481481
0.816981481481481
0.815681481481482
0.814381481481481
0.813081481481481
0.812033333333334
0.811133333333333
0.810233333333334
0.809333333333333
0.808433333333333
0.810644444444445
0.813744444444444
0.816844444444444
0.819944444444444
0.823044444444444
0.823274074074073
0.823274074074074
0.823274074074074
0.823274074074074
0.822992592592592
0.819192592592593
0.815392592592593
0.811592592592593
0.807792592592593
0.80565925925926
0.809359259259259
0.813059259259259
0.816759259259259
0.820459259259259
0.823418518518519
0.825118518518518
0.826818518518519
0.828518518518519
0.830218518518518
0.830881481481481
0.830581481481482
0.830281481481482
0.829981481481481
0.829681481481482
0.827648148148149
0.824748148148149
0.821848148148148
0.818948148148148
0.816048148148148
0.81542962962963
0.81532962962963
0.81522962962963
0.81512962962963
0.81502962962963
0.81492962962963
0.81482962962963
0.814729629629629
0.81462962962963
0.81392962962963
0.80842962962963
0.802929629629629
0.79742962962963
0.791929629629629
0.789437037037037
0.795537037037037
0.801637037037037
0.807737037037037
0.813837037037037
0.815822222222222
0.811822222222222
0.807822222222222
0.803822222222222
0.799822222222222
0.7991
0.801
0.8029
0.8048
0.8067
0.807755555555556
0.808455555555556
0.809155555555556
0.809855555555556
0.810555555555555
0.816962962962963
0.824362962962963
0.831762962962963
0.839162962962963
0.846562962962963
0.845062962962963
0.843562962962963
0.842062962962963
0.840562962962963
0.83935925925926
0.839859259259259
0.84035925925926
0.84085925925926
0.841359259259259
0.842007407407407
0.843007407407407
0.844007407407408
0.845007407407407
0.846007407407407
0.847362962962963
0.849162962962963
0.850962962962963
0.852762962962963
0.854562962962963
0.853340740740741
0.850040740740741
0.846740740740741
0.843440740740741
0.840140740740741
0.839285185185185
0.839285185185185
0.839285185185185
0.839285185185185
0.839285185185185
0.840085185185185
0.840985185185185
0.841885185185185
0.842785185185185
0.843503703703703
0.839503703703704
0.835503703703704
0.831503703703704
0.827503703703704
0.824337037037038
0.824837037037037
0.825337037037037
0.825837037037037
0.826337037037037
0.82697037037037
0.82787037037037
0.82877037037037
0.829670370370371
0.83057037037037
0.830988888888889
0.830888888888889
0.830788888888889
0.830688888888889
0.830588888888889
0.832000000000001
0.8343
0.8366
0.8389
0.8412
0.837822222222222
0.832822222222222
0.827822222222222
0.822822222222222
0.817822222222222
0.809025925925926
0.799925925925926
0.790825925925926
0.781725925925926
0.772937037037037
0.768037037037037
0.763137037037037
0.758237037037037
0.753337037037037
0.750303703703703
0.753803703703703
0.757303703703704
0.760803703703703
0.764303703703704
0.763914814814815
0.756914814814815
0.749914814814815
0.742914814814815
0.735914814814815
0.732959259259259
0.733759259259259
0.734559259259259
0.73535925925926
0.736159259259259
0.739092592592593
0.743092592592593
0.747092592592593
0.751092592592593
0.755092592592593
0.752574074074074
0.748574074074074
0.744574074074075
0.740574074074074
0.736574074074075
0.738640740740741
0.740940740740741
0.743240740740741
0.745540740740741
0.747918518518519
0.750918518518519
0.753918518518518
0.756918518518519
0.759918518518519
0.761777777777778
0.760377777777777
0.758977777777778
0.757577777777778
0.756177777777777
0.756244444444444
0.758444444444444
0.760644444444444
0.762844444444445
0.765044444444445
0.765744444444444
0.765244444444444
0.764744444444444
0.764244444444444
0.763744444444444
0.763385185185185
0.763085185185185
0.762785185185185
0.762485185185185
0.762185185185185
0.763588888888889
0.765288888888889
0.766988888888889
0.768688888888889
