0.734603703703703
0.735803703703704
0.737003703703703
0.738203703703703
0.739403703703703
0.741003703703703
0.744903703703703
0.748803703703704
0.752703703703703
0.756603703703704
0.759733333333333
0.761033333333333
0.762333333333333
0.763633333333333
0.764933333333333
0.765744444444444
0.765944444444444
0.766144444444445
0.766344444444445
0.766544444444444
0.766981481481481
0.767581481481481
0.768181481481481
0.768781481481482
0.769381481481481
0.771018518518518
0.773018518518519
0.775018518518518
0.777018518518519
0.779018518518518
0.777018518518518
0.774518518518518
0.772018518518518
0.769518518518518
0.76714074074074
0.76794074074074
0.768740740740741
0.76954074074074
0.770340740740741
0.771455555555556
0.773955555555555
0.776455555555556
0.778955555555555
0.781455555555555
0.782855555555555
0.782055555555556
0.781255555555555
0.780455555555555
0.779655555555555
0.780155555555555
0.782055555555555
0.783955555555555
0.785855555555555
0.787755555555556
0.790851851851852
0.794651851851851
0.798451851851852
0.802251851851851
0.806051851851851
0.806740740740741
0.806540740740741
0.806340740740741
0.80614074074074
0.805940740740741
0.805833333333334
0.805733333333333
0.805633333333333
0.805533333333333
0.805166666666666
0.801466666666667
0.797766666666666
0.794066666666667
0.790366666666667
0.787377777777778
0.786877777777778
0.786377777777778
0.785877777777777
0.785377777777778
0.784914814814815
0.784514814814814
0.784114814814815
0.783714814814814
0.783314814814815
0.78307037037037
0.78297037037037
0.78287037037037
0.78277037037037
0.78267037037037
0.78517037037037
0.78897037037037
0.79277037037037
0.79657037037037
0.80037037037037
0.807348148148148
0.815048148148148
0.822748148148148
0.830448148148148
0.838148148148148
0.834099999999999
0.8296
0.8251
0.8206
0.816877777777777
0.819377777777778
0.821877777777778
0.824377777777777
0.826877777777778
0.828392592592592
0.827092592592592
0.825792592592592
0.824492592592592
0.823192592592592
0.822055555555555
0.821155555555555
0.820255555555555
0.819355555555555
0.818455555555555
0.819777777777777
0.822877777777778
0.825977777777777
0.829077777777778
0.832177777777777
0.833096296296296
0.833096296296295
0.833096296296296
0.833096296296296
0.833096296296296
0.829859259259259
0.826059259259259
0.822259259259259
0.818459259259259
0.814659259259259
0.818359259259259
0.822059259259259
0.825759259259259
0.829459259259259
0.832862962962963
0.834562962962963
0.836262962962963
0.837962962962963
0.839662962962963
0.84077037037037
0.84047037037037
0.84017037037037
0.83987037037037
0.83957037037037
0.838114814814815
0.835214814814815
0.832314814814815
0.829414814814815
0.826514814814815
0.825274074074074
0.825174074074074
0.825074074074074
0.824974074074074
0.824874074074074
0.824774074074075
0.824674074074074
0.824574074074074
0.824474074074074
0.824374074074074
0.819474074074074
0.813974074074074
0.808474074074074
0.802974074074074
0.797903703703703
0.804003703703703
0.810103703703704
0.816203703703703
0.822303703703703
0.826533333333334
0.822533333333333
0.818533333333333
0.814533333333333
0.810533333333333
0.8085
0.810399999999999
0.8123
0.8142
0.8161
0.817422222222222
0.818122222222222
0.818822222222222
0.819522222222222
0.820222222222222
0.82514074074074
0.83254074074074
0.839940740740741
0.847340740740741
0.854740740740741
0.855218518518518
0.853718518518519
0.852218518518518
0.850718518518519
0.849218518518518
0.84957037037037
0.85007037037037
0.85057037037037
0.85107037037037
0.851607407407407
0.852607407407407
0.853607407407408
0.854607407407407
0.855607407407407
0.856785185185185
0.858585185185185
0.860385185185185
0.862185185185185
0.863985185185185
0.863896296296296
0.860596296296296
0.857296296296297
0.853996296296296
0.850696296296296
0.849107407407407
0.849107407407407
0.849107407407407
0.849107407407407
0.849107407407408
0.849707407407407
0.850607407407407
0.851507407407407
0.852407407407407
0.853307407407407
0.850214814814814
0.846214814814815
0.842214814814815
0.838214814814815
0.834214814814815
0.834548148148148
0.835048148148148
0.835548148148148
0.836048148148148
0.836592592592593
0.837492592592593
0.838392592592592
0.839292592592592
0.840192592592592
0.840833333333334
0.840733333333333
0.840633333333333
0.840533333333334
0.840433333333333
0.841311111111111
0.843611111111111
0.845911111111111
0.848211111111111
0.850511111111111
0.848755555555556
0.843755555555555
0.838755555555555
0.833755555555555
0.828755555555555
0.82087037037037
0.81177037037037
0.80267037037037
0.79357037037037
0.78447037037037
0.778948148148148
0.774048148148148
0.769148148148148
0.764248148148148
