0.844116796875
0.830616796875
0.851784765625
0.859678515625
0.869109765625
0.868197265625
0.866638671875
0.872873046875
0.878366796875
0.882898046875
0.886430078125
0.888734765625
0.884129296875
0.886573046875
0.899417578125
0.897681640625
0.897951171875
0.900763671875
0.900400390625
0.904114453125
0.904092578125
0.892933203125
0.889930078125
0.894873828125
0.892492578125
0.890898828125
0.895275390625
0.900706640625
0.907279296875
0.917938671875
0.923832421875
0.919932421875
0.926071484375
0.929321484375
0.919541015625
0.922816015625
0.927187890625
0.937950390625
0.927048046875
0.926751171875
0.893469921875
0.891219921875
0.904094921875
0.901407421875
0.886907421875
0.894334765625
0.885272265625
0.887677734375
0.877410546875
0.874725390625
0.883525390625
0.880541015625
0.877311328125
0.882558203125
0.886867578125
0.882562109375
0.876716796875
0.872567578125
0.873436328125
0.877000390625
0.877761328125
0.884908203125
0.882383203125
0.880790234375
0.880544921875
0.869886328125
0.861236328125
0.861600390625
0.861194140625
0.860190234375
0.865546484375
0.872331640625
0.875769140625
0.877062890625
0.882106640625
0.881767578125
0.883647265625
0.879812109375
0.874715234375
0.879071484375
0.883538671875
0.886833984375
0.896708984375
0.897126953125
0.900509765625
0.885422265625
0.880953515625
0.877478515625
0.877178515625
0.858962890625
0.864101953125
0.874608203125
0.884768359375
0.887921484375
0.889180859375
0.889605859375
0.895155859375
0.904087109375
0.908018359375
0.900193359375
0.894805859375
0.895683984375
0.900934765625
0.904809765625
0.905474609375
0.904648046875
0.905130078125
0.910892578125
0.918437109375
0.919374609375
0.918719921875
0.921198046875
0.923821484375
0.927769921875
0.933226953125
0.940201953125
0.946536328125
0.944958203125
0.933938671875
0.928788671875
0.930053515625
0.936080078125
0.930919140625
0.928631640625
0.923629296875
0.934360546875
0.938970703125
0.944383203125
0.928505859375
0.924246484375
0.934392578125
0.917292578125
0.913492578125
0.918091015625
0.922223828125
0.924371484375
0.920480859375
0.913067578125
0.909994140625
0.914799609375
0.914012109375
0.920844140625
0.927770703125
0.931595703125
0.933086328125
0.933847265625
0.928030078125
0.929145703125
0.930245703125
0.935805859375
0.940608984375
0.941719140625
0.943319140625
0.948219921875
0.951282421875
0.945202734375
0.938727734375
0.937179296875
0.937583984375
0.937948828125
0.937067578125
0.944230078125
0.947536328125
0.947194140625
0.942894140625
0.943212109375
0.941574609375
0.947612109375
0.939821484375
0.937419921875
0.948599609375
0.958223828125
0.961511328125
0.961830078125
0.967341015625
0.960941015625
0.964363671875
0.966410546875
0.964345703125
0.964258203125
0.959416796875
0.955504296875
0.957083984375
0.959169921875
0.958192578125
0.961180078125
0.954264453125
0.948317578125
0.942382421875
0.941901171875
0.942142578125
0.943969140625
0.944491796875
0.946913671875
0.952041796875
0.955865234375
0.956266796875
0.957466796875
0.960751953125
0.962481640625
0.964055078125
0.962633203125
0.959888671875
0.963733984375
0.965259765625
0.964547265625
0.961730859375
0.956360546875
0.956369921875
0.963223046875
0.964705078125
0.972498828125
0.978823828125
0.981811328125
0.980145703125
0.975862890625
0.978698828125
0.978489453125
0.971763671875
0.961763671875
0.961312109375
0.957168359375
0.960837109375
0.951600390625
0.946533203125
0.940745703125
0.926898828125
0.920704296875
0.914273046875
0.900621484375
0.889371484375
0.878408984375
0.869048046875
0.869519921875
0.866935546875
0.870787109375
0.870837109375
0.870965234375
0.873427734375
0.877785546875
0.872604296875
0.861362890625
0.858687890625
0.862773046875
0.866510546875
0.860521484375
0.851446484375
0.839359765625
0.827841015625
0.828262890625
0.821175390625
0.827197265625
0.804656640625
0.803667578125
0.796911328125
0.807529296875
0.820540234374999
0.790461328125
0.797658203125
0.793980859375
0.813066796875
0.831693359375
