0.676579032258065
0.675679032258065
0.674779032258064
0.673879032258064
0.672979032258065
0.672079032258065
0.671179032258064
0.670279032258065
0.669379032258064
0.661569354838709
0.648069354838709
0.63456935483871
0.62106935483871
0.60756935483871
0.594069354838709
0.58056935483871
0.56706935483871
0.555156451612903
0.558056451612904
0.560956451612903
0.563856451612903
0.566756451612904
0.569656451612904
0.572556451612904
0.575456451612904
0.578356451612903
0.578998387096775
0.578398387096774
0.577798387096775
0.577198387096774
0.576598387096775
0.575998387096774
0.575398387096774
0.574798387096774
0.573191935483871
0.567391935483871
0.561591935483871
0.555791935483871
0.549991935483871
0.544191935483871
0.538391935483871
0.532591935483871
0.526791935483871
0.518766129032258
0.509966129032258
0.501166129032258
0.492366129032258
0.483566129032258
0.474766129032258
0.465966129032258
0.457166129032259
0.449875806451613
0.446275806451614
0.442675806451613
0.439075806451613
0.435475806451613
0.431875806451613
0.428275806451614
0.424675806451613
0.421075806451612
0.423766129032258
0.427666129032258
0.431566129032258
0.435466129032258
0.439366129032259
0.443266129032258
0.447166129032258
0.451066129032259
0.452024193548387
0.448324193548387
0.444624193548387
0.440924193548387
0.437224193548388
0.433524193548387
0.429824193548387
0.426124193548387
0.422424193548387
0.431353225806451
0.441153225806451
0.450953225806451
0.460753225806452
0.470553225806452
0.480353225806451
0.490153225806452
0.499953225806452
0.50326935483871
0.49966935483871
0.49606935483871
0.492469354838711
0.488869354838709
0.485269354838709
0.48166935483871
0.47806935483871
0.474769354838709
0.480469354838709
0.48616935483871
0.491869354838709
0.497569354838709
0.50326935483871
0.50896935483871
0.51466935483871
0.520369354838709
0.522120967741936
0.521020967741935
0.519920967741935
0.518820967741936
0.517720967741935
0.516620967741935
0.515520967741936
0.514420967741936
0.512843548387097
0.508043548387097
0.503243548387097
0.498443548387097
0.493643548387097
0.488843548387097
0.484043548387097
0.479243548387096
0.474443548387096
0.464224193548387
0.451424193548387
0.438624193548387
0.425824193548387
0.413024193548387
0.400224193548388
0.387424193548388
0.374624193548387
0.366159677419355
0.372559677419356
0.378959677419356
0.385359677419355
0.391759677419355
0.398159677419355
0.404559677419355
0.410959677419355
0.417359677419356
0.41385
0.40745
0.40105
0.39465
0.388250000000001
0.381850000000001
0.375450000000001
0.369050000000001
0.368166129032259
0.378866129032259
0.389566129032259
0.400266129032258
0.410966129032259
0.421666129032258
0.432366129032258
0.443066129032258
0.453766129032258
0.454711290322581
0.45421129032258
0.45371129032258
0.453211290322581
0.452711290322581
0.452211290322581
0.451711290322582
0.451211290322581
0.449620967741936
0.446520967741936
0.443420967741936
0.440320967741936
0.437220967741936
0.434120967741936
0.431020967741936
0.427920967741936
0.424820967741936
0.423462903225807
0.422162903225807
0.420862903225807
0.419562903225807
0.418262903225807
0.416962903225807
0.415662903225806
0.414362903225806
0.41548870967742
0.418888709677419
0.42228870967742
0.42568870967742
0.42908870967742
0.43248870967742
0.435888709677419
0.43928870967742
0.442882258064516
0.449282258064516
0.455682258064516
0.462082258064517
0.468482258064517
0.474882258064517
0.481282258064516
0.487682258064516
0.494082258064516
0.499624193548388
0.504624193548388
0.509624193548387
0.514624193548387
0.519624193548388
0.524624193548388
0.529624193548387
0.534624193548387
0.539333870967742
0.542533870967742
0.545733870967743
0.548933870967743
0.552133870967743
0.555333870967742
0.558533870967741
0.561733870967742
0.564933870967742
0.569056451612903
0.573556451612903
0.578056451612903
0.582556451612903
0.587056451612903
0.591556451612903
0.596056451612904
0.600556451612904
0.603998387096775
0.604398387096774
0.604798387096775
0.605198387096775
0.605598387096775
0.605998387096774
0.606398387096774
0.606798387096774
0.607198387096775
0.618646774193549
0.632746774193549
0.646846774193549
0.660946774193548
0.675046774193549
0.689146774193548
0.703246774193549
0.717346774193549
0.731056451612903
0.744056451612904
0.757056451612904
0.770056451612903
0.783056451612904
0.796056451612904
0.809056451612904
0.822056451612903
0.835056451612904
0.843720967741936
0.851920967741936
0.860120967741935
0.868320967741936
0.876520967741936
0.884720967741935
0.892920967741936
0.901120967741936
0.909185483870968
0.917085483870968
0.924985483870968
0.932885483870968
0.940785483870968
0.948685483870968
0.956585483870968
0.964485483870968
