0.781008181818182
0.784508181818182
0.788008181818182
0.791508181818182
0.795008181818182
0.796026363636364
0.789026363636364
0.782026363636364
0.775026363636364
0.768026363636363
0.764713636363637
0.765513636363637
0.766313636363636
0.767113636363636
0.767913636363637
0.770982727272728
0.774982727272727
0.778982727272727
0.782982727272728
0.786982727272728
0.783419090909091
0.779419090909091
0.775419090909091
0.771419090909091
0.768564545454546
0.770864545454546
0.773164545454545
0.775464545454546
0.777764545454545
0.780357272727273
0.783357272727273
0.786357272727273
0.789357272727273
0.792357272727273
0.792477272727273
0.791077272727273
0.789677272727273
0.788277272727272
0.786877272727273
0.788684545454545
0.790884545454545
0.793084545454545
0.795284545454546
0.797140909090909
0.796640909090909
0.796140909090909
0.795640909090909
0.795140909090909
0.794713636363636
0.794413636363636
0.794113636363636
0.793813636363636
0.793513636363636
0.794413636363637
0.796113636363637
0.797813636363637
0.799513636363637
0.801213636363637
0.801240909090909
0.800940909090909
0.800640909090909
0.800340909090909
0.799859090909091
0.797059090909091
0.794259090909091
0.79145909090909
0.788659090909091
0.788517272727272
0.794317272727273
0.800117272727273
0.805917272727273
0.811717272727272
0.814244545454545
0.814044545454545
0.813844545454546
0.813644545454545
0.813444545454545
0.813400909090909
0.813400909090909
0.813400909090909
0.813400909090909
0.813413636363636
0.814113636363637
0.814813636363637
0.815513636363636
0.816213636363636
0.818262727272727
0.824262727272727
0.830262727272728
0.836262727272727
0.842262727272727
0.846544545454546
0.849044545454546
0.851544545454546
0.854044545454545
0.856544545454546
0.858099090909091
0.859299090909091
0.860499090909091
0.86169909090909
0.862899090909091
0.863713636363636
0.864513636363636
0.865313636363636
0.866113636363636
0.867153636363637
0.869153636363637
0.871153636363636
0.873153636363636
0.875153636363636
0.874753636363637
0.871253636363637
0.867753636363637
0.864253636363637
0.860753636363637
0.85833
0.85643
0.85453
0.85263
0.85073
0.850102727272727
0.849602727272727
0.849102727272727
0.848602727272727
0.847797272727272
0.845197272727272
0.842597272727272
0.839997272727273
0.837397272727273
0.836057272727273
0.836757272727273
0.837457272727273
0.838157272727272
0.838857272727272
0.837331818181818
0.834431818181818
0.831531818181818
0.828631818181818
0.825731818181818
0.819755454545454
0.813255454545454
0.806755454545454
0.800255454545455
0.79431
0.79391
0.79351
0.79311
0.79271
0.793553636363636
0.796953636363636
0.800353636363637
0.803753636363637
0.807153636363637
0.809257272727273
0.810357272727273
0.811457272727273
0.812557272727272
0.813657272727273
0.815877272727273
0.818377272727273
0.820877272727273
0.823377272727272
0.825797272727273
0.826097272727273
0.826397272727273
0.826697272727273
0.826997272727273
0.828197272727272
0.831797272727273
0.835397272727273
0.838997272727272
0.842597272727272
0.843499090909091
0.841799090909091
0.840099090909091
0.838399090909091
0.836699090909091
0.833955454545455
0.830855454545455
0.827755454545455
0.824655454545454
0.821555454545455
0.822775454545455
0.824075454545455
0.825375454545454
0.826675454545455
0.828302727272727
0.831102727272728
0.833902727272728
0.836702727272727
0.839502727272728
0.84053
0.83943
0.83833
0.83723
0.83613
0.837379090909091
0.839679090909091
0.841979090909091
0.844279090909091
0.846579090909091
0.849157272727273
0.851757272727273
0.854357272727273
0.856957272727273
0.858673636363636
0.855873636363636
0.853073636363636
0.850273636363637
0.847473636363636
0.845473636363636
0.844673636363637
0.843873636363637
0.843073636363636
0.842273636363636
0.84001
0.83691
0.83381
0.83071
0.82761
0.830880909090909
0.835080909090909
0.839280909090909
0.843480909090909
0.847255454545455
0.847555454545455
0.847855454545455
0.848155454545455
0.848455454545455
0.848686363636363
0.848786363636364
0.848886363636363
0.848986363636363
0.849086363636364
0.848488181818182
0.847388181818182
0.846288181818182
0.845188181818181
0.844088181818182
0.844051818181818
0.844251818181818
0.844451818181818
0.844651818181819
0.844524545454546
0.838724545454546
0.832924545454546
0.827124545454546
0.821324545454546
0.812877272727273
0.797977272727273
0.783077272727273
0.768177272727273
0.753277272727273
0.745495454545454
0.744095454545454
0.742695454545455
0.741295454545455
0.739895454545455
0.737808181818182
0.735508181818182
0.733208181818182
0.730908181818182
