0.675794444444444
0.681194444444444
0.686594444444444
0.691994444444444
0.697394444444444
0.702794444444444
0.708194444444445
0.713594444444445
0.718994444444445
0.724394444444445
0.726061111111112
0.718861111111111
0.711661111111111
0.704461111111111
0.697261111111111
0.690061111111111
0.682861111111111
0.675661111111111
0.668461111111111
0.661261111111111
0.665142592592593
0.676642592592593
0.688142592592593
0.699642592592592
0.711142592592593
0.722642592592593
0.734142592592592
0.745642592592593
0.757142592592592
0.768642592592593
0.772675925925926
0.775775925925926
0.778875925925926
0.781975925925925
0.785075925925925
0.788175925925925
0.791275925925926
0.794375925925926
0.797475925925926
0.798853703703703
0.792653703703703
0.786453703703704
0.780253703703704
0.774053703703703
0.767853703703704
0.761653703703703
0.755453703703704
0.749253703703703
0.743053703703704
0.731942592592592
0.715542592592593
0.699142592592593
0.682742592592593
0.666342592592593
0.649942592592593
0.633542592592592
0.617142592592593
0.600742592592593
0.584342592592592
0.571520370370371
0.559720370370371
0.547920370370371
0.536120370370371
0.52432037037037
0.51252037037037
0.50072037037037
0.48892037037037
0.47712037037037
0.466668518518518
0.473068518518518
0.479468518518518
0.485868518518518
0.492268518518518
0.498668518518518
0.505068518518518
0.511468518518518
0.517868518518518
0.524268518518518
0.531742592592592
0.541042592592592
0.550342592592593
0.559642592592592
0.568942592592592
0.578242592592593
0.587542592592593
0.596842592592592
0.606142592592593
0.615442592592593
0.615875925925927
0.611875925925926
0.607875925925926
0.603875925925926
0.599875925925926
0.595875925925927
0.591875925925926
0.587875925925926
0.583875925925926
0.579875925925927
0.587816666666668
0.596216666666667
0.604616666666667
0.613016666666667
0.621416666666668
0.629816666666667
0.638216666666667
0.646616666666667
0.655016666666666
0.66575
0.68315
0.70055
0.717950000000001
0.73535
0.75275
0.77015
0.78755
0.804949999999999
0.82235
0.829583333333334
0.828683333333334
0.827783333333333
0.826883333333333
0.825983333333333
0.825083333333332
0.824183333333333
0.823283333333334
0.822383333333332
0.821483333333333
0.80985
0.796349999999999
0.78285
0.769349999999999
0.75585
0.742349999999999
0.728850000000001
0.715350000000001
0.701850000000001
0.690779629629629
0.69367962962963
0.696579629629629
0.69947962962963
0.70237962962963
0.70527962962963
0.70817962962963
0.711079629629629
0.71397962962963
0.71687962962963
0.718224074074074
0.717624074074074
0.717024074074074
0.716424074074074
0.715824074074073
0.715224074074075
0.714624074074074
0.714024074074074
0.713424074074074
0.712824074074073
0.708372222222222
0.702572222222222
0.696772222222221
0.690972222222221
0.685172222222222
0.679372222222222
0.673572222222222
0.667772222222221
0.661972222222222
0.656061111111111
0.647261111111111
0.638461111111111
0.629661111111111
0.620861111111111
0.612061111111112
0.603261111111111
0.594461111111111
0.585661111111111
0.576861111111111
0.569794444444445
0.566194444444445
0.562594444444444
0.558994444444445
0.555394444444445
0.551794444444444
0.548194444444444
0.544594444444444
0.540994444444444
0.537394444444444
0.538516666666666
0.542416666666667
0.546316666666666
0.550216666666667
0.554116666666666
0.558016666666667
0.561916666666666
0.565816666666667
0.569716666666666
0.573616666666666
0.570479629629629
0.566779629629629
0.563079629629629
0.559379629629629
0.555679629629629
0.551979629629629
0.548279629629629
0.544579629629629
0.54087962962963
0.540179629629629
0.54997962962963
0.559779629629629
0.569579629629628
0.579379629629629
0.58917962962963
0.59897962962963
0.60877962962963
0.618579629629629
0.62837962962963
0.631231481481481
0.627631481481481
0.624031481481481
0.620431481481481
0.616831481481481
0.613231481481482
0.609631481481481
0.606031481481481
0.602431481481481
0.59883148148148
0.602809259259258
0.608509259259259
0.614209259259259
0.619909259259259
0.625609259259258
0.63130925925926
0.637009259259259
0.642709259259258
0.648409259259259
0.653353703703703
0.652253703703704
0.651153703703704
0.650053703703704
0.648953703703704
0.647853703703704
0.646753703703704
0.645653703703704
0.644553703703704
0.643453703703704
0.640846296296296
0.636046296296296
0.631246296296296
0.626446296296296
0.621646296296297
0.616846296296296
0.612046296296296
0.607246296296296
0.602446296296296
0.597646296296297
0.587216666666667
0.574416666666667
0.561616666666667
0.548816666666666
0.536016666666666
0.523216666666667
0.510416666666667
0.497616666666667
0.484816666666667
