1.20933823529412
1.19283823529412
1.17633823529412
1.15983823529412
1.14333823529412
1.12683823529412
1.11033823529412
1.09383823529412
1.07733823529412
1.06083823529412
1.04433823529412
1.02783823529412
1.01133823529412
0.994838235294118
0.978338235294117
0.961838235294118
0.954455882352942
0.953455882352941
0.952455882352943
0.951455882352941
0.950455882352941
0.949455882352942
0.948455882352942
0.94745588235294
0.946455882352942
0.945455882352941
0.944455882352941
0.943455882352943
0.942455882352942
0.941455882352942
0.940455882352942
0.939244117647059
0.937044117647059
0.93484411764706
0.93264411764706
0.930444117647059
0.928244117647059
0.92604411764706
0.923844117647059
0.921644117647059
0.91944411764706
0.91724411764706
0.915044117647059
0.912844117647059
0.91064411764706
0.908444117647059
0.906244117647061
0.90190294117647
0.896902941176471
0.891902941176472
0.886902941176472
0.881902941176473
0.876902941176472
0.871902941176472
0.866902941176471
0.86190294117647
0.856902941176471
0.851902941176471
0.846902941176472
0.841902941176471
0.83690294117647
0.831902941176471
0.823091176470588
0.807291176470588
0.79149117647059
0.77569117647059
0.759891176470588
0.744091176470588
0.72829117647059
0.71249117647059
0.696691176470588
0.68089117647059
0.665091176470588
0.64929117647059
0.633491176470588
0.617691176470588
0.601891176470588
0.58609117647059
0.587514705882353
0.590014705882353
0.592514705882353
0.595014705882352
0.597514705882354
0.600014705882353
0.602514705882351
0.605014705882353
0.607514705882351
0.610014705882352
0.612514705882352
0.615014705882353
0.617514705882353
0.620014705882353
0.622514705882352
0.629514705882352
0.640514705882353
0.651514705882352
0.662514705882354
0.673514705882353
0.684514705882352
0.695514705882353
0.706514705882353
0.717514705882352
0.728514705882353
0.739514705882352
0.750514705882352
0.761514705882353
0.772514705882354
0.783514705882353
0.794397058823529
0.804397058823529
0.814397058823528
0.824397058823529
0.834397058823529
0.844397058823529
0.854397058823528
0.864397058823529
0.874397058823527
0.88439705882353
0.894397058823528
0.904397058823529
0.914397058823529
0.92439705882353
0.934397058823528
0.944397058823529
0.947338235294117
0.947338235294117
0.947338235294117
0.947338235294117
0.947338235294116
0.947338235294117
0.947338235294117
0.947338235294117
0.947338235294117
0.947338235294117
0.947338235294116
0.947338235294117
0.947338235294117
0.947338235294117
0.947338235294117
0.94675
0.944749999999999
0.942749999999999
0.94075
0.938749999999998
0.936749999999999
0.93475
0.93275
0.93075
0.928749999999999
0.92675
0.92475
0.92275
0.920749999999999
0.91875
0.916749999999998
0.911220588235294
0.905220588235294
0.899220588235294
0.893220588235293
0.887220588235293
0.881220588235294
0.875220588235292
0.869220588235295
0.863220588235293
0.857220588235292
0.851220588235294
0.845220588235295
0.839220588235293
0.833220588235294
0.827220588235292
0.828514705882352
0.838014705882352
0.847514705882353
0.857014705882353
0.866514705882354
0.876014705882353
0.885514705882353
0.895014705882352
0.904514705882352
0.914014705882353
0.923514705882354
0.933014705882354
0.942514705882353
0.952014705882354
0.961514705882352
0.970485294117648
0.970985294117647
0.971485294117648
0.971985294117647
0.972485294117648
0.972985294117647
0.973485294117647
0.973985294117646
0.974485294117649
0.974985294117648
0.975485294117647
0.975985294117646
0.976485294117647
0.976985294117647
0.977485294117648
0.977985294117647
0.976414705882353
0.973714705882353
0.971014705882352
0.968314705882353
0.965614705882352
0.962914705882354
0.960214705882353
0.957514705882353
0.954814705882353
0.952114705882353
0.949414705882354
0.946714705882352
0.944014705882352
0.941314705882354
0.938614705882353
0.936314705882353
0.935314705882353
0.934314705882353
0.933314705882353
0.932314705882353
0.931314705882354
0.930314705882356
0.929314705882354
0.928314705882353
0.927314705882353
0.926314705882353
0.925314705882353
0.924314705882354
0.923314705882352
0.922314705882354
0.921314705882354
0.924020588235296
0.927520588235294
0.931020588235294
0.934520588235294
0.938020588235296
0.941520588235294
0.945020588235294
0.948520588235294
0.952020588235295
0.955520588235294
0.959020588235295
0.962520588235293
0.966020588235295
0.969520588235293
0.973020588235293
0.977549999999999
0.983549999999999
0.98955
0.99555
1.00155
1.00755
1.01355
1.01955
1.02555
1.03155
1.03755
1.04355
1.04955
1.05555
1.06155
