1.51887692307692
1.52697692307692
1.53507692307692
1.54317692307692
1.55127692307692
1.55937692307692
1.56747692307692
1.57557692307692
1.58367692307692
1.59177692307692
1.59987692307692
1.58471538461538
1.56761538461538
1.55051538461538
1.53341538461538
1.51631538461538
1.49921538461539
1.48211538461538
1.46501538461539
1.44791538461538
1.43081538461539
1.44383846153846
1.46233846153846
1.48083846153846
1.49933846153846
1.51783846153846
1.53633846153846
1.55483846153846
1.57333846153846
1.59183846153846
1.61033846153846
1.59160769230769
1.56170769230769
1.53180769230769
1.50190769230769
1.47200769230769
1.44210769230769
1.41220769230769
1.38230769230769
1.35240769230769
1.32250769230769
1.31434615384615
1.31584615384615
1.31734615384616
1.31884615384615
1.32034615384615
1.32184615384615
1.32334615384615
1.32484615384615
1.32634615384615
1.32784615384615
1.32208461538462
1.31178461538462
1.30148461538462
1.29118461538462
1.28088461538462
1.27058461538462
1.26028461538462
1.24998461538462
1.23968461538462
1.22938461538462
1.22926153846154
1.23786153846154
1.24646153846154
1.25506153846154
1.26366153846154
1.27226153846154
1.28086153846154
1.28946153846154
1.29806153846154
1.30666153846154
1.32093846153846
1.34183846153846
1.36273846153846
1.38363846153846
1.40453846153846
1.42543846153846
1.44633846153846
1.46723846153846
1.48813846153846
1.50903846153846
1.50836153846154
1.47316153846154
1.43796153846154
1.40276153846154
1.36756153846154
1.33236153846154
1.29716153846154
1.26196153846154
1.22676153846154
1.19156153846154
1.16980769230769
1.17830769230769
1.18680769230769
1.19530769230769
1.20380769230769
1.21230769230769
1.22080769230769
1.22930769230769
1.23780769230769
1.24630769230769
1.2516
1.2462
1.2408
1.2354
1.23
1.2246
1.2192
1.2138
1.2084
1.203
1.20136923076923
1.22046923076923
1.23956923076923
1.25866923076923
1.27776923076923
1.29686923076923
1.31596923076923
1.33506923076923
1.35416923076923
1.37326923076923
1.39234615384615
1.41114615384615
1.42994615384615
1.44874615384615
1.46754615384615
1.48634615384615
1.50514615384615
1.52394615384615
1.54274615384615
1.56154615384615
1.58034615384615
1.59174615384615
1.60314615384615
1.61454615384615
1.62594615384615
1.63734615384615
1.64874615384615
1.66014615384615
1.67154615384615
1.68294615384615
1.69434615384615
1.68940769230769
1.68310769230769
1.67680769230769
1.67050769230769
1.66420769230769
1.65790769230769
1.65160769230769
1.64530769230769
1.63900769230769
1.63270769230769
1.63224615384615
1.63284615384615
1.63344615384615
1.63404615384615
1.63464615384615
1.63524615384615
1.63584615384615
1.63644615384615
1.63704615384615
1.63764615384615
1.63309230769231
1.62699230769231
1.62089230769231
1.61479230769231
1.60869230769231
1.60259230769231
1.59649230769231
1.59039230769231
1.58429230769231
1.57819230769231
1.57416923076923
1.57106923076923
1.56796923076923
1.56486923076923
1.56176923076923
1.55866923076923
1.55556923076923
1.55246923076923
1.54936923076923
1.54626923076923
1.5276
1.4992
1.4708
1.4424
1.414
1.3856
1.3572
1.3288
1.3004
1.272
1.25706153846154
1.25366153846154
1.25026153846154
1.24686153846154
1.24346153846154
1.24006153846154
1.23666153846154
1.23326153846154
1.22986153846154
1.22646153846154
1.22213846153846
1.21673846153846
1.21133846153846
1.20593846153846
1.20053846153846
1.19513846153846
1.18973846153846
1.18433846153846
1.17893846153846
1.17353846153846
1.16621538461538
1.15581538461538
1.14541538461538
1.13501538461538
1.12461538461538
1.11421538461539
1.10381538461538
1.09341538461538
1.08301538461538
1.07261538461538
1.04753846153846
0.989438461538463
0.931338461538463
0.873238461538463
0.815138461538463
0.757038461538463
0.698938461538462
0.640838461538463
0.582738461538463
0.524638461538462
0.475976923076924
0.458776923076924
0.441576923076924
0.424376923076924
0.407176923076924
0.389976923076923
0.372776923076922
0.355576923076924
0.338376923076924
0.321176923076924
0.304546153846153
0.291046153846153
0.277546153846153
0.264046153846154
0.250546153846154
0.237046153846154
0.223546153846153
0.210046153846153
0.196546153846154
0.183046153846155
0.167776923076923
0.131276923076924
0.0947769230769238
0.0582769230769236
0.0217769230769234
-0.0147230769230768
-0.0512230769230759
-0.0877230769230761
-0.124223076923076
-0.160723076923077
