0.87353
0.86333
0.85313
0.84293
0.83273
0.82253
0.81233
0.80582
0.803819999999999
0.80182
0.79982
0.79782
0.795819999999999
0.79382
0.7938
0.793999999999999
0.7942
0.794399999999999
0.7946
0.7948
0.794475
0.793175
0.791875
0.790575
0.789275
0.787975
0.786675
0.786815
0.787315
0.787815
0.788315
0.788815
0.789315
0.787764999999999
0.780064999999999
0.772365
0.764665
0.756965
0.749265
0.741565000000001
0.738695
0.737895
0.737095
0.736295
0.735495
0.734694999999999
0.734059999999999
0.73436
0.73466
0.73496
0.73526
0.73556
0.73586
0.73142
0.72382
0.71622
0.70862
0.70102
0.69342
0.686304999999999
0.688405
0.690505
0.692605
0.694705
0.696805
0.698905
0.700455
0.701455
0.702455
0.703455
0.704455
0.705455
0.706455
0.706315
0.706115
0.705915
0.705715
0.705515
0.705315
0.705075
0.704775
0.704475
0.704175
0.703874999999999
0.703575
0.703275
0.703655
0.704154999999999
0.704655
0.705155
0.705655
0.706155
0.707375
0.710275
0.713174999999999
0.716075
0.718974999999999
0.721875
0.724775
0.72595
0.72655
0.72715
0.727749999999999
0.728349999999999
0.72895
0.729809999999999
0.73171
0.73361
0.73551
0.73741
0.73931
0.74121
0.74324
0.745339999999999
0.747439999999999
0.74954
0.75164
0.75374
0.75551
0.75431
0.753109999999999
0.75191
0.75071
0.74951
0.74831
0.749255
0.751954999999999
0.754655
0.757355
0.760055
0.762755
0.765455
0.765455
0.765455
0.765455
0.765455
0.765455
0.765455
0.76253
0.75603
0.74953
0.74303
0.736529999999999
0.73003
0.723529999999999
0.72306
0.72326
0.72346
0.72366
0.72386
0.72406
0.725205
0.728105
0.731005
0.733905
0.736805
0.739705
0.742605
0.739584999999999
0.735084999999999
0.730584999999999
0.726084999999999
0.721584999999999
0.717085
0.713309999999999
0.71171
0.71011
0.708509999999999
0.70691
0.70531
0.70371
0.701339999999999
0.69864
0.69594
0.69324
0.69054
0.68784
0.68547
0.68497
0.68447
0.683969999999999
0.683469999999999
0.68297
0.682469999999999
0.682989999999999
0.68419
0.685389999999999
0.686589999999999
0.687789999999999
0.68899
0.690325
0.694224999999999
0.698125
0.702025
0.705925
0.709824999999999
0.713725
0.716325
0.717624999999999
0.718925
0.720225
0.721525
0.722825
0.724125
0.72438
0.72458
0.72478
0.72498
0.72518
0.72538
0.725740000000001
0.72634
0.726939999999999
0.72754
0.72814
0.728739999999999
0.72934
0.73113
0.733129999999999
0.73513
0.73713
0.73913
0.74113
0.74178
0.73928
0.73678
0.73428
0.73178
0.72928
0.72678
0.726755
0.727555000000001
0.728355
0.729155
0.729955
0.730755
0.731895
0.734395
0.736895
0.739395
0.741895
0.744395
0.746895
0.74725
0.74645
0.745649999999999
0.74485
0.74405
0.743249999999999
0.742719999999999
0.74462
0.74652
0.74842
0.75032
0.752219999999999
0.75412
0.757065
0.760865
0.764665
0.768465
0.772264999999999
0.776064999999999
