0.72315
0.72575
0.72835
0.730949999999999
0.73355
0.736149999999999
0.738749999999999
0.73946
0.73786
0.736259999999999
0.73466
0.73306
0.731459999999999
0.72986
0.72862
0.72742
0.72622
0.72502
0.72382
0.72262
0.72184
0.72184
0.72184
0.72184
0.721839999999999
0.72184
0.72184
0.72176
0.72166
0.72156
0.72146
0.72136
0.72126
0.722435
0.727435
0.732435000000001
0.737435
0.742435
0.747435
0.752435000000001
0.754495
0.755295
0.756095
0.756895
0.757695
0.758494999999999
0.75919
0.75929
0.75939
0.759489999999999
0.75959
0.75969
0.759789999999999
0.75977
0.75967
0.759569999999999
0.759469999999999
0.75937
0.75927
0.759234999999999
0.760434999999999
0.761635
0.762835
0.764035
0.765235
0.766435
0.767535
0.768535
0.769535
0.770535
0.771535
0.772535
0.773535000000001
0.77539
0.77729
0.77919
0.78109
0.78299
0.78489
0.78723
0.79023
0.793229999999999
0.796229999999999
0.799229999999999
0.802229999999999
0.80523
0.808144999999999
0.811044999999999
0.813945
0.816844999999999
0.819745
0.822644999999999
0.825425
0.827924999999999
0.830425
0.832924999999999
0.835424999999999
0.837925
0.840425
0.84105
0.84105
0.84105
0.84105
0.84105
0.841050000000001
0.84097
0.840569999999999
0.84017
0.83977
0.83937
0.83897
0.838569999999999
0.838559999999999
0.83876
0.83896
0.83916
0.83936
0.83956
0.83956
0.83776
0.83596
0.83416
0.83236
0.83056
0.828760000000001
0.8285
0.829500000000001
0.8305
0.8315
0.8325
0.8335
0.8345
0.8376
0.8407
0.8438
0.8469
0.85
0.8531
0.85377
0.85147
0.84917
0.84687
0.84457
0.84227
0.83997
0.838210000000001
0.83651
0.83481
0.833109999999999
0.83141
0.82971
0.829165
0.830764999999999
0.832364999999999
0.833965
0.835565
0.837164999999999
0.838765
0.840044999999999
0.841245
0.842445
0.843645
0.844845
0.846044999999999
0.84652
0.84482
0.84312
0.84142
0.83972
0.83802
0.83632
0.83868
0.84278
0.84688
0.85098
0.85508
0.85918
0.863625
0.870025
0.876425
0.882824999999999
0.889224999999999
0.895625
0.902024999999999
0.903564999999999
0.901865
0.900165
0.898465
0.896765
0.895065
0.89346
0.89366
0.89386
0.89406
0.89426
0.89446
0.894660000000001
0.89461
0.89431
0.89401
0.89371
0.89341
0.89311
0.89281
0.890705
0.888505
0.886305
0.884105
0.881905
0.879705
0.876385
0.871385
0.866384999999999
0.861385
0.856385
0.851385
0.846385
0.843934999999999
0.841934999999999
0.839935
0.837935
0.835935
0.833934999999999
0.832385
0.831885
0.831385
0.830885
0.830385
0.829885
0.829385
0.829485
0.829785
0.830085
0.830385
0.830684999999999
0.830985
0.831524999999999
0.833025
0.834525
0.836025
0.837525
0.839025
0.840525
0.842155
0.843854999999999
0.845555
0.847255
0.848955
0.850654999999999
0.851965
0.849764999999999
0.847565
0.845364999999999
0.843165
0.840965
0.838765
0.836675
0.834674999999999
0.832675
0.830675
0.828674999999999
0.826675
