0.763696142857143
0.764662714285714
0.765248142857143
0.763559285714286
0.761375571428571
0.762553285714286
0.762704714285714
0.760872142857143
0.759976142857143
0.761838428571429
0.761805857142857
0.762267857142857
0.762285285714286
0.762630714285714
0.763558714285714
0.764940428571429
0.763668142857143
0.760861285714286
0.760718142857143
0.759863571428571
0.758814142857143
0.757841571428571
0.757674714285714
0.757303571428571
0.758225285714286
0.757227857142857
0.757972142857143
0.758279285714286
0.757011
0.757494428571429
0.756513571428571
0.754927285714286
0.751819857142857
0.747809285714286
0.749696142857143
0.747019285714286
0.746240714285714
0.745943285714286
0.748267571428571
0.747237285714286
0.748145
0.752155285714286
0.751601857142857
0.749549571428571
0.748946714285714
0.746255285714286
0.746801857142857
0.747771285714286
0.747291571428571
0.749136428571429
0.748384142857143
0.747031
0.747153857142857
0.740304714285714
0.737426714285714
0.739661857142857
0.738085
0.737967
0.735249571428572
0.734968428571429
0.735736714285714
0.736147
0.734524142857143
0.737939
0.738353
0.736685857142857
0.736823285714286
0.737496714285714
0.736742714285714
0.736294428571429
0.732651285714286
0.729898142857143
0.730719
0.730358428571429
0.730519571428571
0.730369857142857
0.731568428571429
0.731409
0.732563285714286
0.729947285714286
0.730485571428571
0.731897
0.735571857142857
0.737528714285714
0.738645
0.742451
0.744647571428571
0.741667285714286
0.742584428571429
0.743153285714286
0.746864142857143
0.742759
0.743567
0.741783571428571
0.740157
0.743908428571429
0.747665571428571
0.746981
0.746025
0.747718714285714
0.745197857142857
0.741437857142857
0.742225
0.741223
0.741773
0.738308714285714
0.738158714285714
0.739512714285714
0.734556428571428
0.733180714285714
0.731375285714286
0.730436428571429
0.731482714285714
0.731059285714286
0.734617
0.729755285714286
0.730137857142857
0.728720142857143
0.731428142857143
0.733854142857143
0.732960428571429
0.733149857142857
0.732550142857143
0.732364428571429
0.732369285714286
0.736713
0.736033571428571
0.734020428571429
0.734220142857143
0.732685857142857
0.732239285714286
0.728438428571429
0.728944428571428
0.729646714285714
0.723075857142857
0.722961
0.723670142857143
0.720518714285714
0.720963
0.723504142857143
0.722665285714286
0.720251285714286
0.720829857142857
0.723537571428571
0.725366714285714
0.726628428571429
0.727113857142857
0.729065571428571
0.728751571428571
0.728154142857143
0.730705857142857
0.730713285714286
0.727968428571429
0.724105857142857
0.727143857142857
0.725439
0.727519
0.725284714285714
0.726955571428571
0.729127857142857
0.730059285714286
0.729943285714286
0.731161571428571
0.733060714285714
0.732473857142857
0.731985
0.735525571428571
0.735365571428571
0.737024714285714
0.738184714285714
0.741103571428571
0.743453857142857
0.744197857142857
0.745791571428571
0.745238714285714
0.748011
0.744595285714286
0.745603571428571
0.746385857142857
0.750617285714286
0.746342428571429
0.744378142857143
0.747211857142857
0.744509571428571
0.746719285714286
0.744896428571429
0.744750714285714
0.744455285714286
0.741497571428571
0.742428428571429
0.748067571428571
0.749548142857143
0.749498142857143
0.746072142857143
0.747109
0.745285
0.743142714285714
0.746491
0.748751
0.749185285714286
0.751863857142857
0.752307857142857
0.753223285714286
0.753677571428571
0.754881857142857
0.753825571428571
0.753561857142857
0.751946428571429
0.754884142857143
0.755602142857143
0.748597857142857
0.750851857142857
0.752561857142857
0.752376142857143
0.753962428571429
0.753765857142857
0.752653285714286
0.754771857142857
0.756495571428571
0.755289571428571
0.753014428571429
0.756289857142857
0.756405571428571
0.757011
0.756143857142857
0.754849857142857
0.756148142857143
0.756602142857143
0.756459
0.755829285714286
0.757167857142857
0.757035857142857
0.756815571428571
0.756169571428571
0.755439
0.755668142857143
0.755809571428571
0.755448714285714
0.754937857142857
0.754483
0.754259857142857
0.754262714285714
0.754462714285714
0.756580714285714
0.756401
0.756488142857143
0.760355571428571
0.760880142857143
0.759716142857143
0.761134428571429
0.762776142857143
0.763398428571429
0.765962142857143
0.767433285714286
0.766563857142857
0.768158714285714
0.769723285714286
0.769078142857143
0.769088142857143
0.769422142857143
0.769213285714286
0.766651857142857
