0.850810204081633
0.853310204081633
0.855810204081633
0.861085714285714
0.872085714285714
0.883085714285714
0.893432653061225
0.903432653061224
0.913432653061225
0.913636734693878
0.913636734693878
0.913024489795918
0.911024489795918
0.909024489795919
0.90449387755102
0.89849387755102
0.89249387755102
0.901361224489796
0.910861224489796
0.917789795918368
0.918289795918367
0.918789795918367
0.917330612244898
0.914630612244898
0.911930612244898
0.910826530612245
0.909826530612245
0.910020408163266
0.913520408163266
0.917020408163265
0.922
0.928
0.934
0.932377551020408
0.930077551020408
0.928830612244898
0.930830612244898
0.932830612244898
0.932087755102041
0.929287755102041
0.926487755102041
0.926022448979592
0.925822448979592
0.925397959183674
0.924197959183674
0.922997959183673
0.922018367346939
0.921218367346939
0.920418367346939
0.919442857142857
0.918442857142857
0.916932653061225
0.913432653061224
0.909932653061224
0.909881632653061
0.912881632653061
0.915881632653061
0.917081632653061
0.917981632653061
0.91950612244898
0.923806122448979
0.92810612244898
0.930977551020408
0.932477551020408
0.933977551020408
0.934640816326531
0.935140816326531
0.936277551020408
0.940677551020408
0.945077551020408
0.949624489795919
0.954324489795918
0.959024489795918
0.961928571428571
0.964428571428571
0.9668
0.9684
0.97
0.971834693877551
0.973934693877551
0.976034693877551
0.975348979591837
0.973948979591837
0.972573469387755
0.971373469387755
0.970173469387755
0.97099387755102
0.97429387755102
0.97759387755102
0.982134693877551
0.987034693877551
0.99154693877551
0.99264693877551
0.99374693877551
0.994761224489796
0.995661224489796
0.996561224489796
0.997536734693878
0.998536734693878
0.999904081632653
1.00540408163265
1.01090408163265
1.01754693877551
1.02584693877551
1.03414693877551
1.03554081632653
1.03444081632653
1.03347551020408
1.03457551020408
1.03567551020408
1.03192857142857
1.02052857142857
1.00912857142857
1.00815714285714
1.01135714285714
1.01470408163265
1.02150408163265
1.02830408163265
1.0322387755102
1.0312387755102
1.0302387755102
1.0289612244898
1.0275612244898
1.02621836734694
1.02761836734694
1.02901836734694
1.02955102040816
1.02845102040816
1.02735102040816
1.02739591836735
1.02799591836735
1.02859591836735
1.02829591836735
1.02799591836735
1.03027551020408
1.03787551020408
1.04547551020408
1.05085510204082
1.05505510204082
1.05925510204082
1.06169183673469
1.06409183673469
1.06450204081633
1.06040204081633
1.05630204081633
1.05441632653061
1.05381632653061
1.05321632653061
1.05501428571429
1.05691428571429
1.06021428571429
1.06701428571429
1.07381428571429
1.07853265306122
1.08193265306122
1.08533265306122
1.08601020408163
1.08651020408163
1.08687755102041
1.08687755102041
1.08687755102041
1.07989387755102
1.06809387755102
1.05629387755102
1.05882040816327
1.06262040816327
1.065
1.063
1.061
1.05242857142857
1.03892857142857
1.02542857142857
1.02198571428571
1.01968571428571
1.01996734693878
1.02916734693878
1.03836734693878
1.04183673469388
1.04063673469388
1.03943673469388
1.03130408163265
1.02220408163265
1.01457346938776
1.01267346938776
1.01077346938776
1.00908571428571
1.00758571428571
1.00608571428571
1.00921428571429
1.01311428571429
1.01629795918367
1.01629795918367
1.01629795918367
1.01650204081633
1.01690204081633
1.01730204081633
1.01234693877551
1.00634693877551
0.998910204081633
0.984110204081633
0.969310204081633
0.958330612244898
0.951330612244898
0.944330612244898
0.94614693877551
0.94994693877551
0.953904081632653
0.958804081632653
0.963704081632653
0.967336734693878
0.969536734693878
0.971736734693878
0.968285714285714
0.963385714285714
0.959195918367347
0.960095918367347
0.960995918367347
0.962748979591837
0.965548979591837
0.968348979591837
0.970451020408164
0.972351020408163
0.97404693877551
0.973946938775511
0.97384693877551
0.97284693877551
0.97064693877551
0.96844693877551
0.967832653061225
0.967732653061224
0.967689795918367
0.968289795918367
0.968889795918367
0.968755102040816
0.967555102040816
0.966355102040817
0.968020408163266
0.970720408163265
0.973408163265306
0.975908163265306
0.978408163265306
0.982110204081633
0.987710204081633
0.993310204081633
0.992124489795918
0.988224489795918
0.984189795918368
0.976989795918367
0.969789795918367
0.963251020408163
0.957851020408163
0.952451020408163
0.946495918367347
0.940295918367347
0.934144897959184
0.930344897959184
0.926544897959184
0.923924489795918
0.923524489795919
0.923124489795919
0.919155102040816
0.913455102040816
