1.09702727272727
1.08032727272727
1.06362727272727
1.04692727272727
1.03022727272727
1.01352727272727
0.996827272727273
0.980127272727272
0.963427272727272
0.946727272727273
0.930027272727273
0.913327272727272
0.898272727272726
0.899672727272727
0.901072727272726
0.902472727272726
0.903872727272727
0.905272727272726
0.906672727272726
0.908072727272726
0.909472727272726
0.910872727272726
0.912272727272726
0.913672727272727
0.911890909090909
0.895790909090908
0.879690909090908
0.863590909090908
0.847490909090908
0.831390909090907
0.815290909090909
0.799190909090908
0.783090909090908
0.766990909090908
0.750890909090907
0.734790909090907
0.719454545454544
0.706154545454545
0.692854545454545
0.679554545454545
0.666254545454544
0.652954545454544
0.639654545454544
0.626354545454545
0.613054545454546
0.599754545454545
0.586454545454545
0.573154545454545
0.563272727272726
0.559372727272726
0.555472727272726
0.551572727272726
0.547672727272727
0.543772727272727
0.539872727272726
0.535972727272726
0.532072727272726
0.528172727272726
0.524272727272726
0.520372727272726
0.511154545454544
0.495554545454544
0.479954545454544
0.464354545454545
0.448754545454544
0.433154545454544
0.417554545454544
0.401954545454545
0.386354545454546
0.370754545454545
0.355154545454544
0.339554545454545
0.340645454545454
0.355645454545454
0.370645454545455
0.385645454545454
0.400645454545453
0.415645454545454
0.430645454545455
0.445645454545454
0.460645454545453
0.475645454545454
0.490645454545455
0.505645454545454
0.516127272727272
0.524027272727273
0.531927272727273
0.539827272727273
0.547727272727272
0.555627272727273
0.563527272727272
0.571427272727273
0.579327272727272
0.587227272727272
0.595127272727273
0.603027272727272
0.589981818181818
0.569081818181817
0.548181818181818
0.527281818181818
0.506381818181819
0.485481818181818
0.464581818181817
0.443681818181819
0.422781818181818
0.401881818181818
0.380981818181818
0.360081818181818
0.350963636363636
0.344463636363635
0.337963636363635
0.331463636363636
0.324963636363635
0.318463636363636
0.311963636363635
0.305463636363636
0.298963636363634
0.292463636363635
0.285963636363635
0.279463636363635
0.283781818181818
0.289181818181816
0.294581818181817
0.299981818181817
0.305381818181817
0.310781818181818
0.316181818181816
0.321581818181818
0.326981818181817
0.332381818181818
0.337781818181818
0.343181818181818
0.335981818181818
0.328781818181819
0.321581818181818
0.314381818181818
0.307181818181818
0.299981818181818
0.292781818181817
0.285581818181818
0.278381818181818
0.271181818181818
0.263981818181819
0.258481818181818
0.269981818181818
0.281481818181819
0.292981818181818
0.304481818181818
0.315981818181817
0.327481818181818
0.338981818181818
0.350481818181817
0.361981818181818
0.373481818181818
0.384981818181818
0.394954545454544
0.398054545454544
0.401154545454545
0.404254545454545
0.407354545454545
0.410454545454546
0.413554545454544
0.416654545454544
0.419754545454545
0.422854545454545
0.425954545454544
0.429054545454545
0.429618181818181
0.423418181818182
0.41721818181818
0.411018181818182
0.404818181818181
0.398618181818181
0.392418181818181
0.386218181818181
0.380018181818182
0.373818181818182
0.36761818181818
0.361418181818182
0.35150909090909
0.335109090909091
0.31870909090909
0.30230909090909
0.285909090909091
0.26950909090909
0.25310909090909
0.23670909090909
0.22030909090909
0.203909090909091
0.187509090909091
0.171109090909091
0.1568
0.145
0.1332
0.121399999999999
0.109599999999999
0.0977999999999998
0.0859999999999994
0.074199999999999
0.0624
0.0505999999999996
0.0387999999999993
0.0269999999999989
0.0251272727272723
0.031527272727273
0.0379272727272723
0.0443272727272715
0.0507272727272722
0.0571272727272728
0.0635272727272721
0.0699272727272714
0.0763272727272719
0.0827272727272712
0.0891272727272718
0.0955272727272725
0.103772727272727
0.113072727272726
0.122372727272726
0.131672727272727
0.140972727272726
0.150272727272727
0.159572727272727
0.168872727272726
0.178172727272727
0.187472727272727
0.196772727272728
0.206072727272728
0.2057
0.2017
0.197700000000001
0.1937
0.189699999999999
0.1857
0.181700000000001
0.1777
0.173700000000001
0.1697
0.1657
0.1617
0.167845454545454
0.176245454545455
0.184645454545455
0.193045454545454
0.201445454545454
0.209845454545454
0.218245454545454
0.226645454545454
0.235045454545455
0.243445454545453
0.251845454545454
0.260245454545454
0.276827272727272
0.294227272727274
0.311627272727272
0.329027272727273
0.346427272727272
0.363827272727272
0.381227272727273
0.398627272727272
0.416027272727273
0.433427272727272
0.450827272727273
