0.771948648648648
0.770748648648648
0.769548648648648
0.768348648648648
0.767148648648649
0.765948648648648
0.764748648648648
0.763548648648648
0.76777027027027
0.77247027027027
0.77717027027027
0.78187027027027
0.786570270270271
0.79127027027027
0.79597027027027
0.794051351351351
0.790851351351351
0.787651351351351
0.784451351351351
0.781251351351351
0.778051351351351
0.77485135135135
0.774905405405405
0.776005405405405
0.777105405405405
0.778205405405406
0.779305405405405
0.780405405405405
0.781505405405405
0.781389189189189
0.780689189189189
0.779989189189189
0.779289189189189
0.77858918918919
0.777889189189189
0.777189189189189
0.778927027027027
0.782327027027027
0.785727027027026
0.789127027027026
0.792527027027027
0.795927027027026
0.799327027027027
0.801083783783783
0.801283783783784
0.801483783783783
0.801683783783783
0.801883783783783
0.802083783783783
0.802283783783783
0.803737837837837
0.806837837837837
0.809937837837837
0.813037837837837
0.816137837837837
0.819237837837838
0.822337837837838
0.825086486486486
0.827186486486486
0.829286486486487
0.831386486486485
0.833486486486487
0.835586486486486
0.837686486486486
0.839191891891892
0.839091891891892
0.838991891891891
0.838891891891891
0.838791891891891
0.838691891891891
0.838591891891891
0.838435135135135
0.838035135135134
0.837635135135135
0.837235135135135
0.836835135135135
0.836435135135134
0.836035135135135
0.83557027027027
0.83457027027027
0.83357027027027
0.83257027027027
0.83157027027027
0.83057027027027
0.82957027027027
0.828583783783783
0.828083783783784
0.827583783783784
0.827083783783784
0.826583783783784
0.826083783783783
0.825583783783784
0.825083783783784
0.825718918918918
0.826418918918918
0.827118918918919
0.827818918918919
0.828518918918919
0.829218918918919
0.829918918918918
0.829667567567567
0.829267567567568
0.828867567567567
0.828467567567568
0.828067567567567
0.827667567567567
0.827267567567567
0.826945945945945
0.826645945945946
0.826345945945945
0.826045945945946
0.825745945945946
0.825445945945946
0.825145945945946
0.825759459459459
0.82675945945946
0.82775945945946
0.828759459459459
0.82975945945946
0.830759459459459
0.831759459459459
0.832200000000001
0.8323
0.8324
0.8325
0.8326
0.832699999999999
0.8328
0.832791891891892
0.832691891891892
0.832591891891892
0.832491891891892
0.832391891891892
0.832291891891892
0.832191891891892
0.832137837837838
0.832137837837837
0.832137837837838
0.832137837837838
0.832137837837838
0.832137837837837
0.832137837837838
0.831872972972973
0.831172972972973
0.830472972972973
0.829772972972973
0.829072972972973
0.828372972972973
0.827672972972973
0.825486486486486
0.819786486486486
0.814086486486486
0.808386486486486
0.802686486486486
0.796986486486486
0.791286486486487
0.786581081081081
0.785481081081081
0.784381081081081
0.78328108108108
0.782181081081081
0.781081081081081
0.779981081081081
0.77911081081081
0.779710810810811
0.780310810810811
0.78091081081081
0.781510810810811
0.782110810810811
0.782710810810811
0.783056756756756
0.778956756756756
0.774856756756757
0.770756756756757
0.766656756756757
0.762556756756756
0.758456756756757
0.754356756756757
0.752786486486486
0.751286486486486
0.749786486486487
0.748286486486487
0.746786486486485
0.745286486486486
0.743786486486486
0.746032432432432
0.748732432432433
0.751432432432432
0.754132432432432
0.756832432432432
0.759532432432432
0.762232432432432
0.765662162162162
0.769262162162162
0.772862162162162
0.776462162162162
0.780062162162161
0.783662162162162
0.787262162162162
0.781448648648648
0.772148648648648
0.762848648648648
0.753548648648649
0.744248648648648
0.734948648648648
0.725648648648648
0.721083783783784
0.719083783783783
0.717083783783783
0.715083783783783
0.713083783783783
0.711083783783783
0.709083783783783
0.709524324324324
0.711824324324324
0.714124324324324
0.716424324324324
0.718724324324324
0.721024324324325
0.723324324324324
0.723532432432433
0.721532432432432
0.719532432432433
0.717532432432433
0.715532432432432
0.713532432432432
0.711532432432433
0.711032432432432
0.712732432432432
0.714432432432433
0.716132432432432
0.717832432432432
0.719532432432433
0.721232432432432
0.724359459459458
0.730459459459459
0.73655945945946
0.742659459459459
0.748759459459458
0.754859459459459
0.760959459459459
0.766232432432432
0.768932432432432
0.771632432432432
0.774332432432432
0.777032432432432
0.779732432432433
0.782432432432432
0.784645945945946
0.784345945945946
0.784045945945946
0.783745945945946
0.783445945945946
0.783145945945945
0.782845945945945
0.782675675675676
0.783975675675675
0.785275675675676
0.786575675675675
0.787875675675676
0.789175675675675
0.790475675675676
