15.4840897097625
15.4820580474934
15.4889973614776
15.4952269129288
15.5247018469657
15.5231688654354
15.5297361477573
15.5161292875989
15.5249340369393
15.5188416886544
15.5100527704485
15.4967044854881
15.4902955145119
15.4958311345646
15.5021530343008
15.4955672823219
15.4932084432718
15.5060686015831
15.512216358839
15.5181741424802
15.5155408970976
15.5076649076517
15.5103166226913
15.5131398416887
15.5127968337731
15.5134036939314
15.5163852242744
15.5163852242744
15.5163852242744
15.5134564643799
15.5144116094987
15.5163852242744
15.5134300791557
15.5215039577836
15.5172823218997
15.5145910290237
15.5134300791557
15.5249604221636
15.5218047493404
15.5219472295515
15.5234881266491
15.525216358839
15.5271503957784
15.5318073878628
15.5257783641161
15.5268416886544
15.5307387862797
15.5307387862797
15.5316886543536
15.5287598944591
15.5271503957784
15.530290237467
15.5258839050132
15.5332453825858
15.5361741424802
15.5361213720317
15.5377044854881
15.5420580474934
15.5398153034301
15.5361213720317
15.5436147757256
15.5433509234828
15.5443007915567
15.5466490765172
15.5442480211082
15.5167572559367
15.4855092348285
15.4887071240106
15.4840897097625
15.4758575197889
15.4832401055409
15.5006886543536
15.4884168865435
15.4752612137203
15.4840897097625
15.4789102902375
15.4839841688654
15.481401055409
15.4742744063325
15.475382585752
15.4601846965699
15.4504142480211
15.4501794195251
15.4600527704485
15.471562005277
15.468345646438
15.4686437994723
15.4693667546174
15.4660422163588
15.4606068601583
15.4595883905013
15.462216358839
15.4581266490765
15.4576649076517
15.4536042216359
15.4509234828496
15.4517941952507
15.4524538258575
15.4621899736148
15.4531926121372
15.4518575197889
15.45
15.45
15.4447493403694
15.4501160949868
15.4474142480211
15.4467810026385
15.45
15.4521319261214
15.4597546174142
15.4592928759894
15.4554432717678
15.4588337730871
15.460765171504
15.4627546174142
15.4659023746702
15.4643535620053
15.475672823219
15.4835092348285
15.4869604221636
15.4817678100264
15.4821873350923
15.4805540897098
15.4858839050132
15.4988865435356
15.4966490765171
15.4824749340369
15.4828759894459
15.4877836411609
15.5035171503958
15.4984432717678
15.4914802110818
15.4826121372032
15.4922849604222
15.4882058047493
15.5302031662269
15.4984432717678
15.4998970976253
15.5133245382586
15.5192453825858
15.5136833773087
15.5063562005277
15.5064116094987
15.518253298153
15.5085435356201
15.4982981530343
15.4954617414248
15.4871266490765
15.4767018469657
15.4547229551451
15.4535831134565
15.4489182058047
15.4529551451187
15.4566385224274
15.4601319261214
15.45572823219
15.455382585752
15.4517941952507
15.4598153034301
15.4637018469657
15.4652612137203
15.4736015831135
15.4777572559367
15.4760422163588
15.4859894459103
15.4849551451187
15.4790765171504
15.4791029023747
15.4805013192612
15.4858839050132
15.4858839050132
15.4787071240106
15.4698416886544
15.4516094986807
15.4414617414248
15.4428944591029
15.4465065963061
15.4419894459103
15.4428443271768
15.4422770448549
15.4432137203166
15.444617414248
15.4486279683377
15.4464907651715
15.4365963060686
15.439234828496
15.4426068601583
15.4387862796834
15.4389182058047
15.444617414248
15.4393403693931
15.4341134564644
15.4395936675462
15.4344617414248
15.4185488126649
15.4219050131926
15.4201635883905
15.4195250659631
15.4194986807388
15.4175145118733
15.4189709762533
15.4156094986807
15.4123218997361
15.4142427440633
