14.0488219178082
14.0651506849315
14.0552876712329
14.0646849315068
14.0516164383562
14.0373945205479
14.0320547945205
14.0320547945205
14.0320547945205
14.0320547945205
14.0320547945205
14.0320547945205
14.0320547945205
14.0320547945205
14.0320547945205
14.0320547945205
14.0320547945205
14.0320547945205
14.0320547945205
14.0320547945205
14.0320547945205
14.0320547945205
14.0320547945205
14.0320547945205
14.0320547945205
14.0320547945205
14.0320547945205
14.0320547945205
14.0320547945205
14.0320547945205
14.0320547945205
14.0320547945205
14.0320547945205
14.0320547945205
14.0320547945205
14.0320547945205
14.0320547945205
14.0320547945205
14.0320547945205
14.0320547945205
14.0320547945205
14.0320547945205
14.0320547945205
14.0320547945205
14.0320547945205
14.0320547945205
14.0320547945205
14.0320547945205
14.0320547945205
14.0320547945205
14.0320547945205
14.0320547945205
14.0320547945205
14.0320547945205
14.0320547945205
14.0320547945205
14.0320547945205
14.0320547945205
14.0320547945205
14.0320547945205
14.0320547945205
14.0320547945205
14.0320547945205
14.0320547945205
14.0320547945205
14.0320547945205
14.0320547945205
14.0320547945205
14.0320547945205
14.0320547945205
14.0320547945205
14.0320547945205
14.0320547945205
14.0320547945205
14.0320547945205
14.0320547945205
14.0320547945205
14.0320547945205
14.0320547945205
14.0320547945205
14.0320547945205
14.0320547945205
14.0320547945205
14.0320547945205
14.0320547945205
14.0320547945205
14.0320547945205
14.0320547945205
14.0320547945205
14.0320547945205
14.0320547945205
14.0320547945205
14.0320547945205
14.0320547945205
14.0320547945205
14.0320547945205
14.0320547945205
14.0320547945205
14.0320547945205
14.0320547945205
14.0320547945205
14.0320547945205
14.0320547945205
14.0320547945205
14.0320547945205
14.0320547945205
14.0320547945205
14.0320547945205
14.0320547945205
14.044602739726
14.0652054794521
14.0723287671233
14.0854301369863
14.1090410958904
14.1235178082192
14.1203808219178
14.1494246575342
14.1849315068493
14.1858082191781
14.1629315068493
14.160602739726
14.1689863013699
14.1538082191781
14.1685753424658
14.1578082191781
14.1502739726027
14.1602739726027
14.150397260274
14.1495945205479
14.1620821917808
14.1580328767123
14.1542301369863
14.1587945205479
14.1715890410959
14.1744383561644
14.1822191780822
14.1707561643836
14.176698630137
14.1796712328767
14.1701095890411
14.1689863013699
14.1702191780822
14.174295890411
14.1772109589041
14.1717808219178
14.1745753424658
14.1763835616438
14.1689123287671
14.1550136986301
14.1555342465753
14.1508876712329
14.1465479452055
14.1436383561644
14.1564109589041
14.1412602739726
14.1458547945205
14.1436219178082
14.1471506849315
14.1399452054795
14.1383287671233
14.128602739726
14.1333698630137
14.1382465753425
14.1382465753425
14.1406575342466
14.1410410958904
14.1437808219178
14.1523315068493
14.1625753424658
14.1696712328767
14.1578082191781
14.1499178082192
14.1550136986301
14.1442191780822
14.1494246575342
14.1404109589041
14.137698630137
14.1372849315068
14.1353424657534
14.1341643835616
14.1329863013699
14.1401917808219
14.1506794520548
14.160602739726
14.152602739726
14.1382191780822
14.1019178082192
14.1037808219178
14.1110136986301
14.1037260273973
14.1128219178082
14.1146931506849
14.1186849315068
14.1186849315068
14.110904109589
14.1087150684932
14.1110630136986
14.113095890411
14.0724931506849
14.0898356164384
14.0790356164384
14.0641095890411
14.0761260273973
14.0788219178082
