13.9280263157895
13.9380263157895
13.9546052631579
13.9777631578947
14.0077631578947
14.0085526315789
14.0022368421053
13.9954210526316
13.9964210526316
13.9945789473684
13.9768421052632
13.9556842105263
13.9536842105263
13.9636578947368
13.9792894736842
13.9892894736842
13.9702894736842
13.9772368421053
13.9817105263158
13.9798157894737
13.9708157894737
13.9774473684211
13.9711842105263
13.9530263157895
13.9430263157895
13.9414473684211
13.9414473684211
13.9398684210526
13.9298684210526
13.9525
13.9682894736842
13.9669736842105
13.9569736842105
13.9627631578947
13.9638157894737
13.9559210526316
13.9659210526316
13.9606578947368
13.9590789473684
13.9682894736842
13.9682894736842
13.9682894736842
13.9722368421053
13.9817105263158
13.9817105263158
13.9746052631579
13.9682894736842
13.9682894736842
13.9682894736842
13.9751315789474
13.9817105263158
13.9817105263158
14.0017105263158
14.0019736842105
13.9951315789474
13.9951315789474
13.9756578947368
13.9809210526316
13.9980263157895
14.0080263157895
13.9990789473684
13.9951315789474
13.9953947368421
13.9963947368421
13.9854210526316
13.9803684210526
13.9829736842105
13.9939736842105
14.0031842105263
14.0077631578947
14.0085526315789
14.0085526315789
13.9998684210526
14.0003947368421
14.0092894736842
14.0132894736842
14.0139210526316
14.0169210526316
14.0188157894737
13.9988157894737
14.0032894736842
14.0085526315789
14.0098684210526
14.0198684210526
14.0132894736842
14.0031842105263
13.9951315789474
13.9951315789474
14.0027631578947
14.0123421052632
14.0207105263158
14.0217105263158
14.0079736842105
14.0039736842105
14.0214473684211
14.0114473684211
14.0085526315789
14.0089210526316
14.0098684210526
14.0088684210526
14.0085526315789
14.0116315789474
14.0206315789474
14.0116315789474
14.0151315789474
14.0216578947368
14.0206578947368
14.0118684210526
14.0085526315789
14.0056578947368
13.9956578947368
14.0046052631579
14.0121842105263
14.0123947368421
13.9963947368421
14.0135526315789
14.0167631578947
14.0117894736842
14.0197894736842
14.0125789473684
14.0085526315789
14.0106578947368
14.0206578947368
14.0132894736842
14.0085526315789
14.0103947368421
14.0203947368421
14.0396578947368
14.0446578947368
14.0353947368421
14.0353947368421
14.0353947368421
14.0401315789474
14.0488157894737
14.0488157894737
14.0488157894737
14.0443421052632
14.0346578947368
14.0276578947368
14.0244736842105
14.0271052631579
14.0361842105263
14.0461842105263
14.0488157894737
14.0488157894737
14.0503947368421
14.0803947368421
14.0890789473684
14.0853947368421
14.0756578947368
14.0756578947368
14.0619736842105
14.0488157894737
14.0488157894737
14.0588157894737
14.0556578947368
14.0431315789474
14.0251315789474
14.0421842105263
14.0551315789474
14.0593421052632
14.0493421052632
14.0582894736842
14.0440789473684
14.0196052631579
14.0106052631579
14.0089736842105
14.0143421052632
14.0245789473684
14.0355789473684
14.0412105263158
14.0346052631579
14.0198684210526
14.0098684210526
14.0424210526316
14.0561578947368
14.0469736842105
14.0369736842105
14.0438157894737
14.0488157894737
14.0488157894737
14.0488157894737
14.0488157894737
14.0445526315789
14.0354210526316
14.0254210526316
14.0146315789474
14.009
14.0097894736842
14.0087894736842
14.0161842105263
14.0219736842105
14.0211842105263
14.0111842105263
14.0085526315789
14.0046052631579
13.9951842105263
13.9961842105263
14.0028684210526
14.0048684210526
13.9951578947368
13.9961578947368
13.9889473684211
13.9782894736842
