14.8660296912114
14.8718016627078
14.8732980997625
14.8699489311164
14.861877672209
14.8523717339667
14.8431128266033
14.857716152019
14.8539631828979
14.8559821852732
14.8398064133017
14.8457945368171
14.8427992874109
14.8031080760095
14.764742280285
14.767122327791
14.7251270783848
14.7598301662708
14.7323479809976
14.6940106888361
14.68466152019
14.7122173396675
14.7129180522565
14.7337019002375
14.6987137767221
14.6964334916865
14.6915878859857
14.6891650831354
14.6985237529691
14.6925380047506
14.7134358669834
14.7156971496437
14.7233076009501
14.7212102137767
14.7053171021378
14.7100439429929
14.7119679334917
14.7149536817102
14.7061627078385
14.6918016627078
14.6891650831354
14.6926805225653
14.685174584323
14.6855783847981
14.6833693586698
14.6927280285036
14.6940106888361
14.6867897862233
14.6773361045131
14.6788800475059
14.6821817102138
14.6879536817102
14.7040344418052
14.7055308788599
14.696148456057
14.7009916864608
14.7082149643705
14.7109703087886
14.7037019002375
14.7098064133017
14.7061247030879
14.7117209026128
14.7228467933492
14.70633847981
14.7180344418052
14.7175498812352
14.7148182897862
14.7219679334917
14.7327755344418
14.7346995249406
14.7376211401425
14.7354406175772
14.7319631828979
14.7417304038005
14.7317304038005
14.7268610451306
14.735958432304
14.7332268408551
14.7279299287411
14.7280961995249
14.7274548693587
14.7303527315915
14.7337589073634
14.7351983372922
14.7344857482185
14.7303527315915
14.7211365795724
14.7252862232779
14.7245997624703
14.7230843230404
14.72066152019
14.721635391924
14.7218586698337
14.7246805225653
14.7255071258907
14.7298752969121
14.7122957244656
14.713393111639
14.7158159144893
14.7118966745843
14.7159964370546
14.716742280285
14.7061247030879
14.711067695962
14.701041567696
14.6873123515439
14.7219441805226
14.7250558194774
14.7180534441805
14.7505190023753
14.7547232779097
14.7594263657957
14.7457446555819
14.75466152019
14.7544667458432
14.7538206650831
14.7910653206651
14.7810178147268
14.7789465558195
14.7989988123515
14.8018966745843
14.8046995249406
14.7939631828979
14.7867826603325
14.7845190023753
14.7836543942993
14.7865047505938
14.7981912114014
14.7989513064133
14.788606888361
14.7919679334917
14.791445368171
14.7813171021378
14.7763859857482
14.7769893111639
14.7838966745843
14.7836543942993
14.7773123515439
14.7826567695962
14.7853883610451
14.7818159144893
14.7763859857482
14.7715403800475
14.7726330166271
14.7845095011876
14.7873361045131
14.7860771971496
14.7826567695962
14.787958432304
14.7860771971496
14.7855071258907
14.783013064133
14.7836543942993
14.7977066508314
14.7933456057007
14.7896876484561
14.8075973871734
14.8175783847981
14.8325332541568
14.8327517814727
14.8214691211401
14.8212553444181
14.8193693586698
14.8167897862233
14.8153693586698
14.8060296912114
14.7985712589074
14.8019916864608
14.8078824228029
14.8123669833729
14.8174928741093
14.8117304038005
14.8171935866983
14.8153764845606
14.8344904988124
14.8300558194774
14.8226140142518
14.821742280285
14.8280249406176
14.824390736342
14.8199964370546
14.8151508313539
14.80417695962
14.7925617577197
14.7943052256532
14.7984334916865
14.8102339667458
14.802229216152
14.8007945368171
14.7931959619953
14.789877672209
14.7892600950119
14.7726662707838
14.7841532066508
14.7824952494062
14.7768919239905
14.7760059382423
14.7944881235154
14.7745332541568
14.7739631828979
15.0041294536817
14.9669465558195
14.9647470308789
14.9650558194774
