14.1731538461538
14.1417076923077
14.1649230769231
14.151
14.1475384615385
14.1507846153846
14.1456923076923
14.1486692307692
14.1426153846154
14.1378461538462
14.1359230769231
14.1298461538462
14.1362307692308
14.1344615384615
14.1354230769231
14.1447692307692
14.1456923076923
14.1357538461538
14.1491538461538
14.1434615384615
14.1340769230769
14.1355384615385
14.1332538461538
14.13
14.1299307692308
14.1260769230769
14.1259692307692
14.1231692307692
14.1221538461538
14.1221538461538
14.124
14.1226153846154
14.1221538461538
14.1274615384615
14.1262076923077
14.1269230769231
14.1260769230769
14.1247615384615
14.1261307692308
14.1225461538462
14.1251692307692
14.128
14.1225230769231
14.1276153846154
14.13
14.13
14.132
14.1232384615385
14.1234230769231
14.1214153846154
14.1221538461538
14.0868461538462
14.11
14.1106153846154
14.1076153846154
14.1112307692308
14.0907692307692
14.0739230769231
14.0644769230769
14.0633076923077
14.0633076923077
14.0633076923077
14.0633076923077
14.0633076923077
14.0633076923077
14.0633076923077
14.0633076923077
14.0633076923077
14.0633076923077
14.0633076923077
14.0633076923077
14.0633076923077
14.0633076923077
14.0633076923077
14.0633076923077
14.0633076923077
14.0633076923077
14.0633076923077
14.0633076923077
14.0633076923077
14.0633076923077
14.0633076923077
14.0633076923077
14.0633076923077
14.0633076923077
14.0633076923077
14.0633076923077
14.0633076923077
14.0633076923077
14.0633076923077
14.0633076923077
14.0633076923077
14.0633076923077
14.0633076923077
14.0633076923077
14.0633076923077
14.0633076923077
14.0633076923077
14.0633076923077
14.0633076923077
14.0633076923077
14.0633076923077
14.0633076923077
14.0633076923077
14.0633076923077
14.0633076923077
14.0633076923077
14.0633076923077
14.0633076923077
14.0633076923077
14.0633076923077
14.0633076923077
14.0633076923077
14.0633076923077
14.0633076923077
14.0633076923077
14.0633076923077
14.0633076923077
14.0633076923077
14.0633076923077
14.0633076923077
14.0633076923077
14.0633076923077
14.0633076923077
14.0633076923077
14.0633076923077
14.0633076923077
14.0633076923077
14.0633076923077
14.0633076923077
14.0633076923077
14.0633076923077
14.0633076923077
14.0633076923077
14.0633076923077
14.0633076923077
14.0633076923077
14.0633076923077
14.0633076923077
14.0633076923077
14.0633076923077
14.0633076923077
14.0633076923077
14.0633076923077
14.0633076923077
14.0633076923077
14.0633076923077
14.0633076923077
14.0633076923077
14.0633076923077
14.0633076923077
14.0633076923077
14.0633076923077
14.0633076923077
14.0633076923077
14.0633076923077
14.0633076923077
14.0633076923077
14.0633076923077
14.0633076923077
14.0633076923077
14.0633076923077
14.0633076923077
14.0633076923077
14.0633076923077
14.0633076923077
14.0633076923077
14.0633076923077
14.0633076923077
14.0633076923077
14.0633076923077
14.0633076923077
14.0633076923077
14.0633076923077
14.0633076923077
14.0633076923077
14.0633076923077
14.0633076923077
14.0633076923077
14.0633076923077
14.0633076923077
14.0633076923077
14.0633076923077
14.0633076923077
14.0633076923077
14.0633076923077
14.0633076923077
14.0633076923077
14.0633076923077
14.0633076923077
14.0633076923077
14.0633076923077
14.0633076923077
14.0633076923077
14.0633076923077
14.0633076923077
14.0633076923077
14.0633076923077
14.0633076923077
14.0633076923077
14.0633076923077
14.0633076923077
14.0633076923077
14.0892307692308
