14.8731357142857
14.8707071428571
14.8726214285714
14.8722785714286
14.8684214285714
14.8707071428571
14.8731357142857
14.87075
14.8637071428571
14.8535642857143
14.8437357142857
14.8517071428571
14.85085
14.8584214285714
14.8432785714286
14.8409928571429
14.8469928571429
14.8075642857143
14.7657785714286
14.7699928571429
14.7234214285714
14.7512785714286
14.7407071428571
14.6984214285714
14.6788071428571
14.7084214285714
14.7105642857143
14.7167071428571
14.6965642857143
14.6972785714286
14.6932785714286
14.6885642857143
14.6972785714286
14.6885642857143
14.7130928571429
14.7131357142857
14.7244785714286
14.7201357142857
14.7094214285714
14.70985
14.71285
14.71285
14.70565
14.69785
14.6885642857143
14.6909928571429
14.6837071428571
14.68385
14.6829928571429
14.6902785714286
14.6931357142857
14.6909928571429
14.6785642857143
14.6807071428571
14.67885
14.6861357142857
14.69585
14.7024214285714
14.6929928571429
14.6912785714286
14.7082214285714
14.7124214285714
14.7014214285714
14.7065642857143
14.70785
14.7104214285714
14.71785
14.7161357142857
14.7225642857143
14.7155642857143
14.7136071428571
14.7154214285714
14.7335642857143
14.7312785714286
14.7364214285714
14.7351357142857
14.7349357142857
14.73285
14.7304785714286
14.7249928571429
14.7371357142857
14.7336785714286
14.7282785714286
14.7335642857143
14.72985
14.72985
14.7301357142857
14.7309928571429
14.73385
14.7301071428571
14.7282785714286
14.7225642857143
14.72495
14.7254214285714
14.71785
14.7205642857143
14.72485
14.7221357142857
14.7249928571429
14.7256357142857
14.7109928571429
14.7152785714286
14.7177071428571
14.7107071428571
14.72085
14.7241357142857
14.7081214285714
14.71175
14.6994214285714
14.7200785714286
14.69725
14.7277071428571
14.7097071428571
14.7437071428571
14.7489928571429
14.75785
14.7531785714286
14.7445642857143
14.7489642857143
14.7517071428571
14.7742785714286
14.7802785714286
14.7886928571429
14.7847071428571
14.8017071428571
14.7955928571429
14.8023642857143
14.78585
14.7834214285714
14.7832785714286
14.77985
14.7939928571429
14.79785
14.7945642857143
14.7930071428571
14.7954214285714
14.7784214285714
14.77835
14.77785
14.7857071428571
14.7844357142857
14.7794214285714
14.7825642857143
14.78285
14.78085
14.7691357142857
14.7707071428571
14.7759928571429
14.7721357142857
14.7882785714286
14.7881357142857
14.7857071428571
14.7857071428571
14.7881357142857
14.78785
14.7804642857143
14.7832785714286
14.7879928571429
14.7929928571429
14.7937071428571
14.79175
14.8171357142857
14.8202785714286
14.8334214285714
14.8211357142857
14.81585
14.8222642857143
14.8221357142857
14.8154214285714
14.8127071428571
14.8002785714286
14.79785
14.8057071428571
14.8075642857143
14.8122785714286
14.8152785714286
14.8187071428571
14.8176785714286
14.8242642857143
14.83885
14.8316785714286
14.81685
14.8269928571429
14.8255642857143
14.8197071428571
14.81605
14.8127071428571
14.7929928571429
14.7887071428571
14.7975357142857
14.8051357142857
14.8100071428571
14.8054214285714
14.7996357142857
14.7886928571429
14.7902785714286
14.7792928571429
14.7852785714286
14.7792357142857
14.7913785714286
14.7761357142857
14.7818642857143
14.7796214285714
14.77385
