14.2098245614035
14.2078947368421
14.2259649122807
14.2457894736842
14.2473684210526
14.2478245614035
14.2512280701754
14.25
14.2470175438596
14.2461403508772
14.2515789473684
14.2482456140351
14.2642105263158
14.2647368421053
14.2638596491228
14.2515789473684
14.2466666666667
14.2545614035088
14.2505263157895
14.250701754386
14.2456140350877
14.239649122807
14.2449122807018
14.2701754385965
14.2707368421053
14.2699473684211
14.2637543859649
14.2545438596491
14.2400350877193
14.2456140350877
14.269298245614
14.3280350877193
14.2821052631579
14.2773684210526
14.2814035087719
14.2754385964912
14.2754385964912
14.2757894736842
14.284
14.3137192982456
14.3235087719298
14.3247368421053
14.3231578947368
14.3161403508772
14.2915789473684
14.2816666666667
14.2814035087719
14.2814035087719
14.2814035087719
14.2873684210526
14.2824561403509
14.281701754386
14.2810526315789
14.2770175438596
14.2754385964912
14.270701754386
14.2754385964912
14.2628070175439
14.2562807017544
14.2516315789474
14.2515789473684
14.2515789473684
14.2515789473684
14.2552631578947
14.2614035087719
14.2519298245614
14.2517894736842
14.2535087719298
14.2515789473684
14.2515789473684
14.2536842105263
14.2573684210526
14.2515789473684
14.2538596491228
14.2515789473684
14.2559649122807
14.280350877193
14.2851929824561
14.2914736842105
14.2601754385965
14.2568421052632
14.2515789473684
14.256
14.2414035087719
14.2609122807018
14.2545614035088
14.2497894736842
14.2500877192982
14.2487719298246
14.2468421052632
14.2515789473684
14.2519122807018
14.2456140350877
14.2510526315789
14.2550877192982
14.2547368421053
14.2528421052632
14.2538596491228
14.2559649122807
14.2579649122807
14.2618245614035
14.2652456140351
14.2635087719298
14.2694736842105
14.2771929824561
14.269649122807
14.2754385964912
14.2694736842105
14.2635087719298
14.2722807017544
14.2838596491228
14.2930175438596
14.3061754385965
14.3078947368421
14.3164912280702
14.3159649122807
14.3143859649123
14.3121052631579
14.3122807017544
14.3171929824561
14.3075087719298
14.2873684210526
14.2936842105263
14.3088947368421
14.2946315789474
14.2936666666667
14.2933333333333
14.3042105263158
14.3074736842105
14.3036842105263
14.2942456140351
14.3005438596491
14.3010526315789
14.3000526315789
14.2971929824561
14.3033333333333
14.3052631578947
14.3012280701754
14.2975789473684
14.299298245614
14.2950877192982
14.2910526315789
14.2814385964912
14.2815614035088
14.2842105263158
14.282
14.2815438596491
14.2780701754386
14.2865964912281
14.2812807017544
14.2785614035088
14.2873684210526
14.2873684210526
14.2843859649123
14.2775438596491
14.2822807017544
14.2873684210526
14.3040350877193
14.2940350877193
14.3052631578947
14.315298245614
14.3236315789474
14.3122807017544
14.3100877192982
14.3097543859649
14.3075438596491
14.3074385964912
14.3112280701754
14.2954385964912
14.2871754385965
14.282
14.2912105263158
14.2989122807018
14.3052105263158
14.3189473684211
14.3095438596491
14.3112280701754
14.3112280701754
14.3263157894737
14.3216315789474
14.3008421052632
14.2965964912281
14.2957894736842
14.26
14.2694736842105
14.2754385964912
14.2852631578947
14.2873684210526
14.3149473684211
14.3249122807018
14.2985964912281
14.2973157894737
14.2873684210526
14.2711403508772
14.2321403508772
14.1861754385965
14.1505263157895
14.1520350877193
14.144
14.1436842105263
14.1457894736842
14.1385789473684
14.1263157894737
14.1478947368421
