15.5052597402597
15.5052597402597
15.5052597402597
15.5157792207792
15.5457792207792
15.5757792207792
15.5847402597403
15.5847402597403
15.5847402597403
15.5847402597403
15.5847402597403
15.5807142857143
15.5707142857143
15.5607142857143
15.5672857142857
15.5792857142857
15.5898311688312
15.5878311688312
15.5858311688312
15.5711038961039
15.5411038961039
15.5111038961039
15.5052597402597
15.5052597402597
15.5052597402597
15.5052597402597
15.5052597402597
15.5153896103896
15.5353896103896
15.5553896103896
15.5591038961039
15.5601038961039
15.5606883116883
15.5596883116883
15.5586883116883
15.5582467532468
15.5582467532468
15.5582467532468
15.5673376623377
15.5773376623377
15.5821428571429
15.5721428571429
15.5621428571429
15.5582467532468
15.5582467532468
15.5582467532468
15.5678571428571
15.5778571428571
15.5753896103896
15.5453896103896
15.5153896103896
15.5251298701299
15.5551298701299
15.5843506493507
15.5543506493506
15.5243506493506
15.5125324675325
15.5325324675325
15.5525324675325
15.5582467532468
15.5582467532468
15.556948051948
15.5369480519481
15.5169480519481
15.5052597402597
15.5052597402597
15.5052597402597
15.5205844155844
15.5405844155844
15.5559090909091
15.5359090909091
15.5159090909091
15.5146103896104
15.5346103896104
15.5546103896104
15.5418831168831
15.5218831168831
15.5052597402597
15.5052597402597
15.5052597402597
15.5156493506493
15.5356493506494
15.5556493506494
15.5408441558442
15.5208441558442
15.5118831168831
15.5418831168831
15.5718831168831
15.5675974025974
15.5375974025974
15.5075974025974
15.5237012987013
15.5437012987013
15.560974025974
15.570974025974
15.580974025974
15.5785064935065
15.5685064935065
15.5585064935065
15.567987012987
15.577987012987
15.575
15.545
15.515
15.5187662337662
15.5387662337662
15.5585064935065
15.5685064935065
15.5785064935065
15.5847402597403
15.5847402597403
15.5847402597403
15.5781948051948
15.5691948051948
15.5615974025974
15.5705974025974
15.5795974025974
15.5847402597403
15.5847402597403
15.5847402597403
15.5769480519481
15.5669480519481
15.5583766233766
15.5593766233766
15.5603766233766
15.5748311688312
15.6038311688312
15.6328311688312
15.6127922077922
15.5827922077922
15.5618831168831
15.5818831168831
15.6018831168831
15.6112337662338
15.6112337662338
15.6112337662338
15.6288961038961
15.6488961038961
15.6548701298701
15.6148701298701
15.5748701298701
15.5699350649351
15.5899350649351
15.6099350649351
15.6112337662338
15.6112337662338
15.6083766233766
15.5983766233766
15.5883766233766
15.5656493506494
15.5356493506493
15.5056493506493
15.5052597402597
15.5052597402597
15.5153896103896
15.5453896103896
15.5753896103896
15.5778571428571
15.5678571428571
15.5586363636364
15.5686363636364
15.5786363636364
15.5808441558442
15.5708441558442
15.5608441558442
15.5582467532468
15.5582467532468
15.5591558441558
15.5691558441558
15.5791558441558
15.5847402597403
15.5847402597403
15.5847402597403
15.5768181818182
15.5668181818182
15.5582467532468
15.5582467532468
15.5582467532468
15.5587402597403
15.5597402597403
15.5607402597403
15.5431688311688
15.5221688311688
15.5091558441558
15.5291558441558
15.5491558441558
15.5582467532468
15.5582467532468
15.5582467532468
15.5636233766234
15.5696233766234
15.5726623376623
15.5666623376623
15.5606623376623
15.5642207792208
15.5742207792208
15.5842207792208
15.5847402597403
15.5847402597403
15.5757792207792
15.5457792207792
15.5157792207792
15.4922727272727
15.4722727272727
