14.1916571428571
14.1933142857143
14.1919885714286
14.1967142857143
14.19224
14.19224
14.1873714285714
14.1681714285714
14.1593142857143
14.1650857142857
14.1741714285714
14.164
14.1820571428571
14.2073714285714
14.2093714285714
14.2293714285714
14.2467428571429
14.2446971428571
14.2445257142857
14.2464571428571
14.2501257142857
14.2384571428571
14.2484571428571
14.2472571428571
14.252
14.2668
14.2651428571429
14.2538857142857
14.2497142857143
14.2529142857143
14.2499428571429
14.2452
14.2446857142857
14.2405142857143
14.2402285714286
14.2621714285714
14.2688
14.2701542857143
14.2620685714286
14.2562857142857
14.2406742857143
14.2441142857143
14.2534057142857
14.3214514285714
14.2852571428571
14.2744571428571
14.2790857142857
14.2732571428571
14.2732571428571
14.2740571428571
14.2812571428571
14.31464
14.3211428571429
14.3202857142857
14.3198857142857
14.3098285714286
14.2844571428571
14.2795485714286
14.2790857142857
14.2790857142857
14.2790857142857
14.2849142857143
14.2793028571429
14.2796
14.2568
14.2760571428571
14.2718857142857
14.2729714285714
14.2693714285714
14.2557714285714
14.2504685714286
14.2499428571429
14.2499428571429
14.2499428571429
14.2499428571429
14.2577428571429
14.2570285714286
14.2504628571429
14.2499428571429
14.2526285714286
14.2499428571429
14.2499428571429
14.2557714285714
14.2499428571429
14.2506285714286
14.2509142857143
14.2531428571429
14.2763428571429
14.2826285714286
14.2885657142857
14.2581714285714
14.2550285714286
14.2499428571429
14.2535428571429
14.2414857142857
14.2609085714286
14.2516571428571
14.2457657142857
14.2491428571429
14.2490857142857
14.2474285714286
14.2499428571429
14.2505257142857
14.2441142857143
14.2499428571429
14.2549142857143
14.26
14.25356
14.2516571428571
14.2505828571429
14.2567771428571
14.2616
14.2660228571429
14.2666857142857
14.2742857142857
14.2674285714286
14.2732571428571
14.2689714285714
14.2648
14.2635428571429
14.2784
14.2884
14.2938285714286
14.3025714285714
14.3125714285714
14.3109142857143
14.3130285714286
14.3082285714286
14.3105142857143
14.3140571428571
14.3078742857143
14.2849142857143
14.2904
14.3061657142857
14.2918971428571
14.2911028571429
14.2907428571429
14.3026571428571
14.3036342857143
14.2996
14.29464
14.2928171428571
14.3002285714286
14.2949542857143
14.2969142857143
14.2978857142857
14.3024
14.2966914285714
14.2912457142857
14.2965714285714
14.2907428571429
14.2845142857143
14.2795428571429
14.2793771428571
14.2837828571429
14.2796685714286
14.2753142857143
14.2812
14.2785485714286
14.2786228571429
14.2794857142857
14.2849142857143
14.2849142857143
14.2752571428571
14.2827428571429
14.2849142857143
14.2989714285714
14.2935428571429
14.3024
14.3079428571429
14.3216342857143
14.3068571428571
14.3081828571429
14.3061942857143
14.3051428571429
14.3042685714286
14.3082285714286
14.2926285714286
14.2846857142857
14.2801714285714
14.2896114285714
14.2963028571429
14.3064228571429
14.3142285714286
14.3048114285714
14.3082285714286
14.3102171428571
14.32076
14.3106057142857
14.2964171428571
14.2914171428571
14.2762857142857
14.2605714285714
14.2681714285714
14.2732571428571
14.2718857142857
14.3080685714286
14.3313085714286
14.3116571428571
14.2900742857143
14.2849142857143
14.2794457142857
14.2516571428571
14.1874971428571
