-5.2999997e-001
-7.9999998e-002
5.0000001e-002
-3.4000000e-001
-4.4000000e-001
0.0000000e+000
2.3999999e-001
-1.7000000e-001
-4.7999999e-001
-1.6000000e-001
2.0000000e-001
-1.4000000e-001
-6.3999999e-001
-5.1999998e-001
-2.9999999e-002
-1.2000000e-001
-6.7000002e-001
-7.4000001e-001
-2.2000000e-001
0.0000000e+000
-3.8000000e-001
-6.7000002e-001
-3.4999999e-001
-3.9999999e-002
-2.5999999e-001
-5.6000000e-001
-3.0000001e-001
1.3000000e-001
3.9999999e-002
-3.4999999e-001
-3.8000000e-001
7.9999998e-002
2.8000000e-001
-7.9999998e-002
-3.7000000e-001
-1.3000000e-001
1.9000000e-001
7.9999998e-002
-1.0000000e-001
7.0000000e-002
3.7000000e-001
2.5999999e-001
-5.9999999e-002
-2.0000000e-002
3.1000000e-001
2.7000001e-001
-1.4000000e-001
-3.0000001e-001
-7.9999998e-002
3.9999999e-002
-1.8000001e-001
-2.5000000e-001
1.0000000e-001
3.3000001e-001
5.9999999e-002
-2.5999999e-001
-7.9999998e-002
2.7000001e-001
1.9000000e-001
-1.3000000e-001
-5.0000001e-002
3.1000000e-001
3.1000000e-001
-1.3000000e-001
-3.3000001e-001
0.0000000e+000
2.5000000e-001
5.0000001e-002
-1.9000000e-001
-2.0000000e-002
1.7000000e-001
-5.9999999e-002
-3.6000001e-001
-2.3999999e-001
7.0000000e-002
-3.9999999e-002
-4.1000000e-001
-3.6000001e-001
1.3000000e-001
3.1000000e-001
-5.0000001e-002
-3.6000001e-001
-2.7000001e-001
-2.2000000e-001
-5.7999998e-001
-8.6000001e-001
-5.8999997e-001
-2.2000000e-001
-3.6000001e-001
-7.9000002e-001
-8.1999999e-001
-5.0999999e-001
-4.7000000e-001
-7.5000000e-001
-7.5999999e-001
-3.8000000e-001
-2.0999999e-001
-4.7000000e-001
-5.7999998e-001
-1.7000000e-001
2.8999999e-001
2.5999999e-001
9.0000004e-002
2.5999999e-001
5.7999998e-001
5.1999998e-001
2.2000000e-001
2.8000000e-001
6.2000000e-001
6.3999999e-001
3.0000001e-001
1.9000000e-001
5.0999999e-001
5.7999998e-001
1.4000000e-001
-2.3000000e-001
0.0000000e+000
3.7000000e-001
2.7000001e-001
-2.9999999e-002
2.9999999e-002
3.3000001e-001
3.0000001e-001
2.9999999e-002
9.0000004e-002
4.7999999e-001
6.2000000e-001
3.8000000e-001
3.3000001e-001
6.7000002e-001
8.1000000e-001
5.0999999e-001
2.5999999e-001
5.2999997e-001
8.5000002e-001
6.8000001e-001
3.4999999e-001
4.4999999e-001
7.5999999e-001
6.4999998e-001
1.5000001e-001
2.9999999e-002
3.6000001e-001
4.6000001e-001
2.9999999e-002
-2.8000000e-001
-5.0000001e-002
2.0999999e-001
-2.0000000e-002
-3.4999999e-001
-2.0000000e-001
1.6000000e-001
1.4000000e-001
-1.1000000e-001
-5.0000001e-002
2.7000001e-001
2.5000000e-001
-1.1000000e-001
-1.5000001e-001
2.5999999e-001
4.4999999e-001
1.0000000e-001
-1.9000000e-001
2.0000000e-002
2.0999999e-001
-5.9999999e-002
-4.0000001e-001
-2.7000001e-001
2.0000000e-002
-1.3000000e-001
-5.2999997e-001
-5.0000000e-001
-1.2000000e-001
-1.3000000e-001
-6.0000002e-001
-8.2999998e-001
-5.4000002e-001
-3.4000000e-001
-6.3000000e-001
-9.3000001e-001
-7.2000003e-001
-3.8999999e-001
-5.0999999e-001
-8.7000000e-001
-8.3999997e-001
-5.1999998e-001
-5.1999998e-001
-7.9000002e-001
-7.3000002e-001
-3.7000000e-001
-3.1999999e-001
-7.6999998e-001
-9.5999998e-001
-5.8999997e-001
-2.8000000e-001
-5.4000002e-001
-8.8999999e-001
-8.1000000e-001
-5.5000001e-001
-6.7000002e-001
-9.8000002e-001
-9.1000003e-001
-5.5000001e-001
-5.4000002e-001
-8.8999999e-001
-1.0000000e+000
-7.4000001e-001
-6.7000002e-001
-1.0000000e+000
-1.1100000e+000
-6.3999999e-001
-1.8000001e-001
-3.0000001e-001
-6.3000000e-001
-5.6000000e-001
-2.8000000e-001
-3.8000000e-001
-6.4999998e-001
-5.0999999e-001
-1.3000000e-001
-2.0999999e-001
-7.2000003e-001
-8.7000000e-001
-4.1999999e-001
-1.6000000e-001
-4.7999999e-001
-7.6999998e-001
-5.0000000e-001
-1.6000000e-001
-4.0000001e-001
-8.8000000e-001
-8.3999997e-001
-4.4000000e-001
-3.7000000e-001
-6.1000001e-001
-5.6000000e-001
-2.0999999e-001
-2.5999999e-001
-7.5999999e-001
-9.4999999e-001
-4.7000000e-001
-7.9999998e-002
-2.7000001e-001
-6.2000000e-001
-4.7999999e-001
-1.8000001e-001
-3.7000000e-001
-7.6999998e-001
-6.9999999e-001
-2.5000000e-001
-1.4000000e-001
-4.1000000e-001
-4.7000000e-001
-2.3000000e-001
