 4.8500000e+001
  4.8450000e+001
  4.8420000e+001
  4.8470000e+001
  4.8420000e+001
  4.8379000e+001
  4.8400000e+001
  4.8390000e+001
  4.8380000e+001
  4.8380000e+001
  4.8415000e+001
  4.8410000e+001
  4.8450000e+001
  4.8410000e+001
  4.8420000e+001
  4.8380000e+001
  4.8360000e+001
  4.8390000e+001
  4.8300000e+001
  4.8410000e+001
  4.8360000e+001
  4.8350000e+001
  4.8390000e+001
  4.8300000e+001
  4.8340000e+001
  4.8280000e+001
  4.8420000e+001
  4.8340000e+001
  4.8340000e+001
  4.8330000e+001
  4.8350000e+001
  4.8360000e+001
  4.8340000e+001
  4.8350000e+001
  4.8370000e+001
  4.8360000e+001
  4.8340000e+001
  4.8300000e+001
  4.8300000e+001
  4.8370000e+001
  4.8360000e+001
  4.8350000e+001
  4.8420000e+001
  4.8400000e+001
  4.8319000e+001
  4.8310000e+001
  4.8360000e+001
  4.8360000e+001
  4.8400000e+001
  4.8380000e+001
  4.8360000e+001
  4.8370000e+001
  4.8380000e+001
  4.8380000e+001
  4.8400000e+001
  4.8460000e+001
  4.8480000e+001
  4.8510000e+001
  4.8420000e+001
  4.8420000e+001
  4.8420000e+001
  4.8390000e+001
  4.8390000e+001
  4.8420000e+001
  4.8480000e+001
  4.8510000e+001
  4.8560000e+001
  4.8550000e+001
  4.8570000e+001
  4.8610000e+001
  4.8610000e+001
  4.8620000e+001
  4.8610000e+001
  4.8640000e+001
  4.8560000e+001
  4.8610000e+001
  4.8621000e+001
  4.8590000e+001
  4.8580000e+001
  4.8610000e+001
  4.8610000e+001
  4.8580000e+001
  4.8610000e+001
  4.8610000e+001
  4.8600000e+001
  4.8600000e+001
  4.8600000e+001
  4.8571000e+001
  4.8550000e+001
  4.8530000e+001
  4.8539000e+001
  4.8539000e+001
  4.8550000e+001
  4.8550000e+001
  4.8540000e+001
  4.8500000e+001
  4.8510000e+001
  4.8490000e+001
  4.8400000e+001
  4.8470000e+001
  4.8490000e+001
  4.8490000e+001
  4.8510000e+001
  4.8510000e+001
  4.8450000e+001
  4.8450000e+001
  4.8490000e+001
  4.8500000e+001
  4.8490000e+001
  4.8510000e+001
  4.8520000e+001
  4.8510000e+001
  4.8500000e+001
  4.8471000e+001
  4.8450000e+001
  4.8430000e+001
  4.8440000e+001
  4.8440000e+001
  4.8448000e+001
  4.8460000e+001
  4.8470000e+001
  4.8460000e+001
  4.8480000e+001
  4.8480000e+001
  4.8470000e+001
  4.8480000e+001
  4.8460000e+001
  4.8440000e+001
  4.8430000e+001
  4.8440000e+001
  4.8460000e+001
  4.8410000e+001
  4.8430000e+001
  4.8400000e+001
  4.8410000e+001
  4.8410000e+001
  4.8390000e+001
  4.8400000e+001
  4.8430000e+001
  4.8430000e+001
  4.8440000e+001
  4.8450000e+001
  4.8400000e+001
  4.8400000e+001
  4.8400000e+001
  4.8460000e+001
  4.8400000e+001
  4.8449000e+001
  4.8430000e+001
  4.8448000e+001
  4.8420000e+001
  4.8430000e+001
  4.8400000e+001
  4.8409000e+001
  4.8480000e+001
  4.8430000e+001
  4.8420000e+001
  4.8410000e+001
  4.8380000e+001
  4.8410000e+001
  4.8420000e+001
  4.8410000e+001
  4.8340000e+001
  4.8340000e+001
  4.8300000e+001
  4.8160000e+001
  4.8050000e+001
  4.7950000e+001
  4.7930000e+001
  4.7850000e+001
  4.7860000e+001
  4.7900000e+001
  4.7900000e+001
  4.7950000e+001
  4.8010000e+001
  4.8040000e+001
  4.7948000e+001
  4.7910000e+001
  4.7800000e+001
  4.7819000e+001
  4.7730000e+001
  4.7671000e+001
  4.7670000e+001
  4.7658000e+001
  4.7699000e+001
  4.7750000e+001
  4.7830000e+001
  4.7700000e+001
  4.7780000e+001
  4.7700000e+001
  4.7840000e+001
  4.7820000e+001
  4.7830000e+001
  4.7950000e+001
  4.7810000e+001
  4.7800000e+001
  4.7770000e+001
  4.7650000e+001
  4.7700000e+001
  4.7710000e+001
  4.7730000e+001
  4.7730000e+001
  4.7740000e+001
  4.7691000e+001
  4.7750000e+001
  4.7850000e+001
  4.7830000e+001
  4.7850000e+001
  4.7800000e+001
  4.7830000e+001
  4.7828000e+001
  4.7850000e+001
  4.7860000e+001
  4.7850000e+001
  4.7880000e+001
  4.7949000e+001
  4.7950000e+001
  4.7921000e+001
  4.7920000e+001
  4.7940000e+001
  4.7920000e+001
  4.7920000e+001
  4.7894000e+001
  4.7910000e+001
  4.7900000e+001
  4.7910000e+001
  4.7940000e+001
  4.7840000e+001
  4.7990000e+001
  4.7970000e+001
  4.7950000e+001
  4.7951000e+001
  4.7920000e+001
  4.7970000e+001
  4.8050000e+001
  4.7990000e+001
  4.7990000e+001
  4.7951000e+001
  4.8044000e+001
  4.8040000e+001
  4.8000000e+001
  4.8000000e+001
  4.8010000e+001
  4.7990000e+001
  4.7980000e+001
  4.7982000e+001
  4.7980000e+001
  4.8000000e+001
  4.8040000e+001
  4.8001000e+001
  4.8000000e+001
  4.7970000e+001
  4.7950000e+001
  4.7950000e+001
  4.7990000e+001
  4.8000000e+001
  4.7990000e+001
  4.7990000e+001
  4.7960000e+001
  4.7970000e+001
  4.7969000e+001
  4.7970000e+001
  4.7930000e+001
  4.7950000e+001
  4.7950000e+001
  4.8000000e+001
  4.8030000e+001
  4.7970000e+001
  4.7940000e+001
  4.7970000e+001
  4.7980000e+001
  4.8000000e+001
  4.7960000e+001
  4.7950000e+001
  4.7940000e+001
  4.7920000e+001
  4.7980000e+001
  4.7980000e+001
  4.7990000e+001
  4.7920000e+001
  4.7920000e+001
  4.7950000e+001
  4.7990000e+001
  4.8000000e+001
  4.8040000e+001
  4.7980000e+001
  4.8000000e+001
  4.8020000e+001
  4.7960000e+001
  4.8000000e+001
  4.7970000e+001
  4.7890000e+001
  4.7950000e+001
  4.7990000e+001
  4.7980000e+001
  4.7962000e+001
  4.7962000e+001
  4.7970000e+001
  4.7970000e+001
  4.7940000e+001
  4.7910000e+001
  4.7890000e+001
  4.7830000e+001
  4.7810000e+001