-0.388202248651685
0.0971910105280891
0.283932588426968
-0.103033713707865
-0.212471914269663
0.0589887625842686
-0.0668539373707866
-0.144494383483146
0.0697752825842691
0.0839325867415729
-0.108202248651685
-0.014606742883146
0.22887639494382
0.0564044929213485
-0.13224719247191
0.0578651670786512
0.190224711348315
-0.0401123648988767
-0.103932585730337
0.154044944494382
0.146629216966293
-0.0930337042696627
-0.00977528098876396
0.222247181516854
0.0194381991235957
-0.19382023235955
-0.0288764059550565
0.0457303356179776
-0.195842698089888
-0.23516853258427
0.00348314475505615
-0.091797756853933
-0.326629219438202
-0.16988764411236
0.0686516833033711
-0.162696622247191
-0.37561798752809
-0.127528096797752
0.00460674053932586
-0.195617984719101
-0.232696632022472
0.0393258403707865
0.0515730308539329
-0.0807865183146067
-0.00887640550561787
-0.0275280934719099
-0.375168533820223
-0.469325827752809
-0.105505618719101
0.00528089952808905
-0.297191003258427
-0.406179765842697
-0.228651678314607
-0.336179769325843
-0.571573039662921
-0.501011235842696
-0.374719101235955
-0.486404493707865
-0.477640443033708
-0.117078653146068
-0.021460673370788
-0.229213479775282
-0.202808990224719
0.0668539311235957
0.0756179760674158
0.0404494377528081
0.337640449101122
0.552471903370786
0.393820221011235
0.353146064269663
0.704157293595505
0.78617977258427
0.575842686629212
0.578876394494381
0.695842686629214
0.501011218876404
