0.37000001
0.200000000000001
-0.109333335999999
-0.278000007333333
-0.172000011333334
0.158000008666666
0.170666667333333
-0.0460000093333322
-0.242000011333333
-0.197333337333334
0.202666652666667
0.394666668666666
0.278666670666667
0.00199999733333323
-0.198666669466667
0.0113333285333331
0.253333337733333
0.316666671333334
0.189999997066667
-0.0100000039333333
0.169999987066667
0.437999984666666
0.560666660666667
0.428666675466668
0.0886666694666673
0.047333332
0.234000004
0.416000006
0.395999997333333
0.115999997333333
0.0439999964666668
0.208000002666666
0.454666673333333
0.567999996666666
0.307999986666667
0.0639999926666666
0.0586666640000003
0.271999994666666
0.521999984666667
0.321999994666666
0.0413333314000005
-0.0820000023333329
0.0539999942666656
0.373999985266666
0.301999994
0.0419999946666663
-0.166000006133333
-0.124000002666665
0.255999997333332
0.471333330666666
0.367333330666667
0.0839999979999999
-0.143333333613333
-0.053333335813333
-0.00333333529333313
-0.112666668599999
-0.318000005333333
-0.428000015333333
-0.108000005333333
0.138666656666667
0.111333322666668
-0.232666671333336
-0.712666681333332
-0.76333333
-0.583333323333333
-0.431333331333333
-0.510000018000001
-0.840000037999999
-0.884000040666666
-0.644000016666667
-0.307333327
-0.122666670533334
-0.292666669533334
-0.310666669333333
-0.0400000080000014
0.417999995333336
