-0.484090924454545
-0.099000004127273
-0.223727267800001
-0.452636358272727
-0.164454545545454
-0.326818186636364
-0.480454551363637
-0.206272728818182
-0.390272728818182
-0.477000014818182
-0.204818183
-0.486636359363636
-0.479363626636363
-0.0613636377636359
-0.297545457909091
-0.402636372090909
-0.138999999290909
-0.340090903727273
-0.29790908590909
-0.0799090928
-0.352818189945455
-0.247909088218182
-0.0764545468618182
-0.508454545
-0.406999999727273
-0.109000001545456
-0.471363642272728
-0.437363637363636
-0.269181820090909
-0.594090897363636
-0.469181827727273
-0.271181819727273
-0.247363642636363
-0.0911818196218182
-0.202636369181818
-0.130818180909091
0.0173636411454541
-0.208818186563637
-0.131727277036364
0.0446363582727274
-0.172818189545454
-0.0604545469999994
0.130454549363636
-0.140454544836364
-0.107727272563637
0.0904545439090905
-0.0455454560909093
0.0655454531818183
0.138090911181818
-0.161000001545454
-0.0899090924545462
0.0635454529999999
-0.111727273763637
-0.0542727297999992
-0.0240909106363645
-0.241363642090909
-0.145545456090909
-0.0660909102909091
-0.1895454626
0.0109999983709085
0.083181810818182
-0.0822727283672729
0.0799090842363622
0.148090901909092
0.019181816636364
0.147909089363636
0.0879090893636362
-0.101363638581818
0.0646363620909088
0.0366363620909096
-0.139727274054545
0.0451818168000014
0.0559090893636354
-0.0831818192727274
0.0319090955454545
-0.105000001545455
