-0.951383017670213
-0.841382997670213
-0.620319147882979
-0.220319127882979
-0.149680825329787
-0.225851036606382
-0.565851026606382
-0.746276564478723
-0.786276584478723
-0.506063820223405
-0.258617008734043
-0.158616998734043
-0.276489349585106
-0.484361708734042
-0.514361708734043
-0.370106385117022
-0.010106375117022
0.159042561925532
0.191170218797873
-0.138829790202128
-0.397340420223404
-0.607340400223404
-0.308404239372341
0.0015957542446805
0.31159575424468
0.226914903180851
-0.00968084277659498
-0.359680852776595
-0.46457447469149
-0.33457447469149
0.0724468108404265
0.399042562755319
0.429042562755319
0.241382988287234
-0.047553181925532
-0.087553181925532
0.0128723516914895
0.302872355691489
0.4069149145
0.399893640840426
0.109893630840426
-0.0767021180957446
-0.186702118095745
0.0671276691382975
0.292872349989361
0.432872349989362
0.232872349989362
-0.0907446712872348
-0.360744671287235
-0.39095743724468
-0.17095743724468
0.127553204542554
0.322659589223403
0.182659584223404
-0.0467021254574455
-0.318191495542553
-0.198191475542552
0.0147872557340425
0.364787245734045
0.439255328712766
0.37287234998936
-0.0171276500106378
-0.24670211256383
-0.34670210256383
-0.0347872174829775
0.24457447790851
0.394574477708511
0.249680860627657
-0.0135106278829792
-0.203510617882978
-0.215638276819149
-0.0256382868191475
0.121808520031915
0.156489368648938
-0.153510641151064
-0.463510644904257
