0.831495335654206
0.710654212850468
0.481214963130842
0.582336433504673
0.708130838084112
0.589439233037383
0.607570097336449
0.622523367990654
0.411308412663551
0.405700936028037
0.497476636962617
0.350186917336449
0.259158879953271
0.271682244439252
0.201588786495327
0.19308411288785
0.16943925382243
0.0828037398130843
0.191121497242991
0.273925235093458
0.118224299990654
0.120654204052336
0.212242991414953
0.0761682266261678
0.0371027995794392
0.0801869173364488
-0.00551401724299083
0.0661682187289721
0.205327103542056
0.107570094785047
9.34610747663767E-05
0.0446729011682242
0.0202803820093458
-0.00663551257009343
-0.000467282102803668
-0.0220560733177569
0.0516822444392522
0.0622429921028033
-0.191308406214953
-0.193364483878505
0.0744859781214956
0.085981304915888
0.0103738332242992
0.0135514071495327
-0.0802803787383176
-0.0200934564953267
0.14196261837944
0.0899999990934582
0.0199065435046729
0.112990657056075
0.0279439223831779
-0.022242994906542
0.086074768102804
0.0877570113364488
0.102523365915888
0.217850468336449
0.194112150981309
0.167383179551402
0.244018693037383
0.172429907857943
0.123084113598131
0.250654207056075
0.276355141635514
0.261121496775701
0.302149534158878
0.230280374915887
0.19878504746729
0.317476639392524
0.339906541635514
0.355794387897196
0.472242996028037
0.443084113878504
0.395233644439253
0.487289722663551
0.454859808738317
0.412149538364486
