1.33230764384615
1.21230766384615
1.09230768384615
0.936153856153848
0.346153856153847
-0.243846143846152
-0.758461528461538
-0.858461528461538
-0.958461528461538
-0.919999992769233
-0.420000004769231
0.0799999832307672
0.478461514
0.648461516
0.818461518
0.761538442307693
0.341538442307693
-0.0784615576923067
-0.392307716153846
-0.582307726153846
-0.772307736153846
-0.650000043615385
-0.260000034615385
0.129999974384615
0.439999972307691
0.699999963307692
0.959999954307693
0.742307650769231
0.312307660769232
-0.117692329230769
-0.56307691923077
-1.01307688923077
-1.46307685923077
-1.35461534153846
-1.14461537153846
-0.934615401538462
-0.549230788461538
-0.149230788461539
0.250769211538462
0.020769221538461
-0.209230768461538
-0.462307683846155
-0.992307703846154
-1.52230772384615
-1.96923081923077
-1.95923082923077
-1.94923083923077
-1.83538469076923
-1.37538468076923
-0.91538467076923
-0.578461580769231
-0.518461560769231
-0.458461540769231
-0.575384613076923
-0.975384633076922
-1.37538465307692
-1.59538465923077
-1.60538464923077
-1.61538463923077
-1.36692310153846
-0.89692311153846
-0.426923121538462
-0.172307734
-0.0523077229999994
0.0676922880000002
-0.248461569307692
-0.758461590307696
-1.26846161130769
-1.60153851615385
-1.88153848615385
-2.16153845615385
-1.79846153692307
-1.31846154692308
-0.838461556923078
-0.404615400153844
0.025384603846155
