-0.0595238095238095
-0.19952379952381
-0.303333317142857
-0.253333327142857
-0.130952380571429
0.109047620428572
0.263333334571429
0.353333333571428
0.275714285561904
0.145714285361905
0.158571427447619
0.205714282619048
0.415714273619048
0.582380934285714
0.662380934285714
0.569523796666667
0.319523806666666
0.0980952380952379
-0.111904761904762
-0.0142857141047619
0.12428571367619
0.34428570347619
0.484285701904762
0.424285721904762
0.307142870952381
0.127142861952381
0.0871428582857142
0.117142857285714
0.258571428571428
0.408571428571429
0.358571428571428
0.263333333333333
0.0233333333333341
-0.126666666666667
-0.156666666666667
-0.0195238107619052
0.220476187238095
0.330952378952381
0.410952380952381
0.14095238095238
-0.127142857142857
-0.387142857142858
-0.532857146666667
-0.492857156666667
-0.407142863809523
-0.287142843809524
-0.327142854285714
-0.417142874285714
-0.535714284761905
-0.619999981904762
-0.489999981904762
-0.336666653238096
-0.136666667238095
-0.114761909904762
-0.254761905904762
-0.509047597619048
-0.809047567619047
-0.810476163333333
-0.754761904761904
-0.454761904761903
-0.209047620190477
-0.0990476241904764
-0.160476195809524
-0.410476191809525
-0.620476170476189
-0.81047614047619
-0.760476161904762
-0.669047618571428
-0.549047608571428
-0.474285696190477
-0.544285696190476
-0.584285696190476
-0.584285696190476
-0.423333321428574
-0.163333331428573
0.0480952380952375
