-0.110999977
-0.0509999770000001
0.00900002299999991
0.0643333516666669
0.114333341666667
0.164333331666667
-0.0843333263333331
-0.354333316333332
-0.624333314333333
-0.894333324333333
-1.16433333433333
-1.0356666612
-0.8456666522
-0.6256666492
-0.345666658200001
-0.0656666672000004
-0.105666661
-0.225666651
-0.422999974333333
-0.832999964333333
-1.24299995433333
-1.35966662566667
-1.36966663566667
-1.29966664366667
-0.909666643666667
-0.519666643666667
-0.242999983666666
-0.0229999936666661
0.147666664333333
-0.00233333566666671
-0.152333335666666
-0.236333329666667
-0.276333319666667
-0.290333309666666
0.059666700333333
0.409666710333333
0.727666693666667
1.01766665366667
1.30766661366667
1.12766667366667
0.947666733666667
0.716333418333332
0.426333388333334
0.136333358333334
0.201000032333333
0.291000042333333
0.445000036333334
0.695000006333334
0.944999976333332
0.987000015666667
0.997000065666667
0.953666752333333
0.803666712333333
0.653666672333333
0.719666672333334
0.839666682333333
1.00233336433333
1.28233339433333
1.56233342433333
1.593000099
1.533000099
1.423000097
1.113000087
0.803000077
0.659666740333333
0.599666740333333
0.581000073666668
0.831000073666666
1.08100007366667
1.18100007366667
1.18100007366667
1.156333405
0.786333374999999
0.416333344999998
0.142333336333334
-0.0476666536666681
