-0.462352951764706
-0.132352941764704
-0.00529411705882341
-0.241764705294118
-0.478235280588236
-0.382941169411765
-0.0800000064705883
0.00823529470588222
-0.297058822941177
-0.594117647058823
-0.364117657058823
0.0729411752941172
0.152352941764706
-0.0170588229411765
-0.0158823517647057
0.356470580058824
0.861176462941177
1.09000001823529
1.01705882411765
1.14705882411765
1.73705882411765
2.22999991235294
2.31999996529412
2.30294117705882
2.50470593588235
2.89470591235294
3.14941168294118
3.05294117705882
2.85647058882353
3.03647058882353
3.38588225941176
3.43294114764706
3.25764698882353
3.22352941823529
3.46529413588235
3.72470577117647
3.65058814764706
3.30470587117647
3.21470577117647
3.63470587117647
3.88705882411765
3.63529404176471
3.23529407117647
3.13176465352941
3.36999993
3.59058826529412
3.46705890058824
3.20764695941176
3.27764715941177
3.50764717117647
3.39352944176471
3.01294117705882
2.77058829470588
2.83588246529412
2.97705886529412
2.82411753588235
2.32294107705882
1.96294117705882
2.12294117705882
2.26529411823529
2.07647058882353
1.78647058882353
1.71882353
1.84882353
1.82588235352941
1.4023529417647
0.851764707647059
0.771764727647059
1.05882355235294
1.06411767
0.735882354705881
0.454705877647059
0.482352941764705
0.66176471
0.589411774117644
0.130000001764705
