-0.935333351
-0.825333331
-0.715333311
-0.4559999726
-0.0259999846000015
0.404000003399999
0.460666671133333
0.490666673133333
0.356666670333334
-0.0233333396666664
-0.403333349666667
-0.480000017666667
-0.510000017666667
-0.400000013
-0.00999999900000106
0.380000014999999
0.2660000066
0.0259999926000007
-0.192666681666666
-0.352666671666667
-0.512666661666667
-0.489333325666667
-0.399333325666667
-0.279333325666668
-0.0393333256666671
0.200666674333333
0.314000007666667
0.364000007666667
0.384666674333333
0.214666674333333
0.0446666743333337
-0.0533333316666666
-0.103333341666667
-0.141333350333333
-0.0113333403333335
0.118666669666667
0.200666674333333
0.240666674333333
0.280666674333333
0.150666674333333
0.0206666743333335
-0.0579999923333335
-0.0779999923333333
-0.0979999923333333
0.0873333409999999
0.287333341
0.443333341
0.533333341
0.623333341
0.505333340826667
0.355333340626667
0.222000005893333
0.122000002093333
0.021999998293333
0.162000000733334
0.362000004733333
0.575333343666666
0.825333353666666
1.07533336366667
1.105333359
1.055333349
0.967333340999998
0.727333341
0.487333341
0.3540000078
0.274000008
0.216666674546667
0.306666672346666
0.396666670146667
0.408666669866667
0.368666670866667
0.3200000052
0.150000006199999
-0.0199999928000009
-0.120666659
-0.160666659
