-1.05696652378661
-0.975376565627615
-0.822824267970711
-0.912991629769874
-0.982154821694561
-0.920271962238494
-0.847761499267783
-0.966129672322177
-1.03654811374477
-0.829602503870293
-0.772698746297071
-0.881066940313808
-0.883577397761505
-0.719309617217573
-0.702991628389121
-0.819895397259415
-0.715041837594142
-0.583577402594143
-0.626924681527197
-0.738179916087866
-0.689435140523012
-0.582615059364016
-0.64935146161088
-0.732782424456067
-0.612447697008368
-0.587426774711297
-0.732782419435146
-0.804707100899582
-0.678054389728034
-0.543786609393305
-0.73470711165272
-0.739184097092049
-0.614121335461925
-0.571359831694561
-0.737970708138075
-0.722991631150627
-0.654790790849373
-0.728054391719665
-0.759644348054393
-0.704958157635983
-0.566255226715481
-0.636882842046863
-0.671276150146445
-0.660020917092052
-0.495125517594143
-0.583995814121338
-0.720062756004185
-0.598054389523013
-0.474037659522176
-0.609309620309624
-0.687928866129707
-0.493451875502095
-0.497970709393304
-0.686715478807531
-0.677887023870294
-0.598807527970711
-0.615962339970711
-0.789853555460251
-0.649184098263598
-0.535711295376569
-0.521569040673642
-0.573451879435146
-0.36433054671548
-0.292740581610877
-0.471527195753137
-0.633117151732218
-0.502238490313808
-0.431066946631799
-0.557384933778243
-0.641192465020924
-0.571192467552304
-0.595627610543932
-0.720564851987447
-0.817594140648537
-0.696129701443515
-0.737426778933054
