-0.980000049090909
-0.810000059090909
-0.640000069090909
-0.470000079090909
-0.0709091745454526
0.519090825454546
1.10909082545454
1.64636355454545
1.65636357454545
1.66636359454545
1.67636361454545
1.32999997909091
0.779999969090909
0.229999959090908
-0.249090958181818
-0.409090958181818
-0.569090958181818
-0.729090958181818
-0.438181868727273
0.0218181292727273
0.481818127272728
0.857272671818182
1.00727267381818
1.15727267581818
1.30727267781818
1.00727267818182
0.607272678181818
0.207272678181818
-0.123636412727272
-0.333636412727273
-0.543636412727273
-0.753636412727272
-0.363636412727272
0.0863635872727269
0.536363587272726
0.931818137272728
1.26181814727273
1.59181815727273
1.92181816727273
1.56181815627273
1.20181814527273
0.841818134272728
0.432727220727271
-0.0172727782727276
-0.467272777272727
-0.856363685454545
-0.636363685454545
-0.416363685454546
-0.196363685454545
0.163636314545454
0.603636314545453
1.04363631454546
1.36545449618182
1.15545449518182
0.945454494181818
0.735454493181819
0.263636333636366
-0.306363635363636
-0.876363604363638
-1.29090903636364
-1.29090903636364
-1.29090903636364
-1.29090903636364
-0.947272697272728
-0.527272727272726
-0.107272757272725
0.14909086
0.11909086
0.0890908600000002
0.0590908600000001
-0.443636412727273
-0.993636412727275
-1.54363641272727
-1.91181821727273
-2.06181818727273
-2.21181815727273
