-0.363090897181818
-0.163090906181818
-0.0434545467236362
-0.0419999997745458
-0.261999989574546
-0.345272732454545
-0.230363647836364
0.0687272695272732
0.258727270527273
0.0587272708181816
-0.320909096090909
-0.740909106090908
-0.650363652090909
-0.355636373727272
0.0125454533636364
0.102545457363636
-0.0954545530363638
-0.269272738818182
-0.297636365581818
-0.0176363665818182
0.138000003909091
0.124363645545454
-0.165636364454545
-0.357636356636364
-0.354363629545455
-0.185818183854545
-0.0958181848545452
-0.274181813272728
-0.504181806272727
-0.664181806272727
-0.431454533545455
-0.167454540145455
0.0099999947454543
-0.180000014254545
-0.495454561181818
-0.671818193
-0.634363637545454
-0.374363627545454
-0.314727260818182
-0.412727267
-0.662727286999999
-0.634545461
-0.410000001909091
-0.0825454566181819
0.027454542381818
-0.159636366145455
-0.361636369545455
-0.454363651890909
-0.154363640890909
0.069272732472727
0.127090915909092
-0.172909104090908
-0.551454569909093
-0.705818196636363
-0.588545443727272
-0.248545453727272
-0.0903636382727272
-0.059090911
-0.139090911
0.0121818153090906
0.207090906381818
0.369090905181818
0.299090895181819
0.0654545387272744
-0.0518181827818188
0.0467272708181825
0.466727270818182
0.698363621
0.707454524636364
0.397454554636364
0.205636370090908
0.231272734054547
0.432545463545455
0.582545443545455
0.388909090454545
0.0774545497272724
