-1.25423077923077
-1.02423076923077
-0.794230759230769
-0.562692288461539
-0.312692288461539
-0.0626922884615393
0.131923096123077
0.0219230959230773
-0.088076904276923
-0.221153827461538
-0.431153827261538
-0.641153827061538
-0.740384596461539
-0.590384597461538
-0.440384598461539
-0.209615367923078
0.150384633076922
0.510384634076922
0.695000014615385
0.675000004615384
0.654999994615385
0.521923071769231
0.291923080769231
0.0619230897692309
-0.00807690369230782
0.0219231013076922
0.0519231063076923
0.296538496615384
0.636538502615383
0.976538508615384
1.16269234076923
1.30269232076923
1.44269230076923
1.32038462230769
1.15038464230769
0.980384662307693
0.939615423846154
0.909615413846154
0.879615403846154
1.13961540384615
1.39961540384615
1.64807694307692
1.75807695307692
1.86807696307692
1.92423081615385
1.68423080615385
1.44423079615385
1.23192309615385
1.11192309615385
0.991923096153846
1.01961540692308
1.37961541692308
1.73961542692308
2.11500004461538
2.51500003461538
2.91500002461539
3.06115387
2.91115388
2.76115389
2.47653848846154
2.07653844846154
1.67653840846154
1.44269226384615
1.31269230384615
1.18269234384615
1.25346158
1.41346157
1.57346156
1.59500003461538
1.57500005461538
1.55500007461538
1.32346160769231
1.05346159769231
0.783461587692308
0.698076953076923
0.628076933076923
