0.124081631295918
0.303265301744898
0.376734692969388
0.0216326519489808
-0.041632655316327
0.0773469365612246
-0.184081628867347
-0.327142874377551
-0.0734693923367346
-0.223469392948978
-0.522448981724489
-0.275102030295919
-0.166122451112245
-0.48673468417347
-0.556734674377551
-0.414285716214286
-0.607346935193878
-0.654489790908164
-0.395510206214286
-0.558367349071429
-0.813061287846939
-0.561632668255102
-0.495918365397959
-0.78632653805102
-0.773061226622449
-0.613265308255102
-0.780000002132653
-0.753265308255102
-0.486530629071429
-0.642244904785713
-0.801224491928571
-0.496734703561225
-0.368163274785714
-0.491020394785714
-0.335510203765305
-0.242040817438775
-0.545714293153061
-0.545714294581633
-0.240408157642857
-0.387551007030613
-0.499999991112245
-0.167959191520407
-0.0832653082551014
-0.313877549683673
-0.179591831112245
0.0187755093775509
-0.176734698867347
-0.0902040807040809
0.195102038683673
0.0206122448265311
-0.0967346919285715
0.18387754296939
0.223265304030612
0.0967346922551015
0.408571411744899
0.628571410316326
0.402857134602041
0.511836740316327
0.773877558275509
0.624285696642857
0.559999982357142
0.804897951744899
0.706938788071429
0.469999994193877
0.669795921132653
0.772040818479591
0.475102031744898
0.524489790724489
0.733061219908163
0.525918365214286
0.45265306684694
0.698367348275511
0.611020399500001
0.42061224072449
0.613469373377553
0.611020403785713
