-0.783333343333333
-0.483333333333334
-0.183333323333332
0.125555557777779
0.435555547777778
0.271111105777778
-0.0288888882222227
-0.435555556888889
-0.89555556288889
-1.01666667666667
-0.866666676666667
-0.574444449999999
-0.10444444
0.2088889
0.2088889
0.122222235555556
-0.267777754444445
-0.616666635555556
-0.636666645555556
-0.656666655555555
-0.286666656555555
0.0833333424444447
0.177777791222222
0.237777796222222
0.126666683111111
-0.0333333208888886
-0.0733333228888889
-0.0533333238888888
-0.116666662666667
-0.246666671666667
-0.270000005555555
-0.159999995555556
-0.0199999888888885
0.180000011111111
0.337777788888889
0.347777788888889
0.33000001111111
0.0900000111111108
-0.149999988888889
-0.159999988888889
-0.169999988888889
0.0333333444444451
0.263333344444445
0.36111113
0.42111114
0.281111137333332
0.0411111283333328
-0.132222215111111
-0.252222226111111
-0.221111117111112
-0.00111110811111195
0.228888894888889
0.478888885888889
0.646666658888889
0.526666668888889
0.398888899999999
0.2088889
0.0188889
0.1088889
0.1988889
0.368888899999999
0.5488889
0.487777788888889
0.357777788888889
0.114444448888888
-0.185555561111112
-0.318888898888889
-0.318888898888889
-0.198888892666667
0.0711111213333323
0.261111129333333
0.291111125333334
0.254444453333332
-0.0155555566666679
-0.263333342222222
-0.333333332222222
