1.39730766269231
1.15730768269231
0.917307702692308
0.661923105769232
0.221923105769231
-0.218076894230768
-0.571923048076923
-0.451923048076923
-0.331923048076923
-0.144999968846155
0.265000041153846
0.675000051153845
0.931153901153846
0.841153891153846
0.751153881153846
0.522692336538463
0.0726923365384626
-0.377307663461537
-0.638076898846154
-0.678076908846154
-0.718076918846154
-0.510384605
-0.0903845850000001
0.329615435
0.552692359615384
0.652692349615384
0.752692339615385
0.478846182692308
0.0388461826923094
-0.401153817307692
-0.656538440384616
-0.856538450384615
-1.05653846038462
-0.78269229623077
-0.422692282230769
-0.06269226823077
0.205000027615385
0.465000013615384
0.724999999615385
0.405000008615384
0.0850000176153847
-0.237307665538462
-0.587307654538461
-0.937307643538462
-1.19499994346154
-0.944999953461538
-0.694999963461539
-0.414999971153848
-0.0349999711538447
0.345000028846154
0.543461567307693
0.333461567307693
0.123461567307692
-0.186538432692308
-0.656538432692306
-1.12653843269231
-1.37038458192308
-1.35038457192308
-1.33038456192308
-1.10038456323077
-0.690384574230768
-0.280384585230769
-0.116538435
-0.106538434
-0.0965384329999999
-0.342692271923076
-0.702692261923079
-1.06269225192308
-1.12269224961538
-1.09269224961538
-1.06269224961538
-0.651923027307691
-0.171923037307692
0.308076952692307
0.52961540423077
0.72961539423077
