-0.339705853823529
-0.0897058648235282
0.160294124176471
0.479117651764706
0.819117652764707
0.915588236176471
0.795588226176471
0.631470575058823
0.361470585258823
0.1161764772
0.266176477
0.4161764768
0.673235292058823
0.953235282058824
0.974411748529412
0.814411748529412
0.569705869705882
0.169705879705883
-0.178529405588235
-0.138529405588235
-0.0985294055882353
0.294411770882354
0.734411770882352
0.96735295382353
1.08735296382353
1.00970590676471
0.649705896764706
0.321470594764706
0.141470596764706
-0.0385294012352938
0.148529420529412
0.358529418529412
0.483823535588235
0.573823535588236
0.470882359117646
0.150882359117646
-0.140882349117647
-0.340882359117648
-0.540882369117647
-0.190882358117648
0.159117652882353
0.501470588235293
0.841470577235295
0.884999989117647
0.664999999117648
0.386176476764706
-0.0338235232352929
-0.421470582058823
-0.291470582058824
-0.161470582058824
0.240294123823529
0.700294123823531
0.889705888529412
0.889705888529412
0.730882359117646
0.280882359117648
-0.134999995000001
-0.295000005
-0.455000014999999
-0.165000009117647
0.184999998882352
0.457352944176471
0.68735294617647
0.72794118182353
0.497941179823529
0.267941176764705
0.0379411687647055
-0.192058839235294
-0.0926470646470594
0.0273529463529411
0.105000007
0.165000005
0.0179411855882363
-0.362058803411762
-0.727941155000002
-1.047941185
