0.185736429794574
0.234496119717055
0.148682166228682
0.0599999956860468
0.170232553825581
-0.018759694236435
-0.0787596942364339
-0.0758914823759692
-0.0629457398178293
-0.01317829725969
-0.11891473857752
0.0351162770891479
0.0201550330193794
-0.104186050437984
-0.0111627936162791
-0.098837210903101
0.00806201624418651
0.0620930190271316
0.0389147250193799
0.166589143120155
0.0942635621666667
0.285813953810077
0.401240295996124
0.323100765453488
0.364031000647287
0.261317828476744
0.339534882972869
0.411627900647287
0.450542622352713
0.584341080957364
0.45379844529845
0.564651151732559
0.710697675686046
0.646046495686047
0.725116274755814
0.684108528476744
0.824496067003876
0.931550383282946
0.860310073205427
1.01046510033721
0.976124020492248
1.02139534452326
1.12558139103488
1.00558139103488
1.12186046080233
1.11488371661628
1.15023255382558
1.14875968560853
1.04589146855426
1.15294573212016
1.06573642979457
1.04542635227519
1.11255813522093
0.944263561577519
0.974883716616279
0.944961198011628
0.965891524368217
0.979612398786822
0.875038755375969
0.957519316616279
0.873178280957365
0.847906999562015
0.867596939872094
0.709612398786822
0.794418637546511
0.696821703050389
0.679069757391471
0.865271313515504
0.701395349484496
0.714961235996124
0.669612413205427
0.530310064445736
0.536124031344961
0.394728683205426
0.412248062507752
0.335581386926356
