0.692999974666667
0.362999984666668
0.0329999946666672
-0.231666666666667
-0.421666666666666
-0.611666666666666
-0.279000000933334
0.0909999980666653
0.436999997866666
0.746999998866666
1.05699999986667
0.829666665800001
0.5196666648
0.163000001133333
-0.286999987866666
-0.736999976866666
-0.746999974666667
-0.646999974666667
-0.448333308000001
0.021666692
0.491666692
0.661000010666666
0.720999990666667
0.688999976666668
0.288999986666667
-0.111000003333333
-0.324333333333334
-0.444333333333334
-0.514999999866667
-0.264999998866666
-0.0149999978666673
0.115000001933333
0.165000000933333
0.189666666666666
-0.140333333333333
-0.470333333333333
-0.682999994666667
-0.792999984666666
-0.902999974666667
-0.572999988666666
-0.243000002666667
0.00766665840000068
0.167666662399999
0.3276666664
0.0490000093333335
-0.260999980666667
-0.558999970666667
-0.838999960666668
-1.11899995066667
-0.922333300000001
-0.65233332
-0.345666666666666
0.0343333333333341
0.414333333333335
0.498333333333333
0.508333333333333
0.398333330666667
-0.0416666793333333
-0.481666689333334
-0.687000010666667
-0.806999990666666
-0.840999976666665
-0.530999986666667
-0.220999996666667
-0.0243333339999999
0.115666665
0.195666664266666
-0.114333334733332
-0.424333333733335
-0.650333327333333
-0.820333317333333
-0.957666642
-0.637666651999999
-0.317666661999999
0.0076666666666657
0.337666666666669
