0.34423075
0.224230748
0.104230746
-0.0280769479999991
-0.308076946
-0.588076943999999
-0.801923096307692
-0.651923097307693
-0.501923098307693
-0.31730771423077
-0.0173077132307696
0.28269228776923
0.453461519230769
0.333461519230769
0.21346151923077
0.020384592307693
-0.289615417692307
-0.599615427692307
-0.729615428461539
-0.649615418461538
-0.569615408461538
-0.338846178461539
0.0211538115384614
0.381153801538461
0.538076874615385
0.568076874615385
0.598076874615385
0.337307650769231
-0.0526923392307678
-0.442692329230769
-0.594230796153846
-0.674230806153846
-0.754230816153846
-0.411153894615385
0.00884610538461564
0.428846105384614
0.654999951538461
0.864999951538461
1.07499995153846
0.714999965538461
0.354999979538462
-0.000384622461539141
-0.300384616461538
-0.600384610461539
-0.815769222461538
-0.565769233461538
-0.315769244461539
-0.0450000219230782
0.294999979076924
0.634999980076923
0.833461516153846
0.713461506153847
0.593461496153846
0.415769186230769
0.14576919643077
-0.124230793369232
-0.200384634123076
-0.0503846343230769
0.0996153654769242
0.319615360000001
0.599615350000001
0.87961534
0.888846105384616
0.728846105384615
0.568846105384615
0.242692266153847
-0.157307723846156
-0.557307713846155
-0.618846173076923
-0.578846173076923
-0.538846173076923
-0.160384634615383
0.279615365384616
0.719615365384614
0.86423075923077
0.984230769230769
