0.132166664833333
-0.0341666687666662
0.131166663833333
0.263166663166667
0.040166664833333
0.354166676166666
0.396166665166667
0.295833332166665
0.557833344166666
0.394833323833333
0.489833318833333
0.557166660166667
0.225166670166667
0.6198333375
0.753166664166668
0.434833325166667
0.694499998166667
0.722499998166667
0.840499998166666
1.1138333315
0.871499998166667
1.10983338483333
1.1978333315
1.00316666483333
1.40349999816667
1.26449999816667
1.04416666483333
1.36016666483333
1.25116666483333
1.32116671483333
1.32616668816667
0.936166668166667
1.1828333015
1.1608333315
1.0158333315
1.28649999816667
1.08316666483333
1.08416662816667
1.2658333315
0.9608333315
1.1408333315
1.1448333315
0.8948333315
1.10849999816667
0.864166664833334
0.820166664833334
1.12816666483333
0.807166614833333
0.867166614833332
0.976499998166667
0.716499998166667
0.9628333315
0.828166664166666
0.676499996166667
0.925833331499999
0.620499987500001
0.656833335166666
0.860499998166667
0.562166655833333
0.777166718166667
0.672499998166669
0.301833337833334
0.569166671166666
0.454166674166667
0.3908333135
0.232833331499998
-0.0801666685000005
-0.0351666685000008
0.116833331499999
-0.0931666684999997
0.0578333315000001
0.0891666648333327
-0.162500006166667
-0.046166668333333
-0.141500007066666
-0.128166664833331
