-0.0767647099882353
0.119470587705883
0.116882352411765
-0.174058827235295
-0.271588240529412
-0.145705882882353
-0.215352948058823
-0.427588222529412
-0.274882361
0.115117646529412
0.127470587047058
-0.0984117677294119
-0.0692352950235292
0.0877058814117648
0.0171176459411763
-0.103470588964706
0.0225294104352942
0.126411764176471
-0.0835882358235294
-0.219823529941176
-0.0899411769341177
-0.0705294122023529
-0.263823524529412
-0.247941168058824
0.0526470597058832
0.144999999470588
-0.0445294131176472
-0.052176470411765
0.0898235313294118
-0.00664705935294072
-0.232294118176471
-0.198294118176471
-0.042411765235294
-0.208999992411764
-0.367823521235294
-0.188764706385883
-0.0381764733388236
-0.219117653117646
-0.327117652058824
-0.108882356882352
0.0498235288823529
-0.10958823582353
-0.165470588764706
0.097352943894118
0.193352940647059
0.0162941171176467
-0.0137058836823532
0.171352944929412
0.171705890764706
0.0230000013788233
0.10182352889647
0.321352948882353
0.178764697964707
-0.0197058822847059
0.129117646421176
0.330647053705882
0.194294113823529
0.0148823524117647
0.195470587705881
0.412529420058822
0.213588226764705
0.0495882347647058
0.232411764176469
0.36417647417647
0.216882361352941
0.187705884529412
0.413588227470587
0.484764721470588
0.285117638058823
0.221823530411764
0.330764711705882
0.252294117117646
0.0493529406470587
0.0665294112352937
0.172411757352942
0.0259411748823549
