1.02846149961538
0.768461509615385
0.508461519615385
0.236923066538463
-0.173076943461538
-0.583076953461537
-0.913076958846154
-0.803076938846154
-0.693076918846154
-0.513846135615386
-0.103846141615385
0.306153852384614
0.602307693153846
0.642307689153846
0.682307685153846
0.556923071153847
0.166923081153847
-0.223076908846153
-0.474615365
-0.564615365
-0.654615365
-0.534615370923077
-0.234615381923077
0.0653846070769229
0.254615372692307
0.374615373692308
0.494615374692308
0.268461528846154
-0.111538471153845
-0.491538471153846
-0.786923071153846
-1.05692305115385
-1.32692303115385
-1.16538458346154
-0.925384603461538
-0.685384623461539
-0.380769239461539
-0.0707692384615393
0.239230762538462
0.119230751538461
-0.000769259461538468
-0.130769269615385
-0.380769269615384
-0.630769269615385
-0.822307731153846
-0.692307731153846
-0.562307731153846
-0.400000036538463
-0.130000026538461
0.139999983461539
0.286923067307692
0.156923067307693
0.0269230673076918
-0.187692313461539
-0.537692303461538
-0.88769229346154
-1.04846151884615
-0.988461518846154
-0.928461518846153
-0.717692292384614
-0.377692300384615
-0.0376923083846156
0.117692303307692
0.157692302307692
0.197692301307692
0.0023076849230772
-0.297692316076925
-0.597692317076924
-0.659230786538462
-0.649230796538461
-0.639230806538462
-0.307692338923076
0.0823076700769232
0.472307679076922
0.640769209923078
0.790769200923077
