-0.5196875
-0.2696875
-0.1578125
-0.24656250625
-0.335937503125
-0.200937490625001
0.2065625
0.4265625
0.174062499125
-0.1253125005
-0.1453125
0.1359375
0.4209375
0.2509375
-0.106562500000001
-0.1465625
0.0921875056249997
0.315937508125
0.2340625
-0.1159375
-0.1559375
0.137187499999999
0.3071875
0.1428125
-0.2421875
-0.425937499999999
-0.0659374999999998
0.28531250875
0.236562504999999
-0.0384375000000005
-0.2053125003125
-0.0153125010625002
0.314687499937499
0.2040625
-0.1159374925
-0.25406249375
-0.0915624999999992
0.1759375
0.0859375
-0.394062500000001
-0.6059375
-0.4309375
-0.148437500000001
-0.1034374975
-0.4271874875
-0.657187477499999
-0.405937485
-0.106562495687499
-0.0315625006874996
-0.196562503125
-0.351562510499999
-0.0515624995000005
0.379687500250001
0.4521875075
0.2615625056875
0.1265624991875
0.332187499999998
0.8221875
0.952187489999999
0.700312488124998
0.529062494375
0.669062495624998
1.036562465625
1.24468738875
0.974687508750001
0.72218752375
0.809062489375001
1.054062479375
1.14468749375
0.859687478749998
0.399687498750001
0.3709375
0.573437485000001
0.624062493125
0.384062508125003
0.00968749999999952
