1.94547612119048
1.70547617119048
1.46547622119048
1.22547627119048
0.897857246904763
0.427857226904762
-0.0421427930952397
-0.512142813095238
-0.601190436904762
-0.571190436904762
-0.541190436904762
-0.455476154047619
-0.0354761740476189
0.384523805952381
0.804523785952381
0.999285686428572
0.989285696428571
0.979285706428571
0.969285716428571
0.588333349095238
0.168333363095238
-0.251666622904762
-0.588809470904762
-0.718809473904762
-0.848809476904762
-0.978809479904762
-0.815476141571428
-0.505476132571428
-0.195476123571429
0.105476265
0.225476245000001
0.345476225
0.465476205
0.392619054571429
0.062619063571428
-0.267380927428571
-0.597380918428572
-0.797857106380952
-0.967857105380952
-1.13785710438095
-1.20690472261905
-0.846904722619047
-0.486904722619048
-0.126904722619047
0.18738097452381
0.467380944523809
0.747380914523808
1.02738088452381
0.802619006904762
0.552619036904762
0.302619066904762
0.0192857535714299
-0.330714246428571
-0.680714246428572
-1.03071424642857
-1.00214281785714
-0.822142817857143
-0.642142817857143
-0.445952340714285
-0.0959523307142838
0.254047679285713
0.604047689285714
0.744523880238095
0.654523870238095
0.564523860238096
0.474523850238095
0.195952419380953
-0.114047581619048
-0.424047582619049
-0.634047583142856
-0.524047582142858
-0.414047581142857
-0.304047580142857
-0.0330951864285745
0.336904833571427
0.706904853571428
