-0.615882362941177
-0.255882348941175
0.104117665058824
0.387647069411765
0.647647055411765
0.600588230058824
0.280588239058824
-0.048235280764706
-0.398235269764706
-0.712941142352941
-0.462941152352941
-0.212941162352941
0.144117659411765
0.524117659411765
0.557058835882353
0.347058835882353
0.0452941299999991
-0.424705869999999
-0.83705881
-0.8170588
-0.79705879
-0.432941151470588
-0.0229411624705891
0.128235304882353
0.138235305882353
-0.00411763058823519
-0.364117620588235
-0.655294082941176
-0.625294082941176
-0.595294082941176
-0.141764680588236
0.338235309411764
0.620588240588235
0.820588230588235
0.752352936352941
0.38235294735294
0.0405882496470592
-0.209411751352942
-0.459411752352941
-0.199411753352942
0.0605882456470592
0.290000010882352
0.510000011882354
0.460000012458824
0.170000012658825
-0.122941163729412
-0.422941163929411
-0.688823516999999
-0.408823516
-0.128823515000001
0.274705904352941
0.704705913352943
0.817058846470588
0.707058826470588
0.508823522941176
0.148823532941177
-0.15941175237647
-0.0794117525764706
0.000588247223529161
0.362941188552942
0.76294118875294
0.923529424117647
0.953529424117647
0.802352953117649
0.392352952117647
0.03176471617647
-0.0982352828235296
-0.228235281823529
0.102941179411763
0.462941169411765
0.646470585294118
0.756470595294118
0.593529424117648
0.12352942411765
-0.306470578235296
-0.606470588235295
