-0.672307692307692
-0.462307692307693
-0.252307692307692
-0.0400000000000007
0.2
0.439999999999999
0.624615384615385
0.504615384615385
0.384615384615385
0.230000000000001
-0.0399999999999996
-0.309999999999999
-0.466153846153846
-0.366153846153846
-0.266153846153846
-0.0930769230769237
0.196923076923076
0.486923076923076
0.62
0.57
0.52
0.303076923076923
-0.0569230769230768
-0.416923076923077
-0.623076929230769
-0.733076939230769
-0.843076949230769
-0.738461560769231
-0.538461550769232
-0.338461540769231
-0.238461537692308
-0.168461536692308
-0.0984615356923076
-0.290769237153846
-0.530769248153846
-0.770769259153846
-0.863076933846154
-0.943076913846154
-1.02307689384615
-0.693076903846153
-0.363076913846154
-0.0369230776923071
0.243076912307692
0.523076902307693
0.738461510769231
0.598461520769231
0.458461530769231
0.293076923076924
0.0430769230769221
-0.206923076923077
-0.352307692
-0.262307691
-0.17230769
-0.0361538436153845
0.173846155384615
0.383846154384616
0.455384614461538
0.365384612461538
0.275384610461538
0.142307685384615
-0.027692316615385
-0.197692318615384
-0.152307699076924
0.0276923089230777
0.207692316923077
0.491538463538461
0.821538449538464
1.15153843553846
1.17384612461538
1.10384612461538
1.03384612461538
0.667692286923075
0.247692296923077
-0.172307693076922
-0.379999990769232
-0.569999980769231
