0.4048
0.2547999998
0.1047999996
-0.0452000005999998
-0.147200004256
-0.247200008056
-0.347200011856
-0.17120000848
0.0287999955200001
0.22879999952
0.4728000088
0.7228000188
0.9728000288
0.970800022
0.920800012
0.870800002
0.6688
0.4288
0.1888
0.070400000152
-0.00959999964800009
-0.089599999448
-0.0472000009760001
0.042799996824
0.132799994624
0.1343999946
0.0943999956000001
0.0543999966
-0.0688000024000003
-0.238800001400001
-0.4088000004
-0.5008
-0.5408
-0.5808
-0.508799999888
-0.348799999688
-0.188799999488
-0.0912000000160001
-0.051200001216
-0.0112000024159999
-0.0768000073600005
-0.25680001636
-0.43680002536
-0.5772000216
-0.6672000016
-0.7571999816
-0.71919997352
-0.489199983320001
-0.25919999312
-0.0328000030640001
0.187199986735999
0.407199976536001
0.5279999728
0.437999982800001
0.3479999928
0.210400000000001
-0.0495999999999983
-0.3096
-0.5144
-0.5444
-0.5744
-0.574400000199999
-0.4544000012
-0.3344000022
-0.23360000304
-0.23360000304
-0.23360000304
-0.24080000292
-0.30080000192
-0.36080000092
-0.4056
-0.2756
-0.145600000000001
-0.0115999999999997
0.218399999999999
0.448399999999998
