0.442803746869159
0.282710281822431
0.200373827429906
0.794299077897196
0.797196272102805
0.671588800140187
1.17121495471963
1.10990660425234
0.934766356588785
1.37242990799065
1.31364479584112
1.08766355285047
1.49551395658878
1.47906547154206
1.27084112294393
1.6282242921028
1.60130837901869
1.42056074911215
1.90859815658878
1.94504669490654
1.63383176593458
1.86009346873832
1.73439245752336
1.34691588929907
1.62560742200934
1.58448598275701
1.23644859957944
1.51616815658879
1.4207477061215
0.990841122943925
1.2214953285514
1.19009345939252
0.680186916588785
0.855046722757009
0.904299005186916
0.49028035911215
0.545233629859813
0.446168232183176
-0.0117756995570094
0.14289719771028
0.0648598167757001
-0.513457940514018
-0.458691580233644
-0.359439247616823
-0.693644925654205
-0.447196262757008
-0.302429890514019
-0.687757007897196
-0.496261676682242
-0.310654197056074
-0.741121493878504
-0.60766356135514
-0.463738310700936
-0.838598129392522
-0.628411233878504
-0.397383158831777
-0.842803733504671
-0.761121490327103
-0.480747661915888
-0.771308409766355
-0.582990656121496
-0.262149525841121
-0.575514012196261
-0.463644843504673
-0.117943918177571
-0.423457935000002
-0.341682220233642
0.000467291644859619
-0.302242989205605
-0.287102808467291
0.0284112160841122
-0.29635513191589
-0.254766353691585
0.122897197710281
-0.108411220607478
-0.0892523374766368
