0.718181808181818
0.348181819181819
0.0109090996363632
-0.239090901363636
-0.210909084181817
0.0490909148181821
0.276363642727272
0.450000007290908
0.160000007490909
-0.133636356090908
-0.43363635629091
-0.364545446636364
-0.0845454456363635
0.331818199000001
0.663636384545455
0.553636364545455
0.329999994545454
-0.029999995454546
-0.0699999928727273
0.0100000069272727
0.410000007127273
0.709090916363636
0.739090916363636
0.529090915818182
0.119090914818181
-0.0618181754545453
-0.147272720909091
0.212727269090909
0.481818175454545
0.591818185454546
0.33272728
-0.137272719999999
-0.452727274545455
-0.643636371818182
-0.343636361818183
-0.0390909063636362
0.270909083636363
0.137272721636363
-0.162727272363636
-0.622727278363635
-0.916363646363636
-0.766363646363637
-0.441818186363635
0.0281818236363641
0.113636370909091
0.0781818263636354
-0.311818163636364
-0.567272706363636
-0.587272716363637
-0.359090902454546
0.0109090965454536
0.0990909191818183
0.119090922545455
-0.0409090814545449
-0.119090902272727
-0.0990909032727273
-0.188181819181818
-0.318181828181818
-0.208181818181818
-0.0736363563636373
0.126363643636364
0.22272728
0.23272728
0.0381818254545458
-0.180909083636364
-0.190909083636364
-0.113636356363637
0.116363643636364
0.238181831818181
0.298181841818182
0.0854545618181815
-0.132727265727273
-0.252727276727272
-0.218181824090909
0.00181818490908922
0.243636362636363
