0.282539684603175
-0.107460315396825
-0.497460299523808
-0.505714265396825
-0.165714271587303
0.19777779012381
0.0577777799238096
-0.401746039412697
-0.498412700793651
-0.245079363015874
0.0447619067555555
-0.0138095233873015
-0.483809533187301
-0.644761924126984
-0.353968268730159
-0.0139682566349212
0.0387301675238093
-0.31460316047619
-0.694603160476189
-0.50460316047619
-0.205714278571429
-0.146507934444444
-0.407936511587301
-0.758253988730158
-0.648253968730159
-0.31126983920635
-0.227936505873016
-0.430634918571429
-0.701587304603175
-0.663968274603174
-0.273968244603175
-0.18682539952381
-0.467936505238096
-0.786507918095238
-0.780952356984128
-0.302698398761905
0.0673015892380948
-0.113174601904762
-0.465396829365079
-0.623174613174603
-0.410793658507938
-0.0607936465079367
-0.183174590825397
-0.44539681126984
-0.482539668412698
-0.245873005396825
0.0542857161904759
-0.0157142848095237
-0.380952388666667
-0.469999995079365
-0.24412697528889
0.0292063515111111
-0.0406349183555575
-0.590634918555554
-0.873650782380952
-0.626507929523808
-0.217142855079366
-0.0522222201587302
-0.373650792539684
-0.803650802539685
-0.691428572539683
-0.395396816507936
-0.283492058888888
-0.503650795555555
-0.885079341428571
-0.845079381428571
-0.530793655714283
-0.346507934444444
-0.318730161111111
-0.30206349968254
-0.0765079344380952
0.0134920657619051
-0.111111117225398
-0.213015870634921
-0.153333323250793
0.0622222265492059
