0.78999995
0.49999996
0.20999997
0.15999998
0.10999999
0.47000001
0.83000003
1.03000002
1.23000001
1.00999998
0.78999995
0.59999995
0.40999995
0.65999995
0.90999995
1.14999997
1.38999999
1.17000001
0.95000003
0.63000001
0.30999999
0.41999997
0.52999995
0.86
1.19000005
1.16000002
1.12999999
0.75999998
0.38999997
0.31999998
0.24999999
0.56999998
0.88999997
0.99999998
1.10999999
0.79999999
0.48999999
0.33
0.17000001
0.45000001
0.73000001
0.93
1.12999999
0.88999998
0.64999997
0.41999998
0.18999999
0.35999997
0.52999995
0.76999996
1.00999997
0.80999998
0.60999999
0.26999999
-0.07000001
0.0399999799999999
0.14999997
0.57999997
1.00999997
1.06999998
1.12999999
0.8
0.47000001
0.30999999
0.14999997
0.43
0.71000003
0.86
1.00999997
0.79999999
0.59000001
0.45999999
0.32999997
0.59999998
0.86999999
1.10000001
