2.32250001083333
2.12249991083333
1.92249981083333
1.72249971083333
1.61416644416667
1.52416654416667
1.43416664416667
1.49083334416667
1.62083334416667
1.75083334416667
1.84583334416667
1.90583334416667
1.96583334416667
1.9491666775
1.7791666775
1.6091666775
1.4325000075
1.2224999875
1.0124999675
0.8024999475
0.7624999775
0.7225000075
0.682500037500001
0.692500034166667
0.712500024166667
0.732500014166667
0.645833350833334
0.505833360833333
0.365833370833334
0.195833380833333
-0.00416660916666567
-0.204166599166666
-0.347499935833333
-0.377499965833333
-0.407499995833333
-0.419166690833333
-0.339166710833333
-0.259166730833333
-0.179166750833333
-0.189166740833333
-0.199166730833333
-0.209166720833333
-0.260833385833333
-0.320833385833333
-0.380833385833333
-0.367500045833333
-0.317500035833333
-0.267500025833333
-0.192500005833333
-0.0924999758333331
0.00750005416666766
0.0541667375000003
-0.00583327249999988
-0.0658332824999994
-0.152499960833334
-0.372499980833333
-0.592500000833332
-0.812500020833333
-0.892500010833334
-0.972500000833333
-1.05249999083333
-0.924166664166666
-0.754166674166665
-0.584166684166666
-0.387500014166667
-0.177500004166666
0.0325000058333352
0.172500005833334
0.242499995833333
0.312499985833334
0.389166655833334
0.479166685833334
0.569166715833334
0.657500072500001
0.7375000625
0.8175000525
