0.482258064516129
0.482258064516129
0.482258064516129
0.339677419464515
0.079677419664516
-0.159032257690323
-0.199032258890323
-0.239032260090323
-0.05967742116129
0.240322579838709
0.52096774
0.72096773
0.92096772
0.89096772483871
0.78096773483871
0.64483870967742
0.444838709677419
0.244838709677419
0.254516129032258
0.304516129032258
0.385483867096775
0.515483857096774
0.645483847096774
0.597741910967742
0.537741910967742
0.472903206129032
0.402903216129032
0.340322580322581
0.500322570322581
0.660322560322581
0.866774157419355
1.10677413741936
1.31322573548387
1.29322575548387
1.27322577548387
1.09741933032258
0.847419330322581
0.640322556129032
0.580322556129032
0.520322556129032
0.576451588387096
0.666451588387097
0.711290304516129
0.661290324516129
0.611290344516129
0.378387111709678
0.118387100709677
-0.0787096794516133
-0.188709678451613
-0.298709677451613
-0.137741935483871
0.0322580645161297
0.176451612903226
0.296451612903226
0.395161290309677
0.185161290109678
-0.0248387100903221
-0.240967736174194
-0.460967725974192
-0.630967719032258
-0.540967729032258
-0.450967739032258
-0.289999999999999
-0.100000000000001
0.0306451610322582
-0.00935483996774197
-0.0493548409677417
-0.153870972612904
-0.273870975612903
-0.319354847096774
-0.229354843096774
-0.139354839096774
0.0770967741935483
0.307096774193549
0.437741930967742
0.447741920967742
