-0.142043787846715
0.0502189847810221
-0.215328454854015
-0.200729930328468
-0.18613138229927
-0.312043798868613
-0.20043795850365
-0.492554752591241
-0.22321167660584
-0.336423343759124
-0.297664215145985
-0.176788323540146
-0.374744519233577
-0.148321160109489
-0.278686124927007
-0.00094890298978095
-0.124525549890512
-0.153576638138687
0.0598540165766425
-0.043576640109489
0.269927004270073
0.0302919730291965
0.234744535072994
0.335182484416059
0.286277377408759
0.491240888138687
0.288321159744526
0.514817516824817
0.267591239890511
0.450145995656935
0.652846717116788
0.354014595218978
0.645985403686131
0.61766423580292
0.883065695656934
0.792846717554744
0.905839467919707
1.03985401682482
0.892554746751825
1.2381021920073
0.944379564270073
1.08116788543796
1.13197080514598
1.10518251244526
1.16014600514599
0.810583937262773
1.0967883190146
0.886423359890511
1.00919708251825
1.04605839638686
0.881313822664234
1.0917518270438
0.809489053321169
1.04270073215328
0.876934308795621
0.844890513175182
0.857372265
0.673430659160584
0.973576644562044
0.676423324124087
0.802773678138687
0.74635036718978
0.721167885437957
0.804306571569342
0.550802918430658
0.804379564270073
0.496934297992701
0.640437959671533
0.614744521350365
0.52430658930657
0.707153286897813
0.233357671934309
0.462627744999999
0.363065704489052
0.395036488503649
-0.0120437933941605
