-0.0573809423809522
-0.227380952380953
-0.397380962380952
-0.567380972380953
-0.737380978571428
-0.907380978571429
-1.07738097857143
-1.24738097857143
-1.16595240409524
-1.00595240009524
-0.845952396095238
-0.690238107523809
-0.560238111523809
-0.430238115523809
-0.30023811952381
-0.337857169571428
-0.527857170571429
-0.717857171571429
-0.907857172571428
-1.0978571717619
-1.2878571707619
-1.4778571697619
-1.55357145447619
-1.34357145347619
-1.13357145247619
-0.92357145147619
-0.686904778476191
-0.43690476947619
-0.186904760476191
0.0445238190476189
-0.0954761909523813
-0.235476200952381
-0.37547621095238
-0.605476216666666
-0.955476216666667
-1.30547621666667
-1.65547621666667
-1.72214288333333
-1.72214288333333
-1.72214288333333
-1.66309526428571
-1.35309526428571
-1.04309526428571
-0.733095264285714
-0.554523835714285
-0.474523835714286
-0.394523835714286
-0.314523835714286
-0.491666693047619
-0.681666693247619
-0.871666693447619
-0.985000026514286
-0.945000025314286
-0.905000024114285
-0.865000022914286
-0.575000023285714
-0.185000024285715
0.204999974714286
0.579761880476191
0.809761900476192
1.03976192047619
1.26976194047619
1.30452385095238
1.12452384095238
0.944523830952382
0.764523820952382
0.653095230952381
0.553095210952381
0.453095190952381
0.448333273333336
0.748333283333333
1.04833329333333
1.34833330333333
1.64214284333333
1.93214286333333
2.22214288333333
