2.3026190925
2.2026190725
2.1026190525
2.0026190325
1.83404759916667
1.55404761916667
1.27404763916667
0.994047659166667
0.950238124880952
0.980238104880953
1.01023808488095
1.05595235059524
1.19595233059524
1.33595231059524
1.47595229059524
1.43261895821429
1.22261897821429
1.01261899821429
0.802619018214286
0.411666648214286
0.00166665821428608
-0.408333331785714
-0.706904756071429
-0.726904766071428
-0.746904776071429
-0.766904786071428
-0.573571449404762
-0.273571439404761
0.0264285705952378
0.313095245833333
0.333095225833334
0.353095205833333
0.373095185833333
0.247380892976191
-0.07261909702381
-0.392619087023809
-0.71261907702381
-0.903095264785714
-1.06309526378571
-1.22309526278571
-1.31261906978571
-1.10261906078571
-0.892619051785715
-0.682619042785714
-0.506904753214285
-0.356904753214286
-0.206904753214286
-0.0569047532142857
-0.259285715119048
-0.479285725119047
-0.699285735119048
-0.895952408119047
-1.04595240711905
-1.19595240611905
-1.34595240511905
-1.20309526269048
-0.943095263690477
-0.683095264690476
-0.425000026547618
-0.185000016547618
0.05499999345238
0.295000003452381
0.330238103928572
0.140238103928571
-0.0497618960714272
-0.239761896071428
-0.524047618071428
-0.824047627071429
-1.12404763607143
-1.3121428812619
-1.14214288226191
-0.972142883261905
-0.802142884261904
-0.514523837023812
-0.154523837023811
0.20547616297619
