1.20576926423077
1.15576925423077
1.10576924423077
1.037307695
0.747307675
0.457307655000001
0.210384562692308
0.200384572692308
0.190384582692308
0.240384590384614
0.490384590384615
0.740384590384614
0.922692273461538
0.952692243461538
0.982692213461538
0.881922975769231
0.571923005769231
0.261923035769232
0.021153820692308
-0.138846180307692
-0.298846181307692
-0.259615406615385
-0.0496153956153846
0.160384615384615
0.370384607307692
0.580384587307692
0.790384567307693
0.771923036538462
0.651923056538462
0.531923076538462
0.342692311923077
0.132692311923077
-0.0773076880769232
-0.118076927307692
-0.128076937307692
-0.138076947307692
-0.0650000249999999
0.0149999749999998
0.094999975
-0.0250000250000003
-0.145000025
-0.270384640692308
-0.460384644692307
-0.650384648692308
-0.800384651461538
-0.730384647461538
-0.660384643461538
-0.553461565769232
-0.32346157576923
-0.0934615857692305
0.0749999457692307
0.104999945769231
0.134999945769231
0.0880768726923077
-0.0819231173076919
-0.251923107307693
-0.329615409615384
-0.299615409615384
-0.269615409615384
-0.12115387653846
0.128846113461539
0.378846103461538
0.499615330384615
0.539615330384616
0.579615330384616
0.418846106538462
0.16884611653846
-0.0811538734615393
-0.185000026538462
-0.245000028538462
-0.305000030538461
-0.0603846445384605
0.239615357461539
0.539615359461538
0.821153848846155
1.10115387884615
