-1.12499998545455
-1.01499997545455
-0.904999965454545
-0.794999955454545
-0.586818132727272
-0.296818132727273
-0.00681813272727314
0.248636412727272
0.158636412727273
0.0686364127272729
-0.0213635872727275
-0.213181769090909
-0.463181769090909
-0.713181769090909
-0.895909041818182
-0.775909041818182
-0.655909041818182
-0.535909041818182
-0.17590904909091
0.274090940909091
0.724090930909091
1.08681819363636
1.21681818363636
1.34681817363636
1.47681816363636
1.27136364090909
0.991363670909091
0.711363700909091
0.489545538181818
0.369545538181818
0.249545538181818
0.129545538181818
0.336818247272727
0.576818227272727
0.816818207272726
1.02500000545455
1.19499998545454
1.36499996545455
1.53499994545455
1.36499996545455
1.19499998545454
1.02500000545455
0.871363656363636
0.731363666363636
0.591363676363637
0.479545502727273
0.649545492727273
0.819545482727272
0.989545472727273
1.12136365727273
1.23136366727273
1.34136367727273
1.38409096
1.12409097
0.86409098
0.60409099
0.358636439272728
0.118636428272727
-0.121363582727274
-0.233181775000001
-0.00318178400000024
0.226818207000001
0.456818197999999
0.768636386363636
1.09863639636364
1.42863640636364
1.57681822727273
1.40681821727273
1.23681820727273
1.06681819727273
0.624090932727272
0.15409094272727
-0.315909047272726
-0.599545404545455
-0.659545402545454
-0.719545400545454
