-0.676666679761905
-0.346666679761904
-0.0166666797619051
0.313333320238096
0.551904748809524
0.641904748809524
0.731904748809524
0.821904748809524
0.576666661190475
0.226666671190477
-0.123333318809524
-0.441904740238095
-0.571904750238095
-0.701904760238095
-0.831904770238095
-0.705238108228572
-0.345238108028571
0.0147618921714289
0.374761892371429
0.626190463638095
0.866190463438095
1.1061904632381
1.20047617766667
0.930476178666666
0.660476179666666
0.390476180666667
0.140476180333333
-0.0995238206666674
-0.339523821666666
-0.556666679714285
-0.316666678714285
-0.0766666777142857
0.163333323285713
0.420476176285714
0.700476165285715
0.980476154285714
1.26047614328571
1.10333329214286
0.843333302142857
0.583333312142856
0.294761889761905
-0.115238120238096
-0.525238130238094
-0.935238140238096
-1.04809527595238
-0.938095255952381
-0.828095235952381
-0.718095215952381
-0.322380935
0.0876190589999989
0.497619053
0.784285714333333
0.824285710333333
0.864285706333333
0.904285702333333
0.637142851190476
0.247142861190477
-0.142857128809524
-0.504285691190477
-0.594285691190477
-0.684285691190476
-0.774285691190476
-0.678571410714285
-0.378571421714285
-0.0785714327142878
0.221428556285713
0.367142841285714
0.487142842285714
0.607142843285715
0.608095224999997
0.228095225000001
-0.151904775
-0.531904775000001
-0.843809524523807
-1.11380950452381
-1.38380948452381
