0.960238072142857
0.700238082142856
0.440238092142857
0.180238102142857
-0.0721428402380948
-0.312142830238095
-0.552142820238096
-0.792142810238095
-0.651190434523809
-0.39119044452381
-0.131190454523809
0.131666679761905
0.411666679761905
0.691666679761905
0.971666679761905
0.995000013095238
0.785000013095238
0.575000013095238
0.365000013095238
0.0192857364285715
-0.340714253571428
-0.700714243571428
-0.920714239285714
-0.790714249285714
-0.660714259285714
-0.530714269285714
-0.234047605952381
0.14595239404762
0.525952394047619
0.885000013095238
0.825000013095238
0.765000013095238
0.705000013095238
0.499285731666667
0.0992857416666659
-0.300714248333333
-0.700714238333334
-0.833571387380952
-0.903571397380952
-0.973571407380953
-0.967380939285715
-0.637380939285714
-0.307380939285715
0.0226190607142859
0.215476203571429
0.305476203571429
0.395476203571428
0.485476203571429
0.156428594047619
-0.19357139595238
-0.543571385952381
-0.820238049285714
-0.950238059285714
-1.08023806928571
-1.21023807928571
-0.990238082
-0.630238081800001
-0.2702380816
0.078333347133334
0.318333346933335
0.558333346733332
0.798333346533333
0.795476204047619
0.525476205047618
0.255476206047621
-0.0145237929523798
-0.258809507952381
-0.498809508952381
-0.738809509952382
-0.864523796190475
-0.624523795190477
-0.384523794190476
-0.144523793190476
0.120238105142855
0.400238094142856
0.680238083142856
