-0.486
-0.206000004000001
0.0959999978666662
0.154000000093333
-0.0919999977866656
-0.401999987986666
-0.170666664266667
0.192666672733332
0.358666675333334
0.117333334666667
-0.392666655333334
-0.408666654
-0.102666654
0.234000009333333
0.268000000000001
-0.201999999999999
-0.416
-0.261999999466668
0.107333334333333
0.337333333333333
0.0373333333333336
-0.211333333333333
-0.198666667133333
0.0813333322666659
0.321333333266666
-0.00800000373333314
-0.417999989066667
-0.583999978666666
-0.324666655333334
0.125333334666667
0.0900000008666669
-0.247999999333333
-0.584666666666667
-0.583999999933333
-0.153999998933334
-0.0439999993733333
-0.301999989186667
-0.726666641333333
-0.916666641333333
-0.516666661333333
-0.2486666696
-0.308666669866668
-0.662666672666666
-0.912666702666666
-0.528000000666667
-0.0913333206666662
0.0726666753333327
-0.213333333333335
-0.733333333333331
-0.698666666666667
-0.320666666066667
0.0693333342666667
0.106666665999999
-0.313333344000001
-0.429333338
-0.197333333333335
0.181999997333333
0.311999987333333
-0.148000002666667
-0.417333340666667
-0.295333339466669
0.178666670933336
0.588666666933332
0.373333324
0.0799999939999997
0.0140000000000007
0.331333337333335
0.761333367333331
0.680000011999999
0.3519999994
0.0819999990666667
0.176666666000001
0.616666656000001
0.616666669999999
0.245333340666668
-0.245333336000001
