-0.205273983219178
-0.275273973219178
-0.345273963219178
-0.222534254726028
-0.0474657552739734
-0.042945204849315
-0.176232876671232
-0.185547952945205
-0.0671917843150687
-0.0111643839013699
-0.0893835619315067
-0.131027397465753
-0.00143835636986361
0.147602739520548
0.115821917136987
-0.0144520560410956
-0.0123972611369863
0.134178078561644
0.210890403356165
0.133082191575343
0.0878767121232875
0.241438354178082
0.374452044178083
0.261986291616439
0.0413013686712328
-0.0162328769178081
0.103767123082192
0.136232886232877
0.026506849273973
-0.00445205532876708
0.111438364413698
0.20294520760274
0.129520547739726
0.00952054788493173
0.040205482057534
0.16595890549315
0.197465753219178
0.0956849307397259
0.0341780809452055
0.106917807452055
0.179931506643836
0.144178081986301
0.0933561641780823
0.154315071438356
0.265958911575342
0.234041095684932
0.0928082197397261
0.0939041114383558
0.201849305547945
0.19472602719178
-0.0444520550000002
-0.254452055
-0.257328767328767
-0.172260274178082
-0.217876712534247
-0.303767114863014
-0.286917806232877
-0.215684931712329
-0.291027404863015
-0.476917804863013
-0.515958907054794
-0.318013703082191
-0.114315068123287
-0.118561643534247
-0.194315073630137
-0.128424663539725
0.0456849314273967
0.159109588835616
0.172260270479452
0.269794509931507
0.519657531027399
0.756506867876712
0.818287678150685
0.860479442671235
1.06869863815069
1.35883571623288
