-1.01045459118182
-0.940454587181818
-0.870454583181818
-0.800454579181818
-0.643181855545454
-0.413181865545454
-0.183181875545455
0.0286362971818183
0.0586362971818182
0.088636297181818
0.118636297181818
0.0213635762727274
-0.148636413727273
-0.318636403727273
-0.452272759181818
-0.422272759181818
-0.392272759181818
-0.362272759181818
-0.172272766454546
0.0777272235454546
0.327727213545455
0.520454479
0.560454479
0.600454479
0.640454479
0.443181759909091
0.193181769909091
-0.0568182200909091
-0.237727305363636
-0.297727307363637
-0.357727309363636
-0.417727311363636
-0.150454582454545
0.149545419545454
0.449545421545454
0.740454527181818
1.02045455718182
1.30045458718182
1.58045461718182
1.38045459718182
1.18045457718182
0.980454557181818
0.704090906272726
0.364090896272727
0.0240908862727277
-0.281363668272727
-0.241363668272727
-0.201363668272727
-0.161363668272727
-0.00045458372727275
0.229545406272727
0.459545396272728
0.642272664454546
0.612272684454546
0.582272704454545
0.552272724454546
0.340454539363638
0.0604545273636364
-0.219545484636365
-0.450454583727272
-0.550454581727273
-0.650454579727273
-0.750454577727272
-0.670454577363637
-0.550454577363636
-0.430454577363635
-0.354090941
-0.354090941
-0.354090941
-0.354090941
-0.508636395545455
-0.678636395545456
-0.848636395545454
-0.950454579181818
-0.970454583181818
-0.990454587181818
