0.098222223
0.060888889666667
-0.0515555544666662
0.319111102933334
0.751111119888889
0.746666668777778
0.902222223000001
1.46533330966667
1.74133328966667
1.72244444522222
1.99688896077778
2.37666658522222
2.28000000077778
2.19333333411111
2.46133328522222
2.57644442522222
2.38044436522222
2.506000063
2.79733324966667
2.648444403
2.435999943
2.71999998966667
2.94311110744444
2.54311104744444
2.34222218744444
2.59933330077778
2.65600006744444
2.40977769855556
2.49466675188889
2.61044450077778
2.30044444522222
2.06244450522222
2.221777863
2.174666583
1.69022216077778
1.52666666744444
1.67600000077778
1.51977777855556
1.22977777855556
1.35977777855556
1.32800000077778
0.84933333411111
0.580444457666667
0.803777795444444
0.734666681666666
0.360666661444444
0.358666667444444
0.497555561888889
0.177777779888888
-0.201999991
-0.0231111085555558
0.0302222281111118
-0.308444429000001
-0.405555555222222
-0.167555563222223
-0.25088888588889
-0.484888879222222
-0.353555559
-0.285777782777778
-0.637111111444443
-0.753333356555555
-0.371333332555557
-0.303999988555555
-0.588666661000001
-0.498666647666668
-0.154666665222222
-0.332444448111113
-0.579555543666667
-0.370666661444444
-0.210666657444444
-0.409777768555555
-0.321333332568888
0.0297777784311118
-0.0491111141111106
-0.343111108111109
-0.174222219888886
