-1.18566662366667
-0.945666643666667
-0.705666663666667
-0.4330000072
-0.123000006200001
0.186999994799999
0.0956666512666667
-0.0243333597333329
-0.196333366333333
-0.446333366333333
-0.696333366333334
-0.617000033000001
-0.487000033
-0.310333363
-0.0403333530000008
0.229666657
0.179666659
0.0496666590000003
-0.139000005
-0.488999995
-0.838999985
-0.888333315666667
-0.828333315666667
-0.712333317266668
-0.372333325266667
-0.0323333332666669
0.1076666634
0.1476666624
0.142333328066667
-0.157666672933334
-0.457666673933333
-0.571666680333333
-0.561666690333333
-0.526333365733333
-0.136333356733334
0.253666652266667
0.515666651666667
0.665666642666666
0.815666633666667
0.485666643666666
0.155666653666667
-0.109000007666667
-0.299000007666666
-0.489000007666666
-0.156333341933334
0.213666657066667
0.559666656866667
0.869666657866668
1.17966665886667
0.952333324800001
0.6423333238
0.285666660133333
-0.164333328866668
-0.614333317866668
-0.624333315666666
-0.524333315666667
-0.325666649000001
0.144333351
0.614333351000001
0.783666669666667
0.843666649666666
0.811666635666664
0.411666645666667
0.0116666556666668
-0.201666674333334
-0.321666674333334
-0.392333340866666
-0.142333339866668
0.107666661133335
0.237666660933333
0.287666659933333
0.312333325666666
-0.0176666743333345
-0.347666674333335
-0.560333335666666
-0.670333325666668
