-0.52999997
-0.36000001
-0.47
-0.81
-0.81999999
-0.47
-0.36000001
-0.66000003
-0.74000001
-0.41
-0.11
-0.25999999
-0.47
-0.27000001
0.079999998
0.039999999
-0.16
0.00999999979999999
0.47
0.56999999
0.30000001
0.20999999
0.44999999
0.57999998
0.28
0.039999999
0.18000001
0.34
0.079999998
-0.27000001
-0.23
-0.02
-0.15000001
-0.47
-0.43000001
-0.050000001
0.11
-0.07
-0.059999999
0.33000001
0.60000002
0.43000001
0.27000001
0.5
0.79000002
0.68000001
0.44
0.54000002
0.88
0.93000001
0.72000003
0.70999998
0.99000001
1.05
0.74000001
0.54000002
0.68000001
0.72000003
0.28
-0.11
0.00999999979999999
0.28999999
0.15000001
-0.23
-0.25999999
-0.029999999
-0.07
-0.34
-0.31
0.07
0.2
-0.16
-0.41999999
-0.2
0.050000001
-0.18000001
