-0.705294102352941
-0.615294132352941
-0.419411774117647
-0.331764712941176
-0.33352941882353
-0.31588236
-0.243529419235294
-0.182941184058824
-0.200000006117647
-0.242941183470588
-0.172941182470588
0.0100000025294116
0.15058823117647
0.217058809411765
0.286470575882353
0.399999997647059
0.504705872352941
0.53764703
0.559411775294117
0.669411735294118
1.00941175529412
1.28764714
1.35882355764706
1.30411764
1.31999999294118
1.45882352235294
1.58882352235294
1.57411764
1.45647058117647
1.53647058117647
1.81411764
1.98882344
1.94117642235294
1.84058822823529
1.90176474588235
2.14294124588235
2.37352940470588
2.42941175764706
2.37941175764706
2.49941165764706
2.70764694
2.79764709294118
2.71823533411765
2.60000004588235
2.56352951647059
2.59764713411765
2.60705883411765
2.56941186941176
2.56941186941176
2.59764716352941
2.52882346941176
2.36823531647059
2.25470586941176
2.31235286941176
2.48117649882353
2.55705888117647
2.43470577529412
2.14470587529412
1.99470587529412
1.95058822823529
1.91294109294118
1.86647053411765
1.82705881647059
1.77647058117647
1.64352940470588
1.36411764
1.00764705176471
0.867647051764706
0.953529423529411
0.987647057647059
0.838235265882352
0.594705847647059
0.438235269411765
0.412352922941176
0.374705864117646
0.209999982941176
