0.0345808383233533
0.139371253832335
-0.0590718562874251
0.130449100958083
-0.0406287461077837
0.0742215568922148
0.0610479041916168
0.0341017965808381
-0.0770359288622754
0.0123652692886229
-0.137395209580838
-0.0393712571077842
-0.12134730251497
0.00823353279640747
-0.124700598802395
-0.0560778443113772
-0.148892219401198
-0.0761377261676644
-0.0885329361676645
-0.107634733952096
-0.152005991856288
-0.00392215576646683
-0.0376347305700602
-0.090868265718563
-0.115838324550898
-0.0622455132035927
-0.0726047943712573
-0.110748501497006
-0.0490119738922155
-0.0924850333592813
-0.032125748443114
-0.0626047904191616
0.0113473052455088
-0.0638023952095811
0.0764970059880245
-0.038532934131737
0.0882335329341317
0.000928143748503011
0.123323348742515
-0.0175748517065867
0.0661976089101795
-0.0220059880239524
0.107155691856288
-0.0678742537125749
0.0836826347305391
-0.0761976048443116
0.0348203584790418
-0.0608083831077844
0.0199700608383234
-0.0486526954970061
-0.0128443117724549
-0.119970055628741
0.0688323353293407
-0.0263772454670656
0.0318263470059879
0.0682335329473056
0.0752994012215567
0.0527844296586826
0.0499101798443116
0.00709580838323331
-0.0154790419161673
-2.99399604793121E-05
-0.0723652694610772
-0.0200898233293423
-0.0461377245508996
0.0673952092694595
-0.188413169101796
0.0452993998263482
-0.109131734610779
0.0787125776646685
-0.114880239437127
0.174580838323353
-0.0849401201437122
0.159131737365269
-0.0811077844311378
0.200449100898204
