-0.895333315666667
-0.565333329666668
-0.235333343666667
0.0153333173999999
0.175333321399999
0.3353333254
0.0566666683333334
-0.253333321666666
-0.551333311666666
-0.831333301666666
-1.11133329166667
-0.914666641000001
-0.644666661
-0.338000007666666
0.0419999923333323
0.421999992333333
0.505999992333333
0.515999992333333
0.405999989666667
-0.0340000203333333
-0.474000030333333
-0.679333351666666
-0.799333331666667
-0.833333317666668
-0.523333327666667
-0.213333337666667
-0.0166666749999999
0.123333324
0.203333323266667
-0.106666675733334
-0.416666674733333
-0.642666668333333
-0.812666658333333
-0.949999982999999
-0.629999993
-0.310000003
0.0153333256666672
0.345333325666666
0.675333325666667
0.555333323666666
0.435333321666667
0.240666654866665
-0.0393333431333325
-0.319333341133333
-0.1980000086
-0.0480000095999999
0.161999990200001
0.461999991200001
0.761999992199999
0.697999992333334
0.577999992333333
0.394666655666666
0.0846666456666661
-0.225333364333334
-0.223333358333333
-0.143333348333334
0.0113333229999995
0.371333313
0.731333303000001
0.849333300333333
0.879333300333333
0.825333302333331
0.435333312333334
0.0453333223333335
-0.138000014333333
-0.218000024333334
-0.231333366333332
0.188666633666665
0.608666633666669
0.902666633666666
1.11266663366667
1.2846666346
0.924666648599999
0.564666662599998
0.236666672333334
-0.063333321666669
