-1.62590911545455
-1.62590911545455
-1.62590911545455
-1.62590911545455
-1.45681820636364
-1.14681820636364
-0.836818206363637
-0.547727297272727
-0.467727297272727
-0.387727297272727
-0.307727297272727
-0.399545479218182
-0.589545479418182
-0.779545479618182
-0.927727297745454
-0.887727296545454
-0.847727295345454
-0.807727294145455
-0.51318184
-0.123181841
0.266818158
0.61318179909091
0.843181819090909
1.07318183909091
1.30318185909091
1.19772730909091
1.01772729909091
0.837727289090909
0.686818184545455
0.586818164545454
0.486818144545455
0.386818124545455
0.650454495454546
0.950454505454545
1.25045451545454
1.54590907545455
1.83590909545454
2.12590911545455
2.41590913545455
2.31590911545455
2.21590909545455
2.11590907545455
1.91772725909091
1.63772727909091
1.35772729909091
1.10590913363636
1.13590911363636
1.16590909363636
1.19590907363636
1.29590905363636
1.43590903363636
1.57590901363636
1.65227263727273
1.44227265727273
1.23227267727273
1.02227269727273
0.666818164545456
0.256818174545455
-0.153181815454547
-0.456818174545454
-0.476818184545454
-0.496818194545454
-0.516818204545454
-0.275000016363637
0.0249999936363643
0.325000003636366
0.523181820909091
0.543181800909091
0.563181780909091
0.583181760909091
0.294090859090909
-0.0259091309090925
-0.34590912090909
-0.593181842272727
-0.753181841272726
-0.913181840272727
