-0.329651172790698
-0.179651161790697
-0.0180232466046511
0.18197675239535
0.223837216511628
0.0838372155116282
-0.160813939906977
-0.450813928906976
-0.46174417
-0.422441852627907
-0.232441851627907
-0.14127906072093
-0.20127906172093
-0.399418603255814
-0.679418613255814
-0.69267442
-0.631976736493024
-0.271976736293023
0.0131395428465116
0.143139542646512
0.0387209379069767
-0.251279062093023
-0.501744178372093
-0.731976736511628
-0.551976736511628
-0.343837201883721
-0.0538372028837215
0.0554651226744185
-0.0245348763255813
-0.191046503953489
-0.391046503953488
-0.304999992325581
-0.169651155116279
0.120348844883722
0.305697677906977
0.345697667906977
0.288023252325581
0.178023262325581
0.306627905813953
0.494534878372092
0.894534918372093
1.21081400023256
1.37081396023256
1.3505814027907
1.2005814327907
1.17267446162791
1.18755818209302
1.50755817209302
1.79127906441861
1.9812789544186
1.97174407837209
1.77174419837209
1.5494186327907
1.3194186127907
1.40197672255814
1.50662786790698
1.66662789790698
1.68523255255814
1.52523252255814
1.29779065906977
1.03779066906977
1.00453486511628
1.01267441
1.13267442
1.15965117046512
1.02965117046512
0.815000001627909
0.544999991627905
0.517790696046512
0.553837216976745
0.803837216976746
0.972209316046512
0.952209336046512
0.755697706744185
0.405697686744188
0.140116285976745
