-0.0503773613584917
0.197924525471697
0.280188672075472
0.0722641509433962
0.17792453245283
0.124528309056604
-0.0492452830188683
0.254905660377359
0.285094345773586
-0.123962267792452
0.00283018830188648
0.127169811320756
-0.142830183396226
0.00132075439622566
0.159056604150943
-0.0698113201886788
0.032264149169811
0.129056601698113
-0.092264151018868
0.15037736171698
0.393018881509434
0.0873584907735853
0.166981137207547
0.48094341
0.210377362264151
0.154339616415094
0.37528300490566
0.17622641754717
0.123207547169812
0.234528301886793
-0.0805660377358477
-0.0528301886792454
0.265849056603774
0.0228301886792451
-0.0990566038339628
-0.00207547113962268
-0.11
0.0524528301886798
0.107358490566038
-0.12188679245283
0.0318867947169814
0.14339622654717
-0.105849052150944
-0.0186792443962265
0.155283018867925
-0.0222641509433963
0.0137735843773593
0.144905657169811
-0.0749056603773582
-0.0658490613207553
0.0284905660377359
-0.147358489622642
-0.0590566007547168
0.148490565981132
-0.0220754716981142
0.0267924548679256
0.277547169056604
0.0822641473584906
-0.0424528289056604
0.100188679245283
0.00207547267924454
0.00132075481132121
0.20320754
0.0539622632075452
-0.0122641509433949
0.18056603773585
0.0254716978113205
-0.0969811284339625
0.165471691962263
0.0411320771698134
-0.172264143773585
0.0669811318867925
0.0983018827018849
-0.045660377332076
0.100566037735849
-0.00566038169811386
