0.326785716071429
0.146785716071429
-0.0267857125000007
-0.096785713071428
0.0832142849285719
0.272500010214286
0.285357158214286
0.156785727542857
-0.00321428225714299
0.0853571447428572
0.270357149642857
0.458928583928571
0.338928563928571
0.0932142825714277
-0.0453571402285713
0.0246428586714292
0.354642858871429
0.484642851785714
0.416785706071428
0.136785716071429
0.00678571607142832
0.133928573214286
0.386785718928571
0.596785728928571
0.426071425357143
0.203214279642857
0.0446428589285716
0.184642858928572
0.444642858928572
0.544642863928571
0.446071443928572
0.236071443928572
0.253928578928572
0.419642854642858
0.681785704642857
0.711785734642857
0.563214293214286
0.386071420357143
0.286071430357143
0.426071440357143
0.488928580357143
0.431785716071429
0.181785716071429
0.0246428589285718
0.0403571446428567
0.169642856785714
0.259642846785714
0.0924999967857152
-0.102500003214285
-0.235357153071428
-0.0853571420714295
0.103928573785715
0.158214287071428
0.00750000121428512
-0.282499987785715
-0.3582142775
-0.283928569285714
-0.0939285682857143
-0.153928569285714
-0.3553571475
-0.546785723214286
-0.516785713214286
-0.180357140885715
0.0482142876571425
0.088214287500001
-0.201785712499999
-0.448928569642858
-0.478928569642858
-0.283214284071427
0.00678571492856966
0.00607142978571404
-0.125357141071427
-0.303928569642857
-0.203928569642858
0.0317857160714289
0.232499998214286
