1.62547622666667
1.43547622666667
1.24547622666667
1.05547622666667
0.827380984761905
0.537380974761905
0.247380964761904
-0.0426190452380952
-0.0049999999999997
0.135
0.275
0.426428571428572
0.646428571428572
0.866428571428571
1.08642857142857
1.10214285714286
0.932142857142857
0.762142857142857
0.592142857142857
0.286428562380952
-0.0335714476190474
-0.353571457619047
-0.547857175904762
-0.427857164904762
-0.307857153904762
-0.187857142904762
0.0654761867619046
0.385476175761905
0.705476164761904
1.00404758333333
0.874047593333333
0.744047603333333
0.614047613333334
0.334047623333334
-0.145952366666668
-0.625952356666666
-1.10595234666667
-1.28642855142857
-1.39642857142857
-1.50642859142857
-1.53261908190476
-1.20261907190476
-0.872619061904763
-0.542619051904762
-0.344047619047619
-0.244047619047619
-0.14404761904762
-0.0440476190476192
-0.363095238095239
-0.703095238095237
-1.04309523809524
-1.32976189809524
-1.50976187809524
-1.68976185809524
-1.86976183809524
-1.67833328238095
-1.33833331238095
-0.998333342380953
-0.666904797142857
-0.416904787142856
-0.166904777142858
0.0830952328571423
0.071190476190476
-0.228809523809525
-0.528809523809522
-0.828809523809523
-1.15452380952381
-1.48452380952381
-1.81452380952381
-2.01119047857143
-1.78119048857143
-1.55119049857143
-1.32119050857143
-0.955000030000004
-0.505000020000002
-0.0550000100000013
