0.747307682307692
0.637307692307692
0.531923085897436
0.511923075897436
0.503205119230769
0.593205129230769
0.672435908461538
0.692435918461538
0.698076947948718
0.648076927948718
0.598076918205128
0.548076938205128
0.501153868974359
0.461153848974359
0.406794868974359
0.326794888974359
0.238589767641026
0.138589755641026
0.0847435953333334
0.0847435953333334
0.110384622
0.160384624
0.137051292102564
0.0570512931025642
-0.115256405589744
-0.345256416589743
-0.481923086923077
-0.571923086923077
-0.518333336153846
-0.408333326153846
-0.306025630769231
-0.206025629769231
-0.179871785076923
-0.169871787076923
-0.124999991589744
-0.0749999905897437
0.08576924025641
0.25576924025641
0.338076932564103
0.412179496666667
0.262179496666666
0.102948727435897
-0.167051272564103
-0.392179478205128
-0.312179482205128
-0.27166666425641
-0.41166666025641
-0.470897426410256
-0.260897426410256
-0.0791025534871794
0.0308974505128207
0.0108974518461531
-0.269102552153845
-0.522179481538461
-0.732179491538461
-0.732948723589744
-0.462948713589744
-0.178333323846154
0.121666676153846
0.184743598692308
0.0447435976923074
-0.207307690076924
-0.537307699076924
-0.57243590102564
-0.44243589102564
-0.14628204179487
0.223717958205126
0.333461547948718
0.353461547948718
0.0952564197435869
-0.234743580256409
-0.344743588717949
-0.414743598717948
-0.125769222820514
0.204230797179487
0.420384644358974
