0.823076893461538
0.783076923461539
0.743076953461539
0.686153902692308
0.426153882692308
0.166153862692308
-0.0446153834615387
0.0153846265384612
0.0753846365384613
0.216153872692306
0.626153862692307
1.03615385269231
1.35692307961538
1.47692308961538
1.59692309961538
1.57846156346154
1.33846155346154
1.09846154346154
0.909230768846154
0.779230768846154
0.649230768846154
0.691538461153846
0.881538461153846
1.07153846115385
1.18153846115385
1.24153846115385
1.30153846115385
1.112307685
0.812307675000001
0.512307665
0.258461524230769
0.0184615442307697
-0.221538435769231
-0.207692278846154
-0.147692278846154
-0.0876922788461538
-0.0369230573076923
0.0130769326923077
0.0630769226923077
-0.206923067307693
-0.476923057307692
-0.746923048846154
-1.01692305884615
-1.28692306884615
-1.48615384515385
-1.29615383615385
-1.10615382715385
-0.895384591538463
-0.615384600538461
-0.335384609538461
-0.178461535769231
-0.29846152576923
-0.418461515769231
-0.649999967307692
-1.05999995730769
-1.46999994730769
-1.69538456192308
-1.70538457192308
-1.71538458192308
-1.50999997115384
-1.11999997115385
-0.729999971153846
-0.444615361923078
-0.224615371923076
-0.00461538192307653
-0.040769231153846
-0.190769231153847
-0.340769231153847
-0.406153838846154
-0.446153828846154
-0.486153818846154
-0.196153808846153
0.153846201153846
0.503846211153845
0.798461559615386
1.08846151961539
