0.546222232222222
0.262888883711112
0.0333333354222227
0.352666677555556
0.544000012222222
0.204000002222223
0.124000000666668
0.457555548666667
0.455555548666667
0.198888887555556
0.331555564222223
0.512888874
0.140444447777778
-0.112888882222222
0.094666663333333
0.0924444433555555
-0.311555562044444
-0.343777783555556
-0.073777777288889
-0.1884444488
-0.395555568222222
-0.153555556222222
0.0262222240622219
-0.255777769777778
-0.287999994888889
-0.0184444400666668
-0.115111109733334
-0.450888870888889
-0.254666672195556
-0.0148888872222225
-0.300444442888889
-0.516444460888889
-0.201333334444446
-0.047333332444445
-0.301777784666667
-0.276888888222223
-0.0982222175555553
-0.380222213777779
-0.788000023777778
-0.579333311111112
-0.418666661999999
-0.705333281333334
-0.845333309555556
-0.613111117333334
-0.668888902444445
-0.945999998444444
-0.739999990444445
-0.395555553777778
-0.588000014000001
-0.876444442888889
-0.676444444666667
-0.619777791333333
-0.854666675777778
-0.753111116
-0.383111110000001
-0.535777776222223
-0.803111109555556
-0.576888887333333
-0.333333337555555
-0.533999984888888
-0.553333315777777
-0.273333333777778
-0.411111121555555
-0.784222227333334
-0.667555547333335
-0.248888878888889
-0.394222216222224
-0.604222234666667
-0.396444442444444
-0.276444440444445
-0.485333324222222
-0.424222213555555
-0.103111115777777
-0.170444442888888
-0.331111109555555
-0.0442222205288856
