0.437767008980583
0.307669896805824
0.0301941777378642
0.267475738980583
0.252135925640777
-0.0391262099902914
0.206116512281554
0.351359215873786
0.0692233050271839
0.184757285485437
0.329029134223301
-0.0320388303398049
-0.0892232916407766
0.0193203917689319
-0.328058241330097
-0.30155339907767
0.0525242757766994
-0.145339794805825
-0.256796112572815
-0.00679611257281554
-0.243009709854369
-0.539126208495146
-0.25252426461165
-0.342330099271845
-0.665922337815534
-0.33815533199029
-0.227669893349515
-0.609611646553399
-0.496213574320389
-0.302718450048544
-0.561262144223302
-0.526796098009709
-0.449999987912621
-0.820776688980582
-0.789223297038834
-0.46980582131068
-0.731941743640777
-0.825533974514564
-0.52883493276699
-0.755922324029127
-0.94359222907767
-0.57776699053398
-0.598349511213592
-0.789805872669903
-0.461262119951455
-0.417184461893204
-0.693300961893204
-0.463203875097088
-0.342427179757282
-0.579126206941748
-0.340097086941745
-0.220485440339805
-0.594077673349514
-0.415922339660193
-0.0468931987475715
-0.354368928106794
-0.441456300145631
-0.134077665970874
-0.314854365000001
-0.404271854902912
-0.0503883503980586
-0.242621364951456
-0.53640777723301
-0.177669895543692
-0.119514554514562
-0.324077658592234
-0.101067952825243
-0.0894174657281556
-0.346699031407766
-0.0896116465533958
-0.00999999478640751
-0.391165038883495
-0.21621358830097
0.0807767029611637
-0.184563097621359
-0.0871844616116513
