1.01633335253333
0.756333332533334
0.496333312533334
0.2409999732
-0.00900001679999918
-0.2590000068
-0.145000015466667
-0.00500002546666722
0.146999972533333
0.316999982533333
0.486999992533333
0.422999993866667
0.322999993866667
0.2029999972
0.0430000072000004
-0.1169999828
-0.0369999968
0.1029999832
0.269666629866666
0.509666609866667
0.749666589866666
0.784333280533333
0.744333320533333
0.674333352533334
0.484333352533334
0.294333352533333
0.291000005866667
0.380999985866667
0.496333305866667
0.776333335866667
1.05633336586667
1.13233337186667
1.07233336186667
0.992333351866666
0.632333341866667
0.272333331866667
0.0349999938666665
-0.0950000061333331
-0.225000006133333
0.024999993866667
0.274999993866666
0.459666655866667
0.569666645866666
0.679666635866666
0.462999968533333
0.222999968533333
0.0149999717333329
-0.145000020266667
-0.305000012266666
-0.118333351466667
0.121666640533333
0.341666638533333
0.521666648533334
0.701666658533334
0.545666652533332
0.305666642533334
0.0523333048000004
-0.2376666842
-0.5276666732
-0.495000004333333
-0.345000005333334
-0.159000008133332
0.170999981866666
0.500999971866666
0.590999968533333
0.560999968533333
0.500333303199999
0.240333313200001
-0.0196666768000018
-0.0996666728
-0.0596666728
-0.00300000546666612
0.287000004533334
0.577000014533335
0.728333336533333
0.758333306533334
