-0.100000002828125
-0.381250000046875
-0.168750002234374
-0.194062502546875
-0.334062508171875
-0.0450000022343751
-0.215312502234375
-0.100625000359375
-0.110312499109375
-0.240937502234375
-0.0359375022343748
-0.303125002234375
-0.209687501734375
-0.138750002515625
-0.272500001296875
-0.034687502234375
-0.254062502234375
-0.198124999971876
-0.0853125022343753
-0.307812496296875
-0.138125002315625
-0.363750008171874
-0.380312507859375
-0.228437497859375
-0.438437514109375
-0.305625002234375
-0.492187497546875
-0.470000008171875
-0.378125002234376
-0.658125002234375
-0.334687502234375
-0.430625005671875
-0.614374990984375
-0.373125008171875
-0.585937488796875
-0.442187484421875
-0.525937500671876
-0.693749996609375
-0.521562508171875
-0.707187500359375
-0.516562494109376
-0.626562490984375
-0.913437502234375
-0.642500003171875
-0.775312502234375
-0.685937492859376
-0.651562508484375
-0.745937499421874
-0.480937489421876
-0.725312505046875
-0.678750000984374
-0.602499990984375
-0.754375002234375
-0.497499995046875
-0.665625002546875
-0.634062494734374
-0.597499994109374
-0.830312502234375
-0.512499998171877
-0.623749998484377
-0.572500013796875
-0.313750008171875
-0.524062505671875
-0.333125002859375
-0.436562512859374
-0.446249996296875
-0.283437504109376
-0.573437504109374
-0.355937493484375
-0.406249999734376
-0.559062506296875
-0.412187504734375
-0.574687490671875
-0.360312496921875
-0.394999996296873
-0.455937508171873
