-1.23119048928571
-0.961190489285714
-0.691190489285715
-0.421190489285714
-0.147380965476191
0.13261903452381
0.412619034523811
0.692619034523809
0.683095225
0.583095225
0.483095225
0.367380939285714
0.157380939285714
-0.0526190607142857
-0.262619060714286
-0.305000012571429
-0.195000011571428
-0.0850000105714285
0.0249999904285715
0.243571418190476
0.473571417190476
0.703571416190476
0.842142844047619
0.752142844047619
0.662142844047619
0.572142844047619
0.315476177380952
-0.0245238226190484
-0.364523822619047
-0.690238108809524
-0.730238118809524
-0.770238128809524
-0.810238138809524
-0.691666712095238
-0.361666703095238
-0.0316666940952387
0.298333314904762
0.531190468380952
0.741190479380953
0.951190490380953
1.088809545
0.918809535
0.748809525
0.578809515
0.408809510714285
0.238809510714286
0.0688095107142864
-0.101190489285714
0.043095228809524
0.203095232809523
0.363095236809524
0.513095238142857
0.643095234142857
0.773095230142857
0.903095226142857
0.804523795714286
0.614523794714286
0.424523793714286
0.234523792904761
0.0445237939047608
-0.145476205095237
-0.335476204095238
-0.335000012619047
-0.125000011619047
0.084999989380951
0.294999990380951
0.539285712523809
0.78928572152381
1.03928573052381
1.19642859214286
1.05642858214286
0.916428572142857
0.776428562142857
0.506428558333336
0.156428558333335
-0.193571441666666
