1.23852936941176
1.03852938941176
0.838529409411765
0.309705899999999
-0.320294080000002
-0.706764664117647
-0.876764674117647
-0.879117622294117
-0.479117622094117
-0.091470562505882
0.0985294472941181
0.288529457094117
0.0667647447058825
-0.243235265294118
-0.441470563529412
-0.561470563529412
-0.504999975294117
-0.124999975294118
0.242058849411765
0.512058859411765
0.782058869411765
0.540294159411764
0.230294153411765
-0.0991176160000009
-0.43911762
-0.564999975294118
-0.384999975294118
-0.190882328235294
0.0691176717647063
0.329117671764705
0.127941202117647
-0.102058796882353
-0.466176451411765
-0.886176462411765
-1.05676469411765
-0.946764674117647
-0.761470544
-0.331470555999999
0.098529432
0.128529434
0.158529436
-0.124999982941176
-0.504999992941177
-0.69970588
-0.72970588
-0.636176464117647
-0.246176450117648
0.106764738705882
-0.133235275294117
-0.373235289294116
-0.547352930588235
-0.707352920588236
-0.720294092941177
-0.630294092941177
-0.487352916470588
-0.247352916470588
-0.0297058576470587
0.0202941423529412
0.070294142352941
-0.0738235047058826
-0.243823504705882
-0.336176452352941
-0.386176462352941
-0.362058817058824
-0.232058807058824
-0.117941151764706
-0.0779411517647058
-0.037941151764706
-0.157941151764705
-0.287941151764706
-0.340294092941177
-0.360294092941177
-0.276764681176471
-0.0767646811764718
0.0973529658823535
0.187352965882353
