0.994285675
0.734285674999999
0.474285675
0.214285675
0.00761900833333354
-0.112380991666667
-0.232380991666667
-0.352380991666667
-0.213333371857142
0.00666662914285687
0.226666630142857
0.432380917142857
0.552380920142857
0.672380923142857
0.792380926142857
0.708095205952381
0.438095191952381
0.168095177952381
-0.101904836047619
-0.326666742142857
-0.546666742142857
-0.766666742142857
-0.863809596428571
-0.653809586428571
-0.443809576428571
-0.233809566428571
-0.00380956242857161
0.236190438571429
0.476190439571428
0.69619044047619
0.51619043947619
0.33619043847619
0.156190437476191
-0.100952424523809
-0.46095243452381
-0.820952444523809
-1.18095245452381
-1.281904805
-1.321904765
-1.361904725
-1.3619047002381
-1.19190474023809
-1.0219047802381
-0.851904820238095
-0.841904831666667
-0.951904821666667
-1.06190481166667
-1.17190480166667
-1.5009524202381
-1.84095242023809
-2.1809524202381
-2.41095241690476
-2.42095240690476
-2.43095239690476
-2.44095238690476
-2.19380953404762
-1.84380954404762
-1.49380955404762
-1.16666670690476
-1.05666671690476
-0.946666726904762
-0.836666736904762
-0.921904846904762
-1.22190486690476
-1.52190488690476
-1.82190490690476
-1.93333346404762
-2.01333344404762
-2.09333342404762
-2.07571435880952
-1.74571434880953
-1.41571433880952
-1.08571432880952
-0.774285753571431
-0.47428575357143
-0.174285753571429
