0.542142844047619
0.262142844047618
-0.0178571559523807
-0.297857155952381
-0.524523822619047
-0.664523822619048
-0.804523822619048
-0.944523822619048
-0.855952401666666
-0.695952411666667
-0.535952421666666
-0.387381000238095
-0.307380990238095
-0.227380980238095
-0.147380970238095
-0.193095251190476
-0.353095251190476
-0.513095251190476
-0.673095251190476
-0.751666688809524
-0.821666698809524
-0.891666708809524
-0.890238141666666
-0.710238131666666
-0.530238121666667
-0.350238111666667
-0.243571442333333
-0.173571443333333
-0.103571444333333
-0.0469047780952384
-0.256904767095239
-0.466904756095238
-0.676904745095237
-0.84833331452381
-0.96833332452381
-1.08833333452381
-1.20833334452381
-1.01261906071429
-0.742619060714286
-0.472619060714285
-0.200714298809524
0.0792857011904767
0.359285701190476
0.639285701190476
0.702142844047619
0.602142844047619
0.50214284404762
0.402142844047619
0.197380939285714
-0.0126190607142852
-0.222619060714286
-0.325952393714286
-0.215952392714286
-0.105952391714286
0.00404760928571408
0.199761894571429
0.429761893571428
0.659761892571429
0.859285701190476
0.769285701190476
0.679285701190477
0.589285701190476
0.380238082142857
0.0402380821428559
-0.299761917857141
-0.639761917857142
-0.722619069285714
-0.762619079285714
-0.802619089285714
-0.754523856666664
-0.424523847666668
-0.0945238386666669
0.235476170333334
0.491190466285713
0.701190477285713
0.911190488285714
