-1.3392000406
-1.1792000306
-1.0192000206
-0.8592000106
-0.70880001116
-0.55880001216
-0.40880001316
-0.46120001232
-0.53120001132
-0.60120001032
-0.6008000102
-0.5908000102
-0.5808000102
-0.3860000102
-0.1560000102
0.0739999897999999
0.2479999898
0.4079999898
0.5679999898
0.4847999898
0.3247999898
0.1647999898
0.0335999898000001
-0.0864000102
-0.2064000102
-0.0816000170000005
0.158399973
0.398399963
0.715199978600001
1.0752000086
1.4352000386
1.5492000446
1.4992000346
1.4492000246
1.264800009
0.974799989
0.684799969000001
0.5403999646
0.5303999746
0.5203999846
0.635199989800001
0.8851999898
1.1351999898
1.2883999766
1.3183999466
1.3483999166
1.2423999106
0.932399940600001
0.622399970600001
0.36639998944
0.206399988440001
0.0463999874399996
0.00479999027999964
0.214800001279999
0.42480001228
0.634800014599999
0.844799994599999
1.0547999746
1.1855999642
1.0655999842
0.9456000042
0.807600020199999
0.597600020199999
0.387600020200001
0.2096000186
0.1996000086
0.1895999986
0.1903999898
0.2703999898
0.3503999898
0.4143999898
0.2943999898
0.174399989800001
0.0515999896399998
-0.138400014359999
-0.328400018359999
