1.044333341
0.784333331000001
0.524333321
0.240999987
-0.0690000029999989
-0.378999992999999
-0.119666659
0.180333340999999
0.532333352999999
0.962333383
1.392333413
1.31100005766667
1.15100002766667
0.897666674
0.457666673000001
0.0176666720000005
-0.0143333274
0.0556666735999998
0.224333338333333
0.664333328333333
1.10433331833333
1.140999997
1.031000017
0.823000031000002
0.223000021000001
-0.376999989
-0.703666665666667
-0.893666675666667
-0.991666683
-0.491666672999999
0.00833333699999886
0.370333341
0.640333341
0.868333340866666
0.508333338866667
0.148333336866667
-0.168999996333334
-0.448999994333333
-0.728999992333333
-0.398999992333333
-0.0689999923333338
0.242333336333335
0.532333326333332
0.822333316333333
0.524333323133333
0.184333331133333
-0.211666667266668
-0.691666675266668
-1.17166668326666
-1.11433333366667
-0.974333313666667
-0.730999970333333
-0.280999980333333
0.169000009666668
0.243000007666667
0.223000007666667
0.115000005000001
-0.235000005
-0.585000015000001
-0.6123333466
-0.5223333406
-0.356333334999997
0.113666668999999
0.583666673
0.773666681
0.823666691
0.808333365026665
0.368333355226668
-0.0716666545733362
-0.307666658613333
-0.407666658813333
-0.469666658333332
0.000333351666668202
0.470333361666669
0.828333360999999
1.088333351
