-0.027307676
-0.00730767600000001
0.012692324
0.0426923233076919
0.192692314307692
0.342692305307692
0.477307682307692
0.527307682307692
0.577307682307692
0.60192306923077
0.541923079230769
0.481923089230769
0.437307711538462
0.427307711538462
0.417307711538462
0.434230788461538
0.494230788461538
0.554230788461538
0.563461557692308
0.513461557692308
0.463461557692308
0.3380769422
0.148076942
-0.0419230581999999
-0.139615365230769
-0.179615364030769
-0.219615362830769
-0.0796153631538463
0.140384635846153
0.360384634846154
0.580384634615385
0.800384634615384
1.02038463461538
1.06269231846154
1.07269230846154
1.08269229846154
0.981923076153846
0.871923086153846
0.761923096153846
0.741923086153846
0.721923076153846
0.710384606153846
0.800384616153846
0.890384626153846
0.969615405384615
0.989615415384615
1.00961542538462
1.01346158230769
0.963461562307692
0.913461542307692
0.863461534615385
0.813461554615385
0.763461574615384
0.717307733076923
0.677307713076923
0.637307693076923
0.578846153076923
0.498846173076923
0.418846193076922
0.328076965076923
0.228076953076923
0.128076941076923
0.089615398
0.089615398
0.089615398
0.124230784
0.174230786
0.224230788
0.174230789230769
0.0942307902307686
0.0142307912307696
-0.192692294846155
-0.422692305846154
-0.652692316846153
-0.753461548461539
-0.843461548461539
