-0.844740279603896
-0.624870129863636
-0.423961029474026
-0.56824675337013
-0.800584417266234
-0.698896131032467
-0.446818172850649
-0.427727274668831
-0.591753266616883
-0.502532485058442
-0.20811688311039
-0.0609740266818183
-0.152272735707792
-0.0882467533701294
0.23448051753896
0.475779208837662
0.513701285071429
0.59889610701948
0.864870114681818
0.998506498318182
0.845129881954545
0.709675322863636
0.848246767149351
1.0216233765
0.913701301694805
0.705129879876623
0.749805204551948
0.964740265980519
1.00928571416234
0.899415584292208
0.971883116759741
1.29214285701948
1.53499999987662
1.52499999987662
1.53214285701948
1.75305194792857
1.97084415572078
1.9455194803961
1.88435059987662
2.0409739777987
2.24824670117532
2.2444804739026
2.16902602844805
2.25629868818831
2.38487008818831
2.29370129857792
2.07967532455195
2.04058435442208
2.09811690896753
1.95720782714935
1.70071428559091
1.71227272714935
1.97707785442208
2.01487009987662
1.64435064922727
1.31863636351299
1.38590909078571
1.54629870117532
1.41006493494156
1.11876631026623
1.01915586481169
1.01876623364286
0.851623360396103
0.608896084032467
0.558376611824676
0.599025972474026
0.434740251045455
0.173831176240259
0.168766243512987
0.422792217538962
0.466428562993506
0.200584414811691
0.0414935054350652
0.0811038997337665
0.0349999990194805
-0.219545454681816
