-0.612826054623189
-0.402826084623189
-0.0221014499855064
-0.124275355057971
-0.562971018101449
-0.772101466942029
-0.540362336652175
-0.236884061869565
-0.310217386797102
-0.636739140275362
-0.605000001579711
-0.13500001157971
-0.00992753711594196
-0.446884076144928
-0.776884057231884
-0.539202895057971
-0.0881884041884055
-0.0216666601014499
-0.415724634913043
-0.736739131144928
-0.529347798971014
-0.086304348536232
-0.116304348536232
-0.44731883157971
-0.378623178101449
0.0125362345072456
0.162536231173913
-0.130072470130435
-0.459202896362319
-0.361811579768115
0.0686231885362318
0.253405796391304
-0.114275362449276
-0.444275352449275
-0.200362327666667
0.095289851898551
-0.0493478267971009
-0.411086950710146
-0.442101449985507
-0.0507971131739146
0.287463759869565
0.139057970304348
-0.278623190565218
-0.305579720999999
0.174420298999999
0.34355073494203
0.014420291753623
-0.250362326942028
-0.0905072523623179
0.23123187742029
0.254710137463769
-0.0419565192695657
-0.168188396884058
0.188333337811593
0.568623198130435
0.288623178130435
-0.195434775782606
-0.183260867521739
0.241086955811597
0.457028978565217
0.210942022478261
-0.119347822594203
-0.0635507175217386
0.281231883347826
0.327463767405796
-0.109492754478261
-0.33949276447826
-0.01253623447826
0.270072463057971
0.0116666659565233
-0.482681154043479
-0.637608685347825
-0.350217384246379
-0.111956520855073
-0.378913044188401
-0.856159419985507
