0.35620000716
0.38620000816
0.41620000916
0.44620001016
0.2554000102
0.0554000101999996
-0.1445999898
-0.4549999806
-0.7749999706
-1.0949999606
-0.913399968200001
-0.6633999782
-0.4133999882
-0.0457999897999991
0.3442000102
0.7342000102
0.7162000102
0.5962000102
0.4762000102
0.1358000102
-0.274199989800001
-0.6841999898
-0.7629999826
-0.7129999726
-0.6629999626
-0.361399966200001
0.0586000237999996
0.4786000138
0.6810000038
0.7609999938
0.8409999838
0.7169999852
0.456999994199999
0.1970000032
0.08820000828
0.09820001028
0.10820001228
0.336600007519999
0.76659999652
1.19659998552
1.4729999846
1.5829999946
1.6930000046
1.54780000976
1.07780000876
0.607800007760001
0.18980000756
-0.150199991439999
-0.490199990439999
-0.599799989728
-0.299799989528001
0.000200010672000664
0.325800010743999
0.705800010543998
1.085800010344
1.3174000102
1.1674000102
1.0174000102
0.824200010200001
0.494200010199999
0.1642000102
-0.063799989799999
0.1162000102
0.2962000102
0.508200008600002
0.8881999986
1.2681999886
1.585799981
1.445799991
1.305800001
1.1338000102
0.593800010200001
0.053800010200003
-0.4729999898
-0.682999989799999
-0.892999989799999
