0.464090958181818
0.394090948181818
0.324090938181818
0.254090928181818
0.0750000205454536
-0.194999968454546
-0.464999957454545
-0.703181765727273
-0.623181766727273
-0.543181767727273
-0.463181768727273
-0.166818132727273
0.253181867272727
0.673181867272728
1.04227277272727
1.18227275272727
1.32227273272727
1.46227271272727
1.27500000181818
0.965000031818182
0.655000061818181
0.380454627454545
0.200454621454546
0.0204546154545454
-0.159545390545455
-0.020454477636364
0.189545528363636
0.399545534363636
0.587727349090909
0.737727329090909
0.887727309090909
1.03772728909091
0.778636396363636
0.478636416363637
0.178636436363637
-0.134999925454546
-0.464999945454545
-0.794999965454546
-1.12499998545455
-1.01499997545455
-0.904999965454545
-0.794999955454545
-0.586818132727272
-0.296818132727273
-0.00681813272727314
0.248636412727272
0.158636412727273
0.0686364127272729
-0.0213635872727275
-0.213181769090909
-0.463181769090909
-0.713181769090909
-0.895909041818182
-0.775909041818182
-0.655909041818182
-0.535909041818182
-0.175909049090911
0.274090940909091
0.724090930909093
1.08681819363636
1.21681818363636
1.34681817363636
1.47681816363636
1.27136364090909
0.99136367090909
0.711363700909089
0.489545538181818
0.369545538181818
0.249545538181819
0.129545538181818
0.336818247272727
0.576818227272728
0.816818207272726
1.02500000545455
1.19499998545454
1.36499996545454
