-0.967142834047619
-0.607142844047618
-0.247142854047619
0.112857135952382
0.43857141547619
0.708571415476191
0.978571415476191
1.24857141547619
1.06142855757143
0.731428556571429
0.401428555571428
0.0671428419999997
-0.292857147
-0.652857136
-1.012857125
-1.04809521971429
-0.788095228714285
-0.528095237714285
-0.268095246714286
0.082380951047619
0.442380960047619
0.802380969047619
0.999523830904761
0.789523824904762
0.579523818904762
0.369523812904762
-0.000476198428571266
-0.450476212428572
-0.900476226428571
-1.3209524297619
-1.1509524197619
-0.980952409761905
-0.810952399761905
-0.478095246904762
0.0719047630952392
0.621904773095237
1.17190478309524
1.30904764214286
1.34904764214286
1.38904764214286
1.33380954519048
0.873809536190475
0.413809527190477
-0.0461904818095241
-0.271904771952381
-0.321904772952381
-0.371904773952381
-0.421904774952381
0.0614285678571435
0.571428577857142
1.08142858785714
1.49476192452381
1.71476191452381
1.93476190452381
2.15476189452381
1.89619046309524
1.44619046309524
0.996190463095238
0.556666653571428
0.216666653571427
-0.12333334642857
-0.463333346428571
-0.508095251190476
-0.228095251190475
0.0519047488095219
0.331904748809523
0.620476185952381
0.910476195952381
1.20047620595238
1.34285716357143
1.01285715357143
0.682857143571429
0.352857133571428
-0.0514285845238058
-0.501428584523807
-0.951428584523809
