-0.231020402653061
-0.0506122474775511
-0.290204079714284
-0.50775511
-0.137142859387756
-0.0853061212244894
-0.379591836938775
-0.233673471632653
-0.125714290408164
-0.535510199999998
-0.619183687959184
-0.30877550755102
-0.565714292040816
-0.791632673061225
-0.386122443469388
-0.360612242040816
-0.736734696122449
-0.613877538979592
-0.389387765102041
-0.638163279183673
-0.666530605510204
-0.496326531020408
-0.824897946734694
-0.978979594081633
-0.599183675714286
-0.662653063469388
-0.965714287959184
-0.745714275306122
-0.630612233265307
-1.01163265530612
-0.942040818571429
-0.579591846530612
-0.79061226755102
-0.864897991836735
-0.500816314489795
-0.565510206326529
-0.811836730408163
-0.568979589591837
-0.432653063469388
-0.693061220204082
-0.506530621020407
-0.288775519183673
-0.64938776510204
-0.656530625714286
-0.200816331714286
-0.271632655306123
-0.599591836530612
-0.348775509387754
-0.237142859387755
-0.529183678571429
-0.344897973265306
-0.107959187163265
-0.47387756877551
-0.55938776489796
-0.208979593183673
-0.23612244432653
-0.409387749591836
-0.180612242877551
-0.178367342897958
-0.46102041755102
-0.225306124693879
-0.0804081644897963
-0.46693877032653
-0.443469390000003
-0.0677551042857142
-0.19938775102041
-0.332653063387754
-0.00244898136734747
-0.0967346961224463
-0.486734681020408
-0.19714285163265
0.0114285725673468
-0.34408164145306
-0.341224492040815
-0.0416326553714285
-0.296122456779594
