0.879259241092593
0.869259251092593
0.859259261092593
0.823333341462963
0.673333331462963
0.523333321462963
0.4066666485
0.3466666485
0.2866666485
0.3155555485
0.4155555685
0.5155555885
0.571111149240741
0.611111149240741
0.651111149240741
0.524444464055555
0.384444444055556
0.2411110945
0.0711111084999998
-0.0988888775
-0.230370350018519
-0.270370353018519
-0.310370356018519
-0.321481469166667
-0.301481470166667
-0.281481471166667
-0.261481468833333
-0.241481464833333
-0.221481460833333
-0.19296294512963
-0.16296294912963
-0.129259249277778
0.000740750722222128
0.130740750722222
0.247407415166667
0.317407405166667
0.387407395166667
0.384074055907407
0.274074055907407
0.164074055907408
0.0185185056851848
-0.151481485314815
-0.321481476314815
-0.343703696537037
-0.323703696537037
-0.303703696537037
-0.158518520018519
-0.00851852901851913
0.1266666485
0.1766666485
0.2266666485
0.239999985166667
0.179999995166667
0.120000005166667
0.0859259359074075
0.0759259359074074
0.0659259359074074
0.105185195166667
0.165185195166667
0.225185195166666
0.187407417388889
0.137407417388889
0.0770370470037033
-0.112962953196296
-0.302962953396296
-0.454074064344444
-0.494074063144444
-0.534074061944445
-0.458518506166668
-0.238518507166666
-0.0185185081666668
0.201481491462962
0.421481491462964
0.641481491462962
0.690370372203704
0.700370362203704
