0.355454529727273
0.215454539727273
0.00745454354545384
-0.162181819854545
-0.0721818188545454
0.120363634981818
0.188545451690909
0.0912727224181814
-0.0787272795818184
-0.000545456309090819
0.228545453581818
0.558545439581818
0.510363620636363
0.243090898999999
-0.135090909181818
-0.325090899181818
-0.203090904381818
-0.0574545464836364
0.00199999818545432
-0.217999991614545
-0.333272728454546
-0.292363649636364
0.0176363593636362
0.220727270327273
0.130727270818182
-0.236909094090911
-0.65690910409091
-0.674363652090909
-0.441636375727273
-0.011636365727273
0.0845454565636362
-0.0414545502363629
-0.261272740818182
-0.301272730818182
-0.0736363663818184
0.120000001709091
0.182363647545454
-0.107636362454546
-0.321636358636364
-0.390363627545455
-0.210363637545455
-0.113818184654545
-0.220181815472727
-0.472181806272727
-0.632181806272727
-0.479454533545454
-0.223454537945454
0.0479999965454544
-0.142000012454545
-0.427454561181818
-0.675818195
-0.655818185
-0.426363629545453
-0.308727260818182
-0.362727263000001
-0.612727283000001
-0.644545463
-0.484000001909091
-0.114000001909091
0.00545454258181795
-0.105636366345454
-0.341636367545454
-0.441636377545454
-0.214363643090911
0.033272730672726
0.18709091990909
-0.112909100090909
-0.473454567909091
-0.723818202636364
-0.633818172636364
-0.316545451727271
-0.108363638272727
-0.0430909110000003
-0.123090911
-0.0198181844909088
0.163090906181818
