-0.229576713597884
-0.335185181164022
-0.168835973269841
-0.0961375602021179
-0.0589946994179893
0.018306878518518
-0.161640206031746
-0.0912698356190466
-0.279523803968254
-0.29476190126984
-0.225555550455027
-0.212063485941799
0.0387830821693116
-0.0463491976719582
0.0962433969841271
0.073174614761904
0.121957688306879
0.219417998306878
0.0508465739153439
0.0599471049735449
-0.194021158101587
-0.15920634010582
-0.224179886751323
-0.319682533703704
-0.121428565449736
-0.33910051978836
-0.226084652613757
-0.343650787671958
-0.302169303650794
-0.270264540740741
-0.472962955396826
-0.433333316402116
-0.62619047021164
-0.577460306613756
-0.619312163333333
-0.802539676560847
-0.550000003968254
-0.767354491375662
-0.607566131587302
-0.632433856455026
-0.659206303015873
-0.580000005608465
-0.633915337936508
-0.562539677354497
-0.741111105132275
-0.640740734021164
-0.635714278148149
-0.604179922698413
-0.546825398465609
-0.662645496666667
-0.603015875502645
-0.58671957074074
-0.503439147460319
-0.52613756015873
-0.646613750634921
-0.51021164047619
-0.574761899841269
-0.48190475994709
-0.467354484285715
-0.502962954761906
-0.42428569962963
-0.581746026984127
-0.444708992751322
-0.529576712275132
-0.549576710846561
-0.407724860582011
-0.594126972857143
-0.509153435079365
-0.549999996772486
-0.542275123015876
-0.54492063941799
-0.62301586878307
-0.48608464968254
-0.59058201015873
-0.558148151058203
-0.672804246402116
