1.86952380952381
1.35952381052381
0.84952381152381
0.339523812523809
-0.0752380881904757
-0.335238079190476
-0.595238070190477
-0.855238061190476
-0.642857106666666
-0.282857106666667
0.0771428933333337
0.417142891904762
0.637142881904762
0.857142871904762
1.07714286190476
0.982857142961905
0.602857143161904
0.222857143361904
-0.157142856438096
-0.491904761361905
-0.821904761561905
-1.1519047617619
-1.2847619047619
-0.924761904761904
-0.564761904761905
-0.204761904761905
0.188571435238095
0.598571445238096
1.00857145523809
1.38333336904762
1.05333335904762
0.723333349047619
0.39333333904762
-0.0266666666666664
-0.566666666666668
-1.10666666666667
-1.64666666666667
-1.61190477
-1.44190478
-1.27190479
-1.02190479809524
-0.431904798095237
0.158095201904761
0.748095201904762
1.00666664190476
1.01666666190476
1.02666668190476
1.03666670190476
0.513333359999999
-0.0366666499999988
-0.58666666
-1.00666666666667
-1.16666666666667
-1.32666666666667
-1.48666666666667
-1.20380952523809
-0.743809527238096
-0.283809529238095
0.146666659619048
0.296666661619048
0.446666663619047
0.596666665619047
0.484761904761904
0.0847619047619033
-0.315238095238093
-0.715238095238094
-0.952380952380952
-1.16238095238095
-1.37238095238095
-1.42523809523809
-0.975238095238097
-0.525238095238096
-0.0752380952380944
0.300476196666664
0.630476206666665
0.960476216666666
