0.274830495593221
0.0148305045932213
-0.0529661015593221
0.134999996627118
0.521610157966102
0.631610167966101
0.250084744915256
-0.147203390559321
-0.313644067742373
-0.013644067542373
0.365000000061015
0.376694915254238
0.153474576271187
-0.116016949152543
0.0639830508474576
0.410084737457626
0.50805084
0.266355932203391
-0.27364406779661
-0.494830508474576
-0.392966101694916
-0.209237288135593
-0.156694916271186
-0.346694926271186
-0.34957626779661
-0.109915246610171
0.262627118644067
0.482627118644067
0.190084744813559
-0.110084746389831
-0.198728813559322
0.0597457627118636
0.409745762711864
0.345508474576271
0.0738135593220336
-0.199237288135593
-0.129237288135593
0.220423738135593
0.339237294576271
0.201779661016949
-0.127203389830509
-0.167203389830508
0.112457627118645
0.325169491525424
0.275508474576273
-0.164491525423728
-0.403135593220339
-0.259406779661017
0.0972033932203391
0.417711876779661
0.18771186677966
-0.110932203389832
-0.19838983098305
0.00144067686440551
0.331440677864406
0.239237288135593
-0.0472033837288132
-0.288728803898305
-0.228559322033898
0.121440677966102
0.143305084745762
-0.125169491525426
-0.549237288135594
-0.699237288135594
-0.390932203389828
-0.139576271186439
-0.122118641016952
-0.450423715762712
-0.680423705762712
-0.509576252711864
-0.202796602135592
0.0216101683559316
-0.118389830644067
-0.327542381525423
-0.247881362474577
0.0924576281186436
