1.40904764633333
1.21904764633333
1.02142859490476
0.791428574904762
0.717619042523809
0.89761905252381
1.10047618252381
1.32047615252381
1.197619033
0.967619073
0.537619046333333
0.166190452047619
0.206190472047619
0.346190488714286
0.686190498714286
0.800952387285714
0.710952347285714
0.335238067285714
-0.154761908714286
-0.355238098714286
-0.476666673095238
-0.136666685095238
0.151904734904762
0.311904734904762
0.219523787761905
-0.150476201238095
-0.453809531571428
-0.723809532571429
-0.513809532714286
-0.222380961761904
0.0976190282380966
0.296190451571428
0.106190461571429
-0.186666675571428
-0.61666667557143
-0.761904770809524
-0.731904770809524
-0.46714286604762
-0.147142866047619
-0.147142866047619
-0.210000007
-0.539999997
-0.789999998428571
-0.910000018428571
-0.881428592714285
-0.741428582714286
-0.730952389857143
-0.760952389857143
-1.08619048509524
-1.35619048509524
-1.20619048509524
-0.93619048509524
-0.426190485095238
-0.157142860809524
-0.107142850809524
-0.38571427652381
-0.795714276523809
-0.916190467
-0.954761896523808
-0.504761906523807
-0.114761913666668
0.125238086333333
0.0795238006190475
-0.280476199380954
-0.580476192714284
-0.850476182714285
-0.640476189857143
-0.347619057
0.00238093300000142
0.233333308714285
0.0833333187142862
-0.105238103714286
-0.345238102714286
-0.306666674380954
-0.0966666753809534
0.202380951571428
