-1.00615386538462
-0.996153875384615
-0.986153885384615
-0.941538509307694
-0.481538500307693
-0.0215384913076938
0.387692285692308
0.517692286692307
0.647692287692307
0.662307670769232
0.292307660769231
-0.0776923492307677
-0.352307734615384
-0.412307714615385
-0.472307694615384
-0.339999993846155
0.0999999961538452
0.539999986153845
0.841538442307692
0.981538442307692
1.12153844230769
0.916923057692308
0.416923057692308
-0.083076942307692
-0.515384640769229
-0.90538465076923
-1.29538466076923
-1.17307696461538
-0.823076954615386
-0.473076944615385
-0.0461538653846149
0.403846134615384
0.853846134615385
0.762307672230769
0.572307671230769
0.38230767023077
0.0169230649230768
-0.363076924076922
-0.743076913076923
-0.523076923076923
-0.303076933076923
-0.0623077123076912
0.427692277692307
0.917692267692309
1.31384610846154
1.19384612846154
1.07384614846154
0.845384625384618
0.255384625384613
-0.334615374615385
-0.773846143846154
-0.873846143846153
-0.973846143846154
-0.843076917692307
-0.343076929692309
0.156923058307695
0.504615360461539
0.674615362461538
0.84461536446154
0.696923057692306
0.276923057692307
-0.143076942307692
-0.421538486923076
-0.611538496923078
-0.801538506923077
-0.59000004223077
-0.200000033230767
0.189999975769232
0.479999970923077
0.739999961923079
0.999999952923076
0.676153806153845
0.246153816153846
-0.183846173846153
-0.632307683846156
-1.08230765384616
