0.337650598855422
0.184036135602408
0.474759030903615
0.405481927168675
0.607289153795181
0.393313237168675
0.524397589939758
0.35728915572289
0.482228914759036
0.202951798939759
0.271385533313253
0.236325293072288
0.274277096686747
0.204759028289156
0.266807220518073
0.145963848722892
0.228012044156627
0.136566257722891
0.161746981265061
0.161385534036145
0.0653614376506028
0.102951798891566
0.112831318277108
0.156807222216867
-0.0199397671686742
0.0400602346385547
-0.0970481963253
0.030542164759036
-0.0669277235542167
0.0130722840361444
-0.171265059216868
-0.00367470427710748
-0.168373506204819
0.0128313133132529
-0.233433746204819
-0.0127108515060241
-0.211746997771085
-0.0375301257228919
-0.335361499698795
-0.0233132611445785
-0.205240962831325
-0.0325903695783133
-0.242590370783133
-0.00512048969879525
-0.294156634156626
0.0148795099397596
-0.162831333433735
-0.0629518198192775
-0.175120490060241
0.0982530036746986
-0.148373503072288
0.0564457773614463
-0.0442771249999995
0.201746978734939
0.0518674615060241
0.198734931626505
0.139096375963857
0.195722881144578
0.191626497891567
0.235120473192769
0.124397583096386
0.101746981253013
0.144397582228918
0.164518065963855
0.192108426566264
0.135722882867468
0.249457823915663
0.179096377409639
0.226566254474701
0.0336746874096372
0.158132522879518
0.0393373409036146
0.255240956927711
0.0843975802313255
0.17475902801205
0.0623493932771076
