-0.129181816272727
0.0408181837272726
0.179909092818182
0.221909092770909
0.0119090925709089
-0.206636353287273
-0.280090898090909
-0.180999998090909
0.00900000190909121
0.0359090921090909
-0.0302727277272727
-0.150272730727273
-0.0717272725636361
0.0971818200909094
0.287181818272727
0.297181808272727
0.171181812672727
0.103181818163636
0.173363637909091
0.513363627909091
0.774818169909091
0.910272720818182
0.820272740818182
0.783727261727273
0.875909085545455
1.08081820627273
1.25081816627273
1.20463633045455
1.06281816409091
0.882818224090909
0.967909104818182
1.09390908081818
1.163181799
0.943181829
0.555909089909091
0.258636356272728
0.134818183
0.344818173
0.506454547363636
0.575363649
0.485363639
0.404636356272727
0.444636362636364
0.571545470272727
0.631545470272727
0.527363644272727
0.373363642272727
0.217727288090909
0.297727268090909
0.422272721727272
0.513727277181818
0.433727287181818
0.318818180090909
0.292090902090909
0.37627272809091
0.57627271809091
0.623545449909091
0.554818180272727
0.374818170272727
0.397181806272727
0.537727278272727
0.711727292272727
0.701727242272727
0.495363621363638
0.293363638272728
0.170818183181818
0.350818173181818
0.510636358454545
0.573363635363637
0.423363625363637
0.246090906272726
0.229545461727273
0.363909106636364
0.523909106636364
0.454818182272727
0.284272719181818
