-0.208928575
-0.00892857500000011
0.171785710714286
0.258928568142857
0.138928569142857
-0.120357146000001
-0.264642866428572
-0.2567857295
-0.0367857204999998
0.131785710214286
0.166785710714286
0.0796428534285715
0.00964285242857119
0.0810714236428575
0.182499999785715
0.258214294928571
0.148214283928571
-0.0117857185000002
-0.116785717857143
-0.0867857178571429
0.0232142821428574
0.0239285684999999
-0.0560714310714284
-0.186071432071428
-0.139642860714286
0.000357139285714653
0.176785710714286
0.266785710714286
0.236785710714286
0.201785712714286
0.196071429857143
0.276071425857143
0.356071425
0.384642849285714
0.344642840714286
0.304642850714286
0.336071425
0.392499996428571
0.442499996428572
0.372499986428572
0.289642846428572
0.231071425
0.251071425
0.298928567857143
0.268928567857143
0.176785710714286
0.0767857107142861
0.148214282142857
0.283214287142856
0.426071437142857
0.406071427142857
0.236785709928571
0.0824999959285712
0.0146428549285716
0.104642854928572
0.158928571357143
0.145357143285714
0.0353571392857143
-0.0246428587142857
0.0246428543571428
0.131785709642857
0.231785710642857
0.127499996242857
-0.00392857515714243
-0.101071432142857
-0.0410714321428574
0.121785710714287
0.196785709714286
0.141071422571428
-0.0689285754285702
-0.184642860714286
-0.197500003571429
-0.115357147142857
-0.135357157142857
-0.291071445714286
-0.483214292142857
