0.477547151367926
0.218490557028302
0.320566038990565
0.481132071367925
0.299433958160378
0.401698102122641
0.596415101933963
0.372452833254717
0.370754715518867
0.511886782688679
0.213773581179246
0.132452826556603
0.330754718160377
0.27301885759434
0.353773577028302
0.580943398160377
0.33830188759434
0.196792448726415
0.356792455141509
0.226603769122642
0.224716983367924
0.358490567028303
-0.10169812221698
-0.119056601273584
0.228490561933962
0.0320754613679256
-0.0481132171226414
0.187547165462264
-0.0250943437264153
-0.0426415136018872
0.335283014741508
0.133773580801887
-0.0326415135377355
0.334528290801887
0.233773581103774
0.0409433922547169
0.290377350235849
0.17207547085849
-0.0960377399528302
0.21113207376415
0.211132072877358
-0.00641509844339644
0.216792452877359
0.144716977915094
-0.0824528297641514
0.269056594198113
0.36396225412264
0.1286792415
0.438301889481132
0.426792453443398
0.00433962382075681
0.172641505009435
0.308867917028302
0.0428301845754722
0.243584900575474
0.328490556839622
-0.0398113184433961
0.172830180990566
0.353396215141509
-0.0290566058018858
0.0107547156320767
0.179811316650943
-0.130000000707547
-0.0775471729716962
0.113396220424527
-0.149056615047171
-0.023207551650943
0.207169802933962
-0.190377362707545
-0.190377346009437
0.187358486726416
0.0594339586698113
0.0752830136320783
0.31754717287736
0.120943392990566
0.242641505896227
