-0.610000028846154
-0.250000028846155
0.109999971153846
0.463846122692307
0.743846092692308
1.02384606269231
1.22230758038462
0.972307610384616
0.722307640384616
0.449230740384617
0.0992307403846159
-0.250769259615383
-0.437692336538462
-0.257692336538461
-0.0776923365384619
0.167692282692307
0.517692292692307
0.867692302692307
1.01461538038462
0.924615370384615
0.834615360384615
0.626153816769231
0.316153815769231
0.00615381476923094
-0.0453846465384619
0.0646153544615384
0.174615355461539
0.464615369615384
0.834615389615383
1.20461540961538
1.27461538346154
1.25461534346154
1.23461530346154
0.859230697153847
0.419230715153846
-0.0207692668461529
-0.174615418384615
-0.304615417384615
-0.434615416384615
-0.0846154053846145
0.265384605615384
0.599230768846154
0.739230758846154
0.879230748846154
0.942307663153846
0.582307661153846
0.222307659153846
-0.110000034230768
-0.35000003223077
-0.590000030230769
-0.651538487307693
-0.311538477307694
0.0284615326923087
0.372307677307692
0.722307637307692
1.07230759730769
1.15923066653846
0.939230696538461
0.71923072653846
0.445384586646152
0.125384586846153
-0.194615412953846
-0.231538489923077
-0.0915384901230763
0.0484615096769233
0.326923048076923
0.666923048076925
1.00692304807692
0.977692286538461
0.83769229653846
0.697692306538462
0.278461530384614
-0.191538479615385
-0.661538489615384
-0.790000019615385
-0.890000009615385
