0.315879130769231
0.171153856714286
-0.026318674725275
0.0571978081868136
0.237637372351649
0.191593416483516
0.149065943120879
0.252692320252748
0.245989023912088
0.0906044053076921
0.0813736362637362
0.165329680362638
0.0837912192087912
0.0435714384615387
0.192802207692308
0.304560449450549
0.263131878549451
0.272802209846154
0.352802207692308
0.357637366263736
0.317637372087912
0.372032976923077
0.38774725978022
0.30873626978022
0.286428581318681
0.329835174725275
0.246428581318681
0.201373636263736
0.332142871428572
0.387307704505494
0.221153855274726
0.149395615120879
0.226208802725275
0.20192308843956
0.12159341767033
0.190494514780219
0.271923086795604
0.146868141641758
0.0903846252747251
0.220274735164835
0.243351656747253
0.058406603296703
0.0119230868131868
0.057197808021978
-0.0713736248351646
-0.244560415934067
-0.171373624175824
0.00170330659340667
0.020054954945055
0.0404945153846152
0.122252756417582
0.121043966714286
0.0974175925274726
0.213571442758242
0.370604408351649
0.436318684065934
0.522472537802198
0.641593416483517
0.670384618901099
0.734230774285714
1.00598901824176
1.27664844175824
1.26686814175824
1.24939561428571
1.39631869120879
1.45862638351648
1.35324176813187
1.47247253736264
1.71324173296703
1.71862635164835
1.62269231758242
1.7971978945055
2.04027473516484
2.06939561428571
2.10532962967033
2.29236256373626
