0.55733334885
0.408999984850001
0.598999985849999
0.878333283183333
0.770000005183333
0.944666663183333
0.81633332685
0.718333323849998
1.09033332985
0.953666663183333
1.00866671318333
1.31033332985
1.17833332985
1.35733329651667
1.39933332985
1.22633332985
1.43366664651667
1.37433331985
1.48000000651667
1.74799999651667
1.37700002318333
1.35500000651667
1.42300001318333
1.24233330985
1.42733326651667
1.18933332985
0.912999993183333
1.02099997318333
0.652666664516667
0.537666654516667
0.526333331516667
0.182333330116667
0.359333326516667
0.300000002183332
0.0246666631833334
0.14333332955
-0.106666664716667
-0.120000010816667
0.0443333235166667
-0.307000003483334
-0.159999992816667
-0.102666670150001
-0.38833332215
-0.262333340483334
-0.39733333015
-0.451333330816666
-0.253333336816667
-0.539333350150001
-0.444333360150001
-0.335333333483333
-0.629333337483333
-0.48066667015
-0.50866667015
-0.559666670149999
-0.33466668115
-0.554000004483332
-0.47600000615
-0.202666682816667
-0.33233332415
-0.165333336816666
-0.250666665483332
-0.431000016483332
-0.148666664483334
-0.282999990816666
-0.289666664483333
0.00833332751666693
-0.171666668816667
-0.0666666638166679
0.0373333283166652
-0.122666664483333
0.165999996516667
0.100999997749999
0.0146666651833339
0.26899999185
0.136999997050001
0.340666655183337
