-0.429411764705882
-0.269411764505882
-0.109411764305882
-0.0411764710588235
-0.00117647225882343
-0.0776470658235292
-0.257647074823529
-0.411176487058823
-0.501176467058824
-0.5723529194
-0.342352929199999
-0.112352939
0.109411756752941
0.329411746552941
0.367058807058823
0.277058817058823
0.127058823529411
-0.132941176470588
-0.365882352941177
-0.395882352941177
-0.425882352941176
-0.323529412647059
-0.203529413647059
-0.161176472823529
-0.161176472823529
-0.185882354764706
-0.245882353764706
-0.272352941176471
-0.14235294117647
-0.0123529411764708
0.211764705882353
0.441764705882353
0.509411764705882
0.509411764705882
0.387058823623529
0.127058823823529
-0.0811764704235294
-0.12117647162353
-0.161176472823529
0.13882352817647
0.438823529176471
0.662352933529411
0.862352923529412
0.898235277058824
0.788235287058824
0.651764705882353
0.451764705882354
0.266470588235294
0.316470588235294
0.366470588235294
0.482352932941176
0.612352922941177
0.630588212941177
0.570588212941177
0.507058804705882
0.437058814705882
0.394117645882353
0.554117635882353
0.714117625882353
0.944705842352942
1.18470582235294
1.25647053411765
1.23647055411765
1.12176468352941
0.871764683529412
0.655294095294117
0.595294095294118
0.535294095294118
0.616470565882353
0.706470565882353
0.697647050588235
0.647647070588235
0.498823546588236
0.238823535588237
0.0141176450588228
-0.0958823539411768
