-0.137272754272727
-0.0272727642727273
0.0827272257272731
0.192727215727273
0.477272665727274
0.907272665727273
1.33727266572727
1.733636303
1.793636313
1.853636323
1.913636333
1.72545452481818
1.39545453481818
1.06545454481818
0.766363640272727
0.606363620272727
0.446363600272727
0.286363580272727
0.446363596636363
0.726363626636364
1.00636365663636
1.25090912481818
1.40090909481818
1.55090906481818
1.70090903481818
1.55636359118182
1.34636361118182
1.13636363118182
0.955454545727273
0.825454525727273
0.695454505727273
0.565454485727273
0.799090856636364
1.06909086663636
1.33909087663636
1.590909073
1.820909093
2.050909113
2.280909133
2.090909133
1.900909133
1.710909133
1.49909094027273
1.26909092027273
1.03909090027273
0.846363610272728
1.02636362027273
1.20636363027273
1.38636364027273
1.59181817027273
1.81181814027273
2.03181811027273
2.16999991118182
1.93999995118182
1.70999999118182
1.48000003118182
1.09727274754546
0.657272717545454
0.217272687545453
-0.091818237909091
-0.0518182179090909
-0.0118181979090907
0.028181822090909
0.313636379363636
0.653636389363637
0.993636399363639
1.17727275481818
1.08727271481818
0.997272674818183
0.907272634818182
0.453636289363636
-0.0363636866363661
-0.526363662636362
-0.870909105
-1.040909107
-1.210909109
