0.00483219986577185
-0.38946310194631
-0.070201352080534
-0.295033571402685
-0.0856375928859036
-0.140536923557047
-0.103489943892616
-0.0886577275503367
-0.110604035033556
0.0387919365100665
-0.218255048456376
0.00281878147651002
-0.234899338657718
0.0271811981208057
-0.195436252536913
0.0816107212751686
-0.0595973252348999
0.0141610606711414
0.0398657618657716
0.0277852238255034
0.077583886845636
-0.149865782483221
0.0531543482550328
-0.22677853328859
0.119731528993288
-0.207651021557047
0.131812070711409
-0.221543629194632
-0.0459060500671148
-0.120872492583893
-0.0110067263087244
0.00906039060402672
-0.0281879260402685
0.135704688657718
-0.0773154460402682
0.102751664899329
-0.145234909208054
0.119463074295302
-0.109932895704698
0.0628187821476515
-0.204295309605369
-0.0887919561073818
-0.134899340402684
-0.21255034552349
-0.21476511181208
-0.14456376704698
-0.126711419610737
-0.142080548456376
-0.101744976778524
-0.241543638724833
-1.47651007809113E-08
-0.224093964496644
0.125369122550335
-0.211476519865773
-0.0465771865771818
-0.135838935973153
-0.024697996483222
-0.315234909255034
-0.155704709261743
-0.178053697651006
-0.259865784832217
-0.13791947590604
-0.268187926979866
0.00953019154362436
-0.24375840147651
-0.133557056489933
-0.263489939597315
-0.0761073926778522
-0.279194637181209
-0.1347651104698
-0.297986586711408
-0.388456388724833
-0.267382554228184
-0.4151006809396
-0.23355705248322
-0.344966457651008
