0.113018019594595
0.376171175900901
0.362387389504505
0.0725675691441443
0.149414415990991
0.0344594632036033
-0.109684681486486
-0.00265765761261261
-0.16445945536036
-0.271036022747748
-0.0424774759009006
-0.143828826801802
-0.25130630509009
-0.114279277792793
-0.245540532117117
-0.147972970765766
0.0586036056126124
-0.174639643738738
-0.144279282567567
0.0822072087837838
-0.19292792490991
-0.251576568153153
-0.0388738722972976
-0.173468462837837
-0.176351350135135
-0.145270272027027
-0.395270282027027
-0.310675671126125
-0.259954934279279
-0.439144144099099
-0.272747747972973
-0.235540537792793
-0.414909896801802
-0.22004504481982
-0.270765757522522
-0.554639648513514
-0.265360356981981
-0.111216221486487
-0.208783785630631
0.0356306335225223
-0.0581531486936931
-0.317432430045046
-0.0590540520090086
-0.0378828810360362
-0.164459461126125
0.0204054093693692
-0.0610360357207216
-0.13328828472973
0.132837839954955
0.0221171183963974
-0.0233783768018015
0.316621619864864
0.250675670405406
0.2003153140991
0.348693694369369
0.147882884459459
0.170315322297296
0.38518017490991
0.162747747342341
0.180225227405405
0.381846846621621
0.205720722297297
0.299504506081081
0.514639647882882
0.257882880855856
0.257342337522522
0.353018019594595
0.217882890315315
0.349774765180182
0.440945948243243
0.319324329504504
0.500045054099099
0.478063070405404
0.215450452027026
0.35860360463964
0.339324319054055
