-1.16727272954545
-0.947272729545455
-0.727272729545454
-0.507272729545455
-0.287272734454545
-0.0672727434545452
0.152727247545454
0.33636360290909
0.156363601909091
-0.0236363990909088
-0.203636400090909
-0.434545485
-0.694545475
-0.954545465
-1.13454546045455
-0.954545480454545
-0.774545500454545
-0.594545520454545
-0.290909154272728
0.0590908567272728
0.409090867727273
0.658181784272727
0.638181782272727
0.618181780272727
0.598181778272727
0.349090861454546
0.0490908524545456
-0.250909156545455
-0.452727344090909
-0.482727344090909
-0.512727344090909
-0.542727344090909
-0.263636426090909
0.0463635837090907
0.35636359350909
0.579999962581818
0.699999962781818
0.819999962981818
0.939999963181818
0.679999963181819
0.419999963181818
0.159999963181818
-0.0236364004545459
-0.143636400454546
-0.263636400454545
-0.352727309454545
-0.132727308454545
0.0872726925454541
0.307272693545455
0.463636332181818
0.583636335181818
0.703636338181818
0.752727247181818
0.482727233181819
0.212727219181818
-0.0572727948181813
-0.290909162272726
-0.510909162272727
-0.730909162272728
-0.833636432272728
-0.623636422272728
-0.413636412272727
-0.203636402272728
0.0309090549090906
0.270909055909091
0.510909056909092
0.598181784454546
0.418181783454545
0.238181782454547
0.0581817814545458
-0.285454591363637
-0.645454601363638
-1.00545461136364
-1.22000005318182
-1.26000001318182
-1.29999997318182
