0.458823511833333
0.366470578107843
0.372941176539216
0.381372539284314
0.258823531441176
0.309411767323529
0.458039198892157
0.438039210068627
0.522352925558824
0.671372546343137
0.570588232617647
0.50568625477451
0.732156860068628
0.818823536735294
0.752941166735294
0.821372546343137
0.825490203990196
0.788039204970588
0.977646993401961
1.11078431104902
1.01176470320588
1.06274509536275
1.21607838948039
1.16254900712745
1.16078431104902
1.33196078163725
1.29529411497059
1.21588235026471
1.3345098012451
1.35470587967647
1.32588235026471
1.41588235026471
1.36470587967647
1.24862744830392
1.33333333065686
1.38999999732353
1.23490195810784
1.25764705614706
1.36039215418627
1.20764705614706
1.12470587967647
1.17313725026471
1.12039210712745
1.12921573653922
1.20117646791176
1.10470587967647
1.03254901693137
1.13686266791176
1.08352936595098
0.970392211049019
1.03490196595098
0.994901999284314
0.83843136987255
0.893333340460785
0.908627487519608
0.738235297519609
0.812156853794118
1.0101960757549
0.881960781637256
0.769215695754901
0.851372546343137
0.766078448107844
0.598823513401961
0.609411762813726
0.542745096147059
0.412352942421569
0.445490198892157
0.411960775950981
0.189019604970587
0.114705879382353
-0.0176470614999998
-0.209999997382354
0.105882350264703
0.125882350264706
-0.170196078754902
0.0611764704607857
