-0.227692295269231
0.0123076967307686
0.252307688730769
0.487692297499999
0.6676923075
0.847692317499999
0.963076939807692
0.723076929807693
0.483076919807693
0.231538453115386
-0.0584615358846149
-0.348461524884614
-0.503076902192308
-0.353076903192308
-0.203076904192308
0.0161538605769224
0.346153850576922
0.676153840576922
0.839999989038462
0.809999989038461
0.779999989038461
0.626153840576923
0.366153850576923
0.106153860576923
0.0307692490384614
0.0707692490384615
0.110769249038462
0.323846179038461
0.61384618903846
0.903846199038461
0.993846178269231
1.02384614826923
1.05384611826923
0.796153814423078
0.486153824423077
0.176153834423078
0.0323076887307691
-0.0976923032692305
-0.227692295269231
0.0523077167307699
0.332307728730769
0.606153892884616
0.806153882884615
1.00615387288462
1.14615386442308
0.956153864423076
0.766153864423077
0.580769249038462
0.410769249038461
0.240769249038461
0.190769245961538
0.410769235961537
0.630769225961539
0.885384615961539
1.19538464596154
1.50538467596154
1.61692314903846
1.49692313903846
1.37692312903846
1.15461543211538
0.844615432115384
0.534615432115385
0.433846201346154
0.463846201346154
0.493846201346154
0.683076942884615
0.943076902884617
1.20307686288462
1.23230765365385
1.19230769365385
1.15230773365385
0.790769269807691
0.370769259807692
-0.0492307501923067
-0.238461519269232
-0.408461518269231
