0.253090907390909
0.366909089209091
0.324727271027272
0.181454543754545
0.185090907390909
0.136363634663636
0.0989090887363636
0.100727270518182
0.0167272713181817
0.0563636353363637
0.184363634663636
0.0498181807545457
0.0123636303509094
0.112909088670909
-0.000363637045454612
-0.0520000066090909
-0.00545454715454552
-0.0912727289727272
-0.0163636446454544
0.114909088518182
0.00399999826363612
-0.0814545444272727
-0.0356363642454546
-0.0727272695181819
-0.0923636380636363
-0.0905454506090911
-0.1000000017
-0.00945454715454547
-0.100363638063637
-0.357090904063636
-0.172000004609091
0.0399999979909087
-0.0407272791545455
-0.0627272744272727
-0.102909088609091
-0.159272731336364
-0.0069090925945452
0.0429090877436363
-0.0785454562454546
-0.0207272738090911
-0.0181818259181817
-0.110727276790909
-0.0298181849727272
0.0152727266272727
0.00254545284545449
0.113454543154546
0.117454543754545
0.0614545444272728
0.145090907390909
0.0932727254454547
0.027272725572727
0.151090907390909
0.183636361936363
0.168181816481818
0.206181816481818
0.131090906972727
0.1130909071
0.232363634663636
0.2403636343
0.284363630481818
0.389454549572727
0.324909087209091
0.316363637936363
0.398727269754546
0.322545450300001
0.335636367754546
0.408363631390909
0.304181809754546
0.2890909063
0.3530909143
0.222909085354544
0.121454544936363
0.131636362518182
0.156181817427273
0.258181815754546
0.259454536845454
