-0.345294105294118
-0.305294115294118
-0.265294125294118
-0.164117641764706
-0.0441176217647057
-0.0352940935294117
-0.125294113529412
-0.224117651176471
-0.344117631176471
-0.44941173
-0.31941173
-0.18941173
-0.00176468270588243
0.198235303294118
0.198235299882353
0.0582353038823527
-0.138235271176471
-0.43823524117647
-0.699411688823529
-0.669411718823529
-0.63941174882353
-0.371176458235294
-0.0711764582352948
0.105882362705883
0.215882358705882
0.177647063882353
-0.0723529321176472
-0.311764688235294
-0.501764658235294
-0.691764628235294
-0.618235242941177
-0.528235272941177
-0.417058804117647
-0.297058794117647
-0.266470553529412
-0.336470553529412
-0.389999965294118
-0.389999965294118
-0.389999965294118
-0.129999975294119
0.130000014705883
0.344117659411764
0.544117659411765
0.542941188823529
0.36294118882353
0.144705897647059
-0.16529409235294
-0.457647025294118
-0.467647045294118
-0.477647065294118
-0.30647059
-0.0964705799999991
0.00176471823529406
0.021764718235294
-0.0394117523529417
-0.249411752352941
-0.438235281764706
-0.468235281764706
-0.498235281764706
-0.325294096470588
-0.125294086470589
0.00352943352941193
0.0935294135294117
0.0805882294117653
-0.0794117605882354
-0.237647048235295
-0.387647058235294
-0.537647068235294
-0.527647059411765
-0.507647049411765
-0.537058818235294
-0.587058828235294
-0.731176480588235
-0.981176480588234
-1.19823530647059
-1.30823531647059
