0.743828803558559
0.529144150495496
0.47878378536036
0.657432427072072
0.575180172927928
0.699144145630631
0.801486502297297
0.570315324279279
0.655540549504504
0.67292793391892
0.37752251509009
0.468963965630631
0.415180179054054
0.0216666620270272
0.086891887162162
0.0244594547297301
-0.265180182387387
-0.0595045137387391
0.0164414298648646
-0.171936927972973
-0.0486036151801803
-0.140225241396397
-0.287162160945945
0.00527026554053955
0.0364414298648646
-0.111666671216216
0.0483333287837837
-0.0199549665315324
-0.117432431756757
-0.0312162140990992
-0.255270279324325
-0.312387377252252
-0.0929279326576578
-0.269054038243243
-0.356891898603604
-0.187792793108108
-0.353108118603604
-0.414729741846847
-0.290045063468468
-0.441576568423423
-0.241396386351352
0.0558108068918924
-0.137972986891892
-0.0526576705855852
0.150315310484684
-0.019414424099099
0.0838288238468478
0.157252247036036
-0.120315313918919
-0.0202252338288299
0.095720716171171
-0.0909459471621619
0.0566216104054051
0.096351346621621
-0.0660810917567565
0.124639635810811
0.143828824675676
0.00265765292792786
0.220765761036037
0.242297292450451
0.190675669828828
0.487432432657658
0.414999989144144
0.232837835810812
0.480405403918919
0.417342331666668
0.285990986261261
0.439414403828829
0.261306301576575
0.163288283452252
0.387432426081081
0.288963957162162
0.200765761036037
0.32418918445946
0.253018013288288
0.396441433018017
