-1.058333351
-0.558333341000002
-0.0583333310000008
0.334333341
0.604333340999999
0.874333341
0.556333339133333
0.196333337133335
-0.131666663266666
-0.411666661266666
-0.691666659266667
-0.442999992333334
-0.112999992333334
0.203666671
0.493666660999999
0.783666651
0.5696666554
0.229666663400001
-0.147666666199999
-0.6276666742
-1.1076666822
-1.133000003
-0.992999983
-0.790999969000001
-0.340999979000001
0.109000011
0.245666674333333
0.225666674333333
0.161666673
-0.188333337
-0.538333346999999
-0.6243333474
-0.5343333414
-0.419000002199999
0.0510000017999995
0.5210000058
0.767000013
0.817000023
0.867000033
0.427000023199999
-0.0129999865999992
-0.294333325253334
-0.394333325453333
-0.494333325653333
-0.0623333163333336
0.407666693666667
0.793666695666667
1.05366668566667
1.31366667566667
0.984333341000001
0.564333341
0.161000007666667
-0.208999992333334
-0.578999992333334
-0.396999984333332
-0.0769999743333342
0.285666696999999
0.765666687
1.245666677
1.249000015
1.079000025
0.855000030999997
0.415000021000001
-0.0249999889999998
-0.111666659
-0.0216666589999998
0.109666673000002
0.509666662999998
0.909666653000003
0.997666649
0.877666649
0.731666649666666
0.221666659666665
-0.288333330333336
-0.558333331
-0.618333341
