-0.640116292906977
-0.400116282906976
-0.134534879883721
0.21546512011628
0.272441863837209
-0.00755813716279005
-0.42709299955814
-0.907092968558139
-0.773139496627907
-0.526395330581396
0.0636046494186056
0.416395338953488
0.406395348953488
0.00709302081395413
-0.622906989186046
-0.943139557325581
-1.15174421569767
-0.761744195697674
-0.427093019093023
-0.207093018093023
-0.294069756813954
-0.624069747813954
-0.843372063604651
-1.01779065895349
-0.537790678953488
-0.0603488333720926
0.409651166627906
0.542674427325581
0.322674437325582
0.00174420755813891
-0.35825579244186
-0.108023243837209
0.225930234534883
0.795930224534885
1.10220928430233
1.04220927430233
0.689186028023256
0.179186048023254
0.0933720959767442
0.120348839395347
0.580348840395349
0.914767452674418
1.01476747267442
0.76593026011628
0.265930240116279
-0.00616278686046469
-0.198255810581395
0.181744179418604
0.52267440755814
0.762674417558139
0.70081396244186
0.350813972441861
0.0752325722093033
-0.174767437790698
0.229651156860466
0.647558131976744
1.05755816197674
1.16267444453488
0.882674414534883
0.440813946395345
-0.0791860436046498
-0.00965115986046504
0.171976746395351
0.671976747395346
0.963604655
0.903604655
0.553372097465121
0.013372098465112
-0.166627910581395
-0.240348851046511
0.169651148953491
0.501046500813953
0.651046510813953
0.49081395732558
0.0608139573255842
-0.223372081511627
