1.371333341
1.131333341
0.891333341
0.488000012333333
-0.101999977666665
-0.691999967666665
-0.703333319
-0.673333339
-0.455333351000001
0.0446666489999997
0.544666649
0.663333324333333
0.723333334333333
0.616666674666667
0.176666675666668
-0.263333323333333
-0.431333323933333
-0.531333324933333
-0.473999989666667
0.0160000203333333
0.506000030333333
0.790666707
1.000666717
1.094666721
0.724666701000001
0.354666681
0.0646666756666665
-0.185333322333334
-0.361999987533334
-0.0619999895333332
0.238000008466666
0.496000001666666
0.725999991666667
0.913333316266666
0.503333325266667
0.0933333342666666
-0.311333333000001
-0.711333341999999
-1.111333351
-0.871333341
-0.631333331
-0.339999992333332
0.0100000076666655
0.360000007666666
0.122000006733333
-0.157999994266667
-0.517999982466668
-0.997999951466668
-1.47799992046666
-1.38599993366667
-1.20599995366667
-0.889333307
-0.299333326999999
0.290666653000002
0.400666657
0.390666667
0.215333338333334
-0.414666671666667
-1.04466668166667
-1.41066669166667
-1.68066670166667
-1.81866670566666
-1.42866668566667
-1.03866666566667
-0.761999991666666
-0.541999990666666
-0.395333321933334
-0.725333312933332
-1.05533330393334
-1.30133329433333
-1.49133328433333
-1.63666660966667
-1.15666662966667
-0.676666649666664
-0.201999992333335
0.26800000766667
