-0.970312468125
-0.520312488125001
-0.2490625
-0.3815624975
-0.644062509375
-0.631562531875001
-0.134687504374999
0.315312485625
0.15281249225
-0.172812497374999
-0.187812496974999
0.2078124992
0.674062506875
0.624062496875
0.217812496249999
0.23781248875
0.728437501249999
1.2996875125
1.4696875
1.11968752
1.04968752
1.49156250375
1.93281249625
1.99218754
1.66218759
1.40531249625
1.79531249625
2.27281249625
2.2815624275
1.9615624275
1.71593749625
1.92468748375
2.47468738375
2.546562565
2.25656254
2.07031249625
2.24156249625
2.6696874775
2.8296873775
2.4896874775
2.34468749625
2.65093749625
3.14406254
3.384062565
3.07843738375
2.68843748375
2.78843740875
3.054687515
3.049687515
2.65468740875
2.17218749625
2.23218749625
2.6578124025
2.7328124525
2.41843749625
2.04843749625
2.0334374775
2.4734373775
2.5634375775
2.14968753375
1.72593749625
1.66343749625
1.97343749625
2.21093749625
1.81093749625
1.25343749625
1.1271874825
1.3521874825
1.559687465
1.3621873875
0.832187467500001
0.686562463125
0.836562468125001
0.851562489375
0.526562504300004
0.00156249604999895
