1.00400001
0.784000000000001
0.56399999
0.353333318466667
0.153333319466667
-0.0466666795333329
0.0426666538666666
0.152666653866666
0.242666653466667
0.302666652466667
0.362666651466667
0.197333314533334
-0.00266668946666646
-0.179333357466667
-0.309333353466666
-0.439333349466667
-0.225333350266667
0.0746666477333325
0.371999980133333
0.661999982133333
0.951999984133333
0.897333318
0.717333318
0.497333318000001
0.117333318000001
-0.262666682
-0.396000015333333
-0.406000015333333
-0.373333348666667
-0.0633333486666665
0.246666651333333
0.394666657333333
0.434666667333333
0.453333342666666
0.173333332666667
-0.106666677333333
-0.285333348666667
-0.375333348666667
-0.465333348666667
-0.235333348866666
-0.00533334906666703
0.140666650453334
0.190666649653333
0.240666648853333
-0.0546666742666665
-0.374666663266667
-0.654666656666667
-0.874666656666667
-1.09466665666667
-0.933333323333334
-0.713333323333334
-0.493333326333333
-0.273333335333333
-0.0533333443333326
-0.153333346933334
-0.333333347933333
-0.534666679333333
-0.794666669333333
-1.05466665933333
-0.992000004666666
-0.812000024666667
-0.598000038466665
-0.248000027466667
0.101999983533333
0.2053333192
0.1853333172
0.127999980933332
-0.172000028066666
-0.472000037066669
-0.610000040666667
-0.640000040666667
-0.647333373346666
-0.337333363546666
-0.0273333537466652
0.1813333176
0.301333317800001
