-0.305333334888889
-0.0680000100000007
0.200888885111111
-0.0351111088888894
-0.122666668222222
0.317333339555555
0.357777783866665
-0.093777781177778
-0.093777784177778
0.1828888926
-0.0764444517777788
-0.476888866
-0.1955555636
0.00777777673333326
-0.239999996666666
-0.287111117111111
-0.0311111123111115
-0.308444446
-0.719111112666666
-0.491111116888889
-0.170666670888889
-0.450666675555556
-0.633333350888888
-0.253333334888889
-0.227999994444445
-0.607555550444444
-0.534222203777778
-0.153777778666667
-0.393333334888888
-0.695777773555555
-0.407999989111111
-0.156000005111111
-0.431111105999999
-0.516444469333333
-0.196444446
-0.263999990222222
-0.538666669555556
-0.339111108888888
-0.0435555571111111
-0.358222228444444
-0.486666684222223
-0.0579999968888882
0.0862222222666667
-0.276000001622221
-0.244888897999999
0.144888884888889
0.0248888868888892
-0.228444448666666
0.0142222186222231
0.182888879333333
-0.242222218888889
-0.315555565555557
0.113777772666668
0.141999998444444
-0.220000009555555
-0.040888891555554
0.292444437111111
0.0451111137777778
-0.207999993111111
0.0639999995555543
0.195111109555555
-0.082888890444444
0.0106666651111104
0.298444442888889
0.128444442222224
-0.139333334911111
0.220888891777779
0.435999987333334
0.107111109555555
0.00311110955555616
0.342222228222221
0.27266666511111
-0.0862222260000003
0.0475555531111106
0.296888890444444
0.02488888733333
