1.82738093619048
1.46738092519048
1.10738091419048
0.747380903190476
0.353095182476191
-0.0969048165238097
-0.546904815523811
-0.996904814523809
-0.936428623809523
-0.716428623809524
-0.496428623809523
-0.245000052380952
0.194999947619048
0.634999947619048
1.07499994761905
1.17452375661905
0.964523755619047
0.754523754619048
0.544523753619048
0.00880949585714291
-0.561190473142857
-1.13119044214286
-1.53833327714286
-1.53833327714286
-1.53833327714286
-1.53833327714286
-1.25833329714286
-0.838333327142856
-0.418333357142858
-0.0197619571428571
-0.0497619571428572
-0.0797619571428571
-0.109761957142857
-0.3626191
-0.912619100000001
-1.4626191
-2.0126191
-2.23880955190476
-2.38880952190476
-2.53880949190476
-2.57452375714286
-2.12452377714286
-1.67452379714286
-1.22452381714286
-0.900238117142856
-0.670238127142857
-0.440238137142858
-0.210238147142857
-0.532619090476191
-0.88261908047619
-1.23261907047619
-1.51595241047619
-1.66595245047619
-1.81595249047619
-1.96595253047619
-1.65166680619048
-1.15166677619048
-0.651666746190476
-0.156428624761904
0.293571365238098
0.743571355238093
1.19357134523809
1.31023801095238
1.06023801995238
0.810238028952383
0.560238037952382
0.215952334380953
-0.144047654619048
-0.504047643619049
-0.69976192338095
-0.369761933580953
-0.0397619437809525
0.290238046019048
0.750238048447615
1.29023805864762
1.83023806884762
