-0.419315053287671
-0.224246570547946
-0.329452045616438
-0.285068485616439
-0.387808210821916
-0.526164385068493
-0.535205467260273
-0.726849310273973
-0.615479446712329
-0.76054797739726
-0.706712323972603
-0.941369858219178
-0.650273983150685
-0.768493146164383
-0.810273967808219
-0.708356159589041
-0.745616433561644
-0.675479416575342
-0.815479425342466
-0.63794521630137
-0.72945205
-0.627671238356164
-0.860410992465753
-0.758767116575343
-0.762054789726028
-0.804520543013698
-0.582328752191781
-0.728219180136986
-0.609999998493151
-0.75972602260274
-0.659863002328767
-0.793972621232877
-0.549178072465753
-0.573561639041095
-0.637945200684932
-0.636027392465752
-0.719863008904109
-0.568493155479452
-0.695205474657534
-0.45712327369863
-0.651917805068493
-0.434246564109588
-0.553835608356165
-0.509178072054794
-0.553835616849315
-0.611506846849315
-0.502602740136986
-0.622054786027398
-0.52972602150685
-0.646849315479452
-0.388082181780822
-0.669315063561644
-0.593287651643836
-0.619315069863014
-0.54835615328767
-0.620958895753425
-0.679315072739726
-0.575479444657534
-0.756575337671232
-0.531917799863014
-0.663150691643836
-0.614794513424658
-0.775205526712329
-0.724109584246575
-0.223698625342466
-0.250958898630137
-0.0856164334520551
-0.136027392865753
0.00260273931506921
-0.172602734931507
-0.0995890387123272
-0.107534238424657
-0.122328762328766
-0.120958899315071
-0.21219177619178
-0.0764383513698613
