2.77764716470588
2.62764706470588
2.53058831764706
2.54000010588235
2.56705886470588
2.55529416470588
2.53176481176471
2.54058834117647
2.54941183529412
2.45352930588235
2.26352950588235
2.19588227058824
2.34176467058824
2.48941182941177
2.48411763529412
2.29470581176471
2.05411764117647
1.93235293529412
1.90117645294118
1.86117635294118
1.81117645294118
1.77882352352941
1.71058822941176
1.51411764117647
1.19588234705882
0.920588229411765
0.851176470588235
0.937058836470588
0.942941168823529
0.72294113882353
0.465294087647059
0.386470568235294
0.374705865294118
0.280588218235294
0.101764693529411
-0.0205882411764706
0.0158823470588234
0.0847058764705879
-0.00529412352941172
-0.215294123529411
-0.275294123529412
-0.147058829411765
-0.0641176529411767
-0.166470594117647
-0.386470594117646
-0.541764711764706
-0.531176476470589
-0.477647065294118
-0.527647075294118
-0.558823546470588
-0.481764706470589
-0.402941178235294
-0.432941176470588
-0.537647062941176
-0.57000001
-0.431764702705883
-0.231176475235294
-0.251176474235294
-0.471176486235294
-0.567647067058824
-0.494705880588236
-0.413529412941176
-0.459411770588235
-0.562352942941176
-0.544705877058823
-0.364705878647058
-0.199411769529412
-0.269411770529412
-0.3582353
-0.283529416
-0.124117652117646
-0.0794117700000001
-0.148235298882353
-0.160588239000001
0.0117647058823551
0.299411766470589
