-0.119761967142857
0.0602380428571433
0.240238052857143
0.420238062857143
0.53166664047619
0.531666640476191
0.53166664047619
0.53166664047619
0.287857116666666
-0.032142883333333
-0.352142883333334
-0.650714312047619
-0.820714313047619
-0.990714314047619
-1.16071431504762
-1.10023812452381
-0.830238123523809
-0.560238122523809
-0.290238121523809
-0.0202381123809524
0.249761897619048
0.519761907619047
0.689761911904762
0.609761901904762
0.529761891904762
0.449761881904762
0.356428545238095
0.256428545238095
0.156428545238095
0.0721428319047621
0.302142851904763
0.532142871904762
0.762142891904761
1.00071433190476
1.25071433190476
1.50071433190476
1.75071433190476
1.70928575238095
1.59928574238095
1.48928573238095
1.34880953190476
1.07880952190476
0.808809511904763
0.538809501904762
0.451666646190476
0.501666656190476
0.551666666190476
0.601666676190476
0.765952381428572
0.935952371428571
1.10595236142857
1.16261902476191
0.992619034761905
0.822619044761904
0.652619054761905
0.354047621904762
0.00404761190476272
-0.345952398095238
-0.656904788095238
-0.596904788095238
-0.536904788095238
-0.476904788095238
-0.250238130952381
0.15976184904762
0.569761829047616
0.979761809047617
1.13261896619048
1.24261898619048
1.35261900619048
1.3435714047619
0.953571414761906
0.563571424761905
0.173571434761904
-0.148333329523807
-0.428333339523808
-0.708333349523809
