-2.22499998092593
-2.17500000092593
-2.12500002092593
-2.03055559092593
-1.74055558092593
-1.45055557092593
-1.21611111981481
-1.07611111881481
-0.936111117814814
-0.946111117925926
-1.07611111892593
-1.20611111992593
-1.25462964611111
-1.27462965611111
-1.29462966611111
-1.13870373148148
-0.968703721281481
-0.797592601125926
-0.617592601325926
-0.437592601525926
-0.310925935
-0.310925935
-0.310925935
-0.291666680555555
-0.251666690555555
-0.211666700555555
-0.0383333705555557
0.201666629444444
0.441666629444445
0.715740729074074
0.995740759074075
1.26796300981481
1.33796299981481
1.40796298981481
1.46685186648148
1.48685184648148
1.50685182648148
1.60018515203704
1.80018516203704
2.00018517203704
2.25944449462963
2.55944459462963
2.85944469462963
2.97277797240741
3.03277787240741
3.09277777240741
2.90240730203704
2.70240720203704
2.51870342796296
2.42870352796296
2.33870362796296
2.32203702796296
2.45203702796296
2.58203702796296
2.67574073166667
2.73574073166667
2.79574073166667
2.69388887981482
2.52388887981482
2.35388887981482
2.14833330648148
1.93833328648148
1.74092586277778
1.70092589277778
1.66092592277778
1.63648149796296
1.65648148796296
1.67648147796296
1.62537036574074
1.48537037574074
1.34537038574074
1.16759261796296
0.967592627962962
0.767592637962964
0.706111133888889
0.676111103888889
