0.954615403846154
0.774615403846154
0.594615403846154
0.404615404615385
0.0946154146153848
-0.215384575384614
-0.479230723846154
-0.489230743846154
-0.499230763846154
-0.458461546153847
-0.248461536153847
-0.0384615261538471
0.113076942307692
0.133076942307692
0.153076942307692
0.0846154038461541
-0.125384596153846
-0.335384596153846
-0.462307673076923
-0.492307673076923
-0.522307673076923
-0.428461513846154
-0.228461503846154
-0.028461493846154
0.10384619
0.19384617
0.28384615
0.200769227692308
0.0407692376923082
-0.119230752307692
-0.27153845
-0.42153846
-0.57153847
-0.577692309230769
-0.557692299230769
-0.537692289230769
-0.582307682307692
-0.632307692307692
-0.682307702307692
-0.932307702307693
-1.18230770230769
-1.42153847230769
-1.53153848230769
-1.64153849230769
-1.70076926692308
-1.48076924692308
-1.26076922692308
-1.04307690153846
-0.833076891538461
-0.623076881538461
-0.520769185384615
-0.660769195384615
-0.800769205384616
-0.983076903846154
-1.23307690384615
-1.48307690384616
-1.57615384076923
-1.48615387076923
-1.39615390076923
-1.20923081615385
-0.939230776153845
-0.669230736153847
-0.540769188461539
-0.500769198461538
-0.460769208461538
-0.579999994615384
-0.770000014615386
-0.960000034615385
-0.957692346923077
-0.897692346923077
-0.837692346923077
-0.566153868461537
-0.256153848461538
0.0538461715384607
0.25307694323077
0.44307694423077
