0.143529415411765
-0.186470578588237
-0.666470595529412
-0.669411746117647
-0.305882339647058
-0.0958823537647058
-0.253529408470588
-0.455294107294118
-0.265294109058823
0.176470587411765
0.166470587411765
-0.314117657294117
-0.502941163764706
-0.199411756588235
0.168823529117647
0.148235293294117
-0.207647056117648
-0.396470582588236
-0.122941187294118
0.177058822705882
-0.112941177294118
-0.499999992000001
-0.387647063764706
0.0570588115294132
0.289999993294118
0.0688235285882354
-0.284705886117647
-0.241176479058823
0.219411775058824
0.369411775058823
-0.0170588225882348
-0.264117656117647
-0.0647058879999999
0.252352933941177
0.254705874964705
-0.0411764680352947
-0.165294108705883
0.19058823964706
0.590588245647059
0.31058822564706
-0.163529406117648
-0.189411762
0.202352940352943
0.467058817411765
0.277058815647061
-0.101176468470588
-0.119411756117648
0.272941175647059
0.382941175647059
-0.0247058831764684
-0.291764714941176
-0.0911764755294102
0.218235293294118
0.134705881529413
-0.349411762000001
-0.694705872
-0.476470578823528
-0.0464705868235294
-0.246470588823529
-0.73764705964706
-0.869999993176471
-0.595294107294117
-0.377058823764706
-0.544705890235292
-0.903529409647059
-0.946470583176468
-0.552941198470588
-0.422941178470588
-0.829411784352939
-1.12941177141176
-0.947647059647057
-0.589411771411764
-0.545294120235293
-0.884117640235292
-1.12941176317647
-0.808823521411763
