-0.665274920395189
-0.739707909639174
-0.86733677895189
-0.865927842560136
-0.889192446030927
-0.901116842182131
-0.850635745206187
-0.737027498780069
-0.680807562869416
-0.668676978230241
-0.689742271735395
-0.747542959020618
-0.716546392835051
-0.796134018814433
-0.784381453247423
-0.807268043453609
-0.667199319020619
-0.637164951666668
-0.607474230463918
-0.576477664965636
-0.584725089604811
-0.619261172079037
-0.706099663975944
-0.729089355824741
-0.716958764243986
-0.666752582831617
-0.646099660168385
-0.594828181391753
-0.575927836683849
-0.589742271735395
-0.65084192774914
-0.677096222044674
-0.783625437233677
-0.719570450429553
-0.722182131666667
-0.629261172044674
-0.582663233522336
-0.531494849054984
-0.498127150154639
-0.512044678986254
-0.567268044298969
-0.634690727920963
-0.659226805687285
-0.645893472800687
-0.594484539776631
-0.632079041312715
-0.598814435996562
-0.603419247429553
-0.536477666935396
-0.575171825000002
-0.57847079290378
-0.588745708883164
-0.569467357879725
-0.615721653178693
-0.639707910085908
-0.590154643934707
-0.566580759707905
-0.522938149917526
-0.534209625687285
-0.582560140202752
-0.724793816890035
-0.715756013694157
-0.82073883524055
-0.852731965652921
-0.781838486443298
-0.81895189864261
-0.761975951666667
-0.796065290360825
-0.797646054690722
-0.827371137714779
-0.847680421288665
-0.886580759707904
-0.884931283419244
-0.902560127749139
-0.875034357302408
-0.82991409087629
