0.554529383458824
0.387705872988235
0.313352937576471
0.4642941104
0.417588238047059
0.168176472223529
0.226764697788235
0.530882349929412
0.43735293122353
0.00558823392941166
0.0131176486823535
0.303588242752941
0.275470591929411
0.0385294102823528
0.0644117632235296
0.178882351458824
-0.0111176485411766
-0.194176472082353
0.00699999774117649
0.114176468211765
-0.158882356682353
-0.300411761835294
-0.0913529390211766
-0.0272352942564706
-0.34570587602353
-0.462294127364706
-0.170882354423529
-0.140294120894117
-0.449235301717648
-0.49288235442353
-0.228058825011764
-0.188058825011765
-0.364529406188236
-0.296647051364706
-0.1207647076
-0.340176477129411
-0.593705865952941
-0.448411755129413
-0.277000001482353
-0.453941194541177
-0.569705904070588
-0.281470584658823
-0.110411774658824
-0.439823531717648
-0.576294128070589
-0.269235301599999
-0.1772352916
-0.468058811011765
-0.534411742188236
-0.263705871364706
-0.238411773717647
-0.535235296305882
-0.462882370894118
-0.209470596188235
-0.302411769717646
-0.464764716305882
-0.199352944823528
0.143235293082353
-0.0115882352235285
-0.282764698517645
-0.0511176485411757
0.162882351458824
-0.0621764751294104
-0.214529418070588
0.0552352926352949
0.249470592988235
0.0277058832470603
-0.135235295541175
0.0204117633458824
0.0275882330705887
-0.150647060305882
-0.0602941198588223
0.173823522376471
0.0686470547411773
-0.169941184564707
0.0299411731411736
