-0.442619047619048
-0.252619046619047
-0.0626190456190478
0.127380955380953
0.267857145714286
0.327857143714286
0.387857141714286
0.447857139714286
0.210714275238094
-0.119285733761904
-0.449285742761905
-0.767857179047619
-1.01785717904762
-1.26785717904762
-1.51785717904762
-1.52166670285714
-1.30166670285714
-1.08166670285714
-0.861666702857143
-0.560238122380952
-0.250238112380953
0.0597618976190473
0.261190475047619
0.191190471047619
0.121190467047619
0.0511904630476191
-0.138809535619048
-0.388809531619048
-0.638809527619047
-0.872142856666666
-0.772142846666666
-0.672142836666667
-0.572142826666667
-0.382142825238095
-0.0721428352380945
0.237857154761904
0.547857144761905
0.639285714285714
0.679285714285714
0.719285714285714
0.698333333333334
0.418333333333333
0.138333333333334
-0.141666666666667
-0.341666666666667
-0.481666666666667
-0.621666666666666
-0.761666666666666
-0.61595239047619
-0.455952400476191
-0.29595241047619
-0.162619080476191
-0.0826190704761905
-0.00261906047619032
0.0773809495238094
-0.0140476190476192
-0.174047619047619
-0.334047619047619
-0.485476191428572
-0.555476201428572
-0.625476211428571
-0.695476221428571
-0.646428602857143
-0.466428592857142
-0.286428582857144
-0.106428572857144
-0.0207142865714286
0.0492857124285715
0.119285711428572
0.122619046619046
-0.0873809423809517
-0.297380931380952
-0.507380920380953
-0.661666636666666
-0.781666646666666
-0.901666656666666
