-0.0759183664591837
-0.158979597234694
-0.00530612233673594
0.297755095418367
0.362040804602041
0.478775507663265
0.72448979194898
0.664081647663265
0.519999999704082
0.68979592460204
0.748571428683673
0.520408171132653
0.574285722153061
0.765102042765306
0.681632653173469
0.711836734806122
1.04081632664286
1.18510204092857
1.13959183684694
1.3471428572551
1.5302040817449
1.4304081572551
1.53183668582653
1.74040811235714
1.68204081235714
1.68653065317347
1.8297958817449
1.7236734695
1.53510203276531
1.59897957562245
1.48979594296939
1.23224489807143
1.40857140827551
1.55285710827551
1.20163265317347
0.959387755214285
1.13632653072449
1.07693877562245
0.784898036846939
0.756122449091837
0.667346929908163
0.430408147867346
0.403265299704082
0.366530608887755
0.126530616030612
0.100408171132653
0.316734696846939
0.191224486846938
-0.00163265364285681
0.0177551045408164
-0.109387755397959
-0.30428571417347
-0.194285714132653
-0.144489792642856
-0.368979583969388
-0.426122455397959
-0.27755102805102
-0.35897959172449
-0.458775520704081
-0.357551027438776
-0.451836740295918
-0.569591847030612
-0.337142864785715
-0.224897966826529
-0.461224505602041
-0.487142867642856
-0.270612238663265
-0.332653062744897
-0.401224481928572
-0.250408155397959
-0.299183681112246
-0.429183676826531
-0.249795918255103
-0.157755101928572
-0.391836741112246
-0.325918366214285
