0.0241139136708861
0.268544293037975
0.00082277450632913
0.226518976962026
0.0170253072658235
0.114746823455696
0.0284177136708862
0.0776582178987344
-0.00879747569620314
0.0743670802531644
-0.0832278584810129
-0.0204430485696196
0.00208859812658248
0.0168987243924051
-0.0842405167088614
-0.163481019113924
-0.121708866329114
-0.221075964430379
-0.095632923797468
-0.197151909113924
-0.174367093417722
-0.286392405822785
-0.143227858481013
-0.271202546835443
-0.162215196455696
-0.370443034556962
-0.12474684607595
-0.364493681898734
-0.190316462278481
-0.439177256962025
-0.161962035696202
-0.339683545063291
-0.161962035696203
-0.382848113544304
-0.146518996202531
-0.428417729620254
-0.116139250126583
-0.315253174936709
-0.134620258734177
-0.382341782531645
-0.0394303901265822
-0.271962043037974
-0.0870253298227854
-0.213860772658228
0.0132278329113922
-0.0309493801265825
0.0433544200000007
-0.0117088711392414
0.108670871898733
0.0061392294936716
0.12841771113924
0.0913291036708859
0.00892404111392445
-0.012594945810125
-0.0125949470886059
0.0961392332911401
0.00765822025316416
0.0914556831772152
0.0357594853164561
0.163227839367088
0.0157594832202525
0.0868987229113915
-0.137151905316456
0.0812025212784807
-0.0850000149367085
0.183481006468356
-0.103734191392404
0.0774050530506334
-0.0196835516455726
0.274493650379747
-0.124746843544305
0.0842404988987344
-0.0682911496202526
0.19537974012658
-0.0606962126075942
0.115253154177217
