1.157941205
0.797941194999998
0.437941185
0.215588243
0.0355882449999995
0.0620588331176469
0.272058831117647
0.446764712058824
0.536764712058824
0.602647065
0.282647064999999
-0.0373529349999996
-0.258529413823529
-0.458529423823529
-0.335000009705882
0.0150000012941182
0.361470592764707
0.701470581764706
0.975588220294118
0.755588230294118
0.535588240294118
0.139117653235294
-0.280882346764705
-0.344999993823529
-0.21499999382353
0.050882359117647
0.510882359117647
0.889705888529412
0.889705888529412
0.889705888529412
0.466176476764706
0.0161764767647061
-0.229117647941177
-0.389117657941177
-0.309117659470588
0.0408823485294125
0.362647061
0.592647063000001
0.822647065
0.592647063000001
0.362647061
0.132647054411765
-0.0973529535882358
-0.142058833882353
-0.0220588228823534
0.0802941254705883
0.140294123470588
0.174411769294117
-0.205588219705882
-0.58558820870588
-0.916176466764706
-1.23617649676471
-1.20911767970588
-0.939117669705883
-0.609117660058823
-0.169117651058824
0.2132352982
0.1632352994
0.1132353006
-0.2102941112
-0.570294111399999
-0.684411752058824
-0.664411742058824
-0.508529387352943
-0.158529397352941
0.129705888529412
0.129705888529412
0.129705888529412
-0.199705866764704
-0.549705856764706
-0.666764684411765
-0.686764694411765
-0.476176464411766
-0.0061764644117674
0.423823537941179
0.723823547941177
