0.3467999594
0.4267999394
0.5067999194
0.5867998994
0.5803999082
0.5703999182
0.5603999282
0.504399929
0.444399929
0.384399929
0.4211999378
0.4711999478
0.5211999578
0.6131999846
0.7132000146
0.8132000446
0.7852000426
0.7252000326
0.6652000226
0.483600005
0.263599985
0.043599965
-0.0756000333999999
-0.1556000234
-0.2356000134
-0.145600017
0.0243999729999996
0.194399963
0.3899999658
0.599999975800001
0.8099999858
0.9359999838
1.0059999738
1.0759999638
1.1571999762
1.2472000062
1.3372000362
1.4220000454
1.5020000354
1.5820000254
1.5948000154
1.5348000054
1.4747999954
1.3223999986
1.0524000186
0.7824000386
0.5404000466
0.340400036600001
0.1404000266
0.0592000058
0.189199965799999
0.3191999258
0.477999908199999
0.697999938199999
0.9179999682
1.079199987
1.089199977
1.099199967
1.0659999546
0.895999934599999
0.7259999146
0.5859999026
0.5659999226
0.5459999426
0.5451999642
0.6451999942
0.7452000242
0.8284000482
0.7884000282
0.7484000082
0.6907999898
0.4307999898
0.170799989800001
-0.0836000102000003
-0.2036000102
-0.323600010199999
