-1.33088239147059
-1.06088238147059
-0.790882371470588
-0.390882362235293
0.049117646764707
0.229705886929412
0.179705888129412
0.0385294183294116
-0.321470581870589
-0.659117640294118
-0.639117630294118
-0.619117620294118
-0.327352920882353
0.0226470691176471
0.166764712058824
0.166764712058824
0.0432353038235287
-0.30676468617647
-0.617941149117647
-0.637941159117647
-0.657941169117647
-0.245588229117646
0.224411770882352
0.584411777352942
0.884411787352941
0.970294146176471
0.750294146176471
0.537352967941176
0.357352957941176
0.177352947941177
0.496176467352941
0.846176457352941
1.22441176264706
1.61441178264706
1.76911767088235
1.65911766088235
1.52323530029412
1.30323530029412
1.08323530029412
1.33323533029412
1.58323536029412
1.95558836205882
2.36558843205882
2.50029428382353
2.39029416382353
2.18911762029412
1.76911766029412
1.37264710735294
1.35264706735294
1.33264702735294
1.60088234735294
1.93088238735294
2.06676475676471
2.06676475676471
1.92558827558823
1.52558824558824
1.15852939794118
1.03852941794118
0.918529437941177
1.24852945794118
1.63852947794118
1.89911772029412
2.08911772029412
2.03205888441177
1.62205885441176
1.20323530011764
0.743235299117646
0.283235298117648
0.350294122529411
0.450294123529412
0.656176469705884
0.906176459705883
0.963235282647059
0.80323529264706
0.622058829705881
0.372058829705882
