-0.39000001375
-0.0700000037500004
0.16874999
0.0574999924999997
-0.32687500625
-0.69187500875
-0.693124989999999
-0.41312499
-0.4131250075
-0.652500027499999
-0.8175000375
-0.692500025
-0.316249991375
-0.106250002375
-0.252500002125
-0.280000001875
0.00437499249999954
0.449375001249999
0.7256250225
0.5956249625
0.415624982499999
0.625624978124999
1.038124986875
1.329999954375
1.317499909375
1.133125020625
1.183125000625
1.425624998125
1.461874998125
1.256874993125
1.02312498625
1.0806249875
1.5406249975
1.794374998125
1.659374998125
1.427499998125
1.416250035625
1.755000098125
2.174999998125
2.144999998125
1.976874998125
1.983124998125
2.191874954375
2.411874904375
2.346874998125
2.056874998125
2.003124998125
2.209999998125
2.409999948125
2.412499910625
2.248750010625
2.268750110625
2.663749929375
2.903749954375
2.780000054375
2.408750079375
2.108749998125
2.198749998125
2.448750098125
2.381875035625
2.154374998125
2.040624954375
2.178124879375
2.401874885625
2.231874985625
1.781874998125
1.498124998125
1.513124948125
1.645624910625
1.531874998125
1.041874998125
0.7018750075
0.6943749875
0.78874999125
0.713750002500002
0.365624988312498
