0.6617999594
0.4917999794
0.3217999994
0.1518000194
0.1162000106
0.0862000005999999
0.0561999906000001
0.2929999898
0.5529999898
0.8129999898
0.9409999986
1.0510000086
1.1610000186
0.9770000118
0.7370000018
0.4969999918
0.3529999898
0.2329999898
0.1129999898
0.3577999974
0.717800007400001
1.0778000174
1.466600013
1.866600003
2.266599993
2.2925999966
2.1426000066
1.9926000166
1.6825999946
1.2825999546
0.882599914600001
0.6445999226
0.5145999626
0.3846000026
0.4170000146
0.5770000046
0.7369999946
0.8034000002
0.7834000202
0.7634000402
0.623400045799999
0.3534000358
0.0834000257999999
-0.0985999886000002
-0.1686000086
-0.2386000286
-0.2086000366
-0.0286000266000005
0.1513999834
0.2665999898
0.2665999898
0.2665999898
0.1641999898
-0.155800010199998
-0.4758000102
-0.753800010479999
-0.923800011479999
-1.09380001248
-1.158200013
-0.888200011999999
-0.618200011
-0.348200008199998
-0.0781999981999996
0.191800011799999
0.405800018599999
0.3258000086
0.2457999986
0.1633999898
0.0633999898000001
-0.0366000101999996
-0.1102000086
0.1198000114
0.349800031399999
0.5806000506
0.830600050599999
1.0806000506
