0.624666659
0.574666669
0.524666679
0.358000012533333
0.0580000015333343
-0.242000009466666
-0.1313333426
0.00866665839999958
0.288666658999999
0.778666659
1.268666659
1.44666665033333
1.57666664033333
1.549999967
1.209999967
0.869999967
0.745999975
0.675999985
0.733999989666666
1.14399997966667
1.55399996966667
1.83933323433333
2.07933314433333
2.21733309633333
1.94733321633333
1.67733333633333
1.42066670966667
1.17066670966667
0.986000036333333
1.22599998633333
1.46599993633333
1.71199993433333
1.96199996433333
2.177999991
1.917999971
1.657999951
1.29133328566667
0.831333305666667
0.371333325666667
0.371333325666667
0.371333325666667
0.497333316333334
0.767333296333332
1.03733327633333
0.943333303
0.823333333
0.575333346999999
0.135333336999998
-0.304666672999998
-0.441333341
-0.531333341
-0.474666674333333
-0.124666674333333
0.225333325666668
0.383333317666667
0.493333307666666
0.496666636333334
0.206666646333333
-0.083333343666667
-0.241333340853334
-0.351333340653333
-0.377333338533332
-0.067333328733334
0.242666681066666
0.466000004333333
0.645999984333334
0.764666634999999
0.484666645000001
0.204666654999998
-0.0273333409999997
-0.227333341
-0.394000006999999
-0.0939999969999989
0.206000013000001
0.511333350999999
0.821333351000002
