0.915909068636364
0.795909078636364
0.675909088636363
0.555909098636364
0.397727284999999
0.207727285
0.0177272850000003
-0.146818169545454
-0.0568181695454545
0.0331818304545453
0.123181830454546
0.270454557727273
0.450454557727273
0.630454557727273
0.754090921363636
0.624090921363636
0.494090921363636
0.364090921363636
0.110454550454546
-0.189545459545455
-0.489545469545455
-0.707727295
-0.707727295
-0.707727295
-0.707727295
-0.486818192636364
-0.216818178636364
0.0531818353636365
0.235909115545455
0.265909111545455
0.295909107545455
0.325909103545454
0.083181821363636
-0.186818188636363
-0.456818198636363
-0.635909108636364
-0.705909098636364
-0.775909088636364
-0.845909078636364
-0.655909077636364
-0.465909076636363
-0.275909075636364
-0.156818167181818
-0.0968181691818181
-0.0368181711818182
-0.0122727192727281
-0.342272728272727
-0.672272737272727
-1.00227274627273
-1.28136365863636
-1.53136365863636
-1.78136365863636
-1.94590911318182
-1.72590911318182
-1.50590911318182
-1.28590911318182
-1.00045456045455
-0.690454550454546
-0.380454540454544
-0.174090897909091
-0.244090901909091
-0.314090905909091
-0.384090909909091
-0.601363634636363
-0.851363630636364
-1.10136362663637
-1.22409089318182
-1.12409088318182
-1.02409087318182
-0.924090863181818
-0.633181780454545
-0.323181790454544
-0.0131818004545464
0.174090921363636
0.214090921363636
0.254090921363636
