-0.422727297272727
-0.312727287272728
-0.205454552454545
-0.105454551454546
-0.0545454611818181
-0.0445454631818182
-0.00181819000000007
0.0590909018181823
0.229090901818182
0.366363629090909
0.446363629090909
0.379999992727273
0.229999992727273
-0.0290909163636367
-0.235454553454546
-0.155454557454545
-0.175454557818182
-0.315454553818182
-0.200909098181818
0.00909090181818181
0.119090905818182
0.122727271272727
-0.157272732727273
-0.399090921818182
-0.609090931818182
-0.426363652727273
-0.153636370909091
0.146363629090909
0.286363628727273
0.146363627727272
-0.114545469272727
-0.444545478272726
-0.356363651818182
-0.18272728
0.187272719999999
0.398181810909091
0.418181810909091
0.183636356363636
-0.146363643636364
-0.216363653636363
-0.177272746363636
0.152727273636363
0.417272737272728
0.627272737272727
0.485454547272728
0.267272720090909
0.067272721090909
-0.0200000055454548
0.0899999944545457
0.168181812
0.228181811
0.0518181709090907
-0.135454558909091
-0.265454554909091
-0.200000008181818
0.0999999898181814
0.392727263454544
0.682727265454545
0.502727265454545
0.268181810909093
-0.111818189090909
-0.290000007272727
-0.300000007272727
-0.0481818254545459
0.237272720909091
0.277272730909091
0.200909097272728
-0.0790909127272733
-0.238181825454545
-0.328181825454545
-0.127272734727272
0.0699999922363639
0.119999991436363
0.00181817781818161
-0.318181811181816
-0.565454535454545
