-0.0218367339183673
0.169795916734694
0.0353061218367336
0.067142857877552
0.0159183676122446
-0.117142853673469
0.0644897966530613
-0.0548979628571427
-0.0732653087142863
-0.0110204090612251
-0.141836734693877
-0.0265306122448976
-0.171836737755102
-0.108571430612245
-0.0922449014285715
-0.17734693877551
-0.0712244887755102
-0.2
-0.204081627142857
-0.114897955306122
-0.199591831632653
-0.0665306128571425
-0.113877547959184
-0.105102040816327
-0.0510204081632656
-0.190612246938776
0.0318367337551018
-0.077142856693877
-0.13918367489796
-0.0146938784285722
-0.0910204081632655
-0.0185714278775509
0.0134693875510205
-0.0534693908163267
0.0526530637551023
-0.11061224489796
-0.031224493061224
-0.0722448979918371
-0.165306118571429
-0.0244897959183673
-0.16204081632653
-0.08673469112245
-0.101632650285715
-0.23816326877551
-0.0375510204081633
-0.145714282020408
-0.0377551020408168
-0.0318367378367342
-0.143469387755102
0.0167346938775515
-0.258571428367347
-0.127551022448981
-0.0277551020816325
-0.18755101387755
-0.0263265295346948
-0.200204077755102
-0.0195918391428563
0.144897955306122
0.00346938775510056
-0.0636734720408167
0.0446938775510197
-0.0818367321632644
0.0851020446938777
-0.0391836755102062
-0.063061228367347
0.0508163265306134
-0.0865306122285707
0.0395918356122454
-0.0124489795918389
-0.130408163265306
0.0916326510204088
-0.0904081667346934
0.137142861020409
0.0781632653061231
-0.0293877583673499
0.100408161020408
