0.464
0.284000000000001
-0.0719999999999993
-0.2353333352
-0.0413333356000015
0.408666678399999
0.401333327333333
0.0679999940000017
-0.236
-0.205333334666667
0.284666655333334
0.505999995999999
0.29000000012
-0.149999999813334
-0.467333333600001
-0.1873333376
0.1166666648
0.138666666773334
-0.1126666638
-0.422666654
-0.152666665
0.220000006799999
0.345333341333333
0.083333335333335
-0.426666654666666
-0.404666654
-0.0713333206666662
0.238666675333333
0.236666666666667
-0.233333333333334
-0.426
-0.2339999994
0.1226666676
0.317333333333333
0.0173333333333337
-0.226666666666667
-0.179333333866666
0.097333332333333
0.337333333333333
-0.0326666706666672
-0.446666654133333
-0.568666645999999
-0.294666656000001
0.155333333999999
0.0826666676000001
-0.280666666066667
-0.586666666666667
-0.555333333199998
-0.125333332200002
-0.0419999994266667
-0.335999987866666
-0.739333308
-0.889999975999999
-0.489999995999999
-0.234000003199999
-0.334000002933332
-0.679333341333333
-0.929333371333333
-0.499333331333333
-0.0619999873333321
0.0560000080000012
-0.248000000000003
-0.767999999999999
-0.690666666666667
-0.283999999333333
0.0740000008666668
0.0786666653333317
-0.341333344666665
-0.432000004
-0.166
0.190666663333333
0.281333321333332
-0.178666668666668
-0.430666674666668
-0.262666671866668
0.206000004000003
