-0.519599999
-0.30959999
-0.0995999809999994
0.110400028
0.26280002836
0.41280002836
0.56280002836
0.37240001916
0.15240000916
-0.0676000008400005
-0.22600000116
-0.37600000016
-0.52599999916
-0.331599999839999
-0.0716000008399997
0.18839999816
0.43240000596
0.67240001596
0.91240002596
0.82560002836
0.63560002836
0.44560002836
0.17640002188
-0.12359998712
-0.42359999612
-0.40399999968
-0.23400000068
-0.0640000016799999
0.227599997960001
0.587599997960001
0.94759999796
1.08560000396
1.07560001396
1.06560002396
0.86520002276
0.51520001276
0.165200002760001
-0.0340000030799998
-0.0940000050799999
-0.15400000708
-0.0460000071599991
0.24399999484
0.53399999684
0.73159999356
0.81159998356
0.89159997356
0.83159997556
0.561599995560001
0.291600015560001
0.10800002836
0.0780000283600002
0.0480000283599999
0.146000018759999
0.515999988759998
0.88599995876
1.22519993436
1.48519992436
1.74519991436
1.88039990916
1.62039991916
1.36039992916
1.09039993916
0.78039994916
0.470399959160001
0.21959997076
0.27959999076
0.33960001076
0.41040002596
0.56040000596
0.710399985959999
0.83159996756
0.62159996756
0.411599967560001
0.19839996804
-0.0916000199599992
-0.381600007959998
