0.6920000232
0.381999993200001
0.1159999918
0.0993333257333333
0.365333320533332
0.695333330533333
0.6053333312
0.285333329866668
-0.0186666709333331
-0.102000003266667
0.117999997733334
0.1993333312
0.0913333310800002
-0.0886666703200001
-0.168000006933334
0.0419999970666664
0.147999997866667
0.0199999978666676
-0.2740000048
-0.5240000148
-0.4140000048
-0.282000002133334
-0.2960000068
-0.492000008799999
-0.7119999788
-0.521333338133333
-0.168000008133333
0.111999997866667
0.135333330666667
-0.144666673333334
-0.251333337066666
-0.157333336066667
0.0159999969333334
0.0966666644666663
-0.0933333365333331
-0.203333335933333
-0.149333336
0.00933333019999991
0.1093333312
-0.1006666688
-0.3106666688
-0.366666668799999
-0.24066666876
-0.0906666685600003
-0.220666668733333
-0.423999995466667
-0.501999989466666
-0.325333324133332
0.0246666658666653
0.114666664533333
0.00866666393333357
-0.148000003066667
-0.182000001866666
0.00800000213333396
0.0619999997333334
-0.0780000021333325
-0.3286666688
-0.4986666688
-0.3286666688
-0.173333335466666
-0.205333330799999
-0.429333322800001
-0.5893333228
-0.441333332133333
-0.224666668666666
-0.136666672626667
-0.292666680133334
-0.552666670133332
-0.518000010799999
-0.2880000088
-0.0446666688
0.00533333119999957
-0.224666668800001
-0.2946666688
-0.159333333333334
0.0886666685333345
