0.0680995438868778
0.0938009016343889
0.245746597443438
0.0516289560904978
0.083484158746606
0.0945701326515836
0.0576923060045247
0.0206787311945698
0.082398186804525
-0.0971040693891405
-0.0682805491628961
-0.0323529444570132
-0.0940723983936653
-0.243076926357466
-0.0946153859049772
-0.139909497850679
-0.246470591515837
-0.139411766945701
-0.161855202375565
-0.273212672963801
-0.232895930882353
-0.321447999208145
-0.367918588800905
-0.194253393506787
-0.130090496312218
-0.243484166900452
-0.130361990067874
-0.135927598212669
-0.169728506085973
-0.0967420824208146
0.0106334843212671
-0.034343897574661
0.0176018068552036
0.0971493176561089
-0.0315384618325794
-0.00819005119909511
0.00710407147058818
-0.00633484350678784
0.0147963785294118
0.119638003873303
0.059773754728506
0.0795022591095023
0.0627601775610856
-0.00701358124434398
-0.131719457036199
-0.074253399886878
-0.0449321316063341
-0.116515845
-0.00846154319004461
0.045158365828054
-0.058687786085973
-0.0229411787104074
-0.0419457046380091
-0.102760178619908
-0.11325791866516
-0.0753393661312225
-0.121945697036199
-0.0539819020135746
0.0808597264027143
0.154886872571947
-0.0137104123303183
0.0972850611538425
0.176877824773755
0.0113574658144794
0.0186877798868775
0.263574650610861
0.105837100819005
0.090045245000002
0.208914024773756
0.0770135735972846
0.0443891366832577
0.260497734276018
0.0867420747285037
0.0551583680090493
0.247556563416291
0.168235290520362
