-0.6208000204
-0.2708000204
0.079199979600001
0.4291999796
0.54879997
0.65879996
0.76879995
0.5107999584
0.2207999684
-0.0692000216000005
-0.200800020224
-0.310800020024
-0.420800019824
-0.178000011559999
0.13199999824
0.44200000804
0.647999994
0.827999974
1.007999954
0.8383999568
0.558399966799999
0.2783999768
0.0559999796000002
-0.1440000204
-0.3440000204
-0.204000013600001
0.0959999963999997
0.3960000064
0.702400010000001
1.01240001
1.32240001
1.290399998
1.030399978
0.770399958
0.42639995536
0.0163999663599995
-0.393600022639999
-0.50200001788
-0.33200001888
-0.16200001988
0.161599989200001
0.651600009199999
1.1416000292
1.420400036
1.430400026
1.440400016
1.270400006
0.830399996000002
0.390399986000001
0.0727999796000001
-0.0272000203999996
-0.1272000204
-0.0736000236000006
0.306399966399998
0.686399956400001
1.0131999492
1.2031999492
1.3931999492
1.4679999492
1.1779999492
0.8879999492
0.609999951199999
0.379999961199999
0.149999971200001
0.00159998120000127
0.2815999912
0.561600001199999
0.829600006400001
1.0095999764
1.1895999464
1.3263999204
0.966399940400001
0.606399960400002
0.24359998
-0.186400009999999
-0.616399999999997
