0.885340000000003
0.888040000000005
0.890740000000004
0.893440000000003
0.896140000000002
0.898840000000001
0.901540000000003
0.904240000000002
0.906940000000004
0.909640000000003
0.912340000000002
0.915040000000001
0.917740000000003
0.920440000000002
0.923140000000004
0.925840000000003
0.928540000000002
0.931240000000001
0.93394
0.936640000000002
0.939340000000001
0.942040000000003
0.944740000000002
0.947440000000001
0.950140000000003
0.952839999999999
0.955540000000004
0.95824
0.960940000000002
0.963640000000001
0.967833333333335
0.972133333333336
0.976433333333333
0.980733333333337
0.985033333333334
0.989333333333335
0.993633333333335
0.997933333333336
1.00223333333333
1.00653333333334
1.01083333333333
1.01513333333333
1.01943333333334
1.02373333333333
1.02803333333334
1.03233333333333
1.03663333333334
1.04093333333334
1.04523333333334
1.04953333333334
1.05383333333334
1.05813333333334
1.06243333333333
1.06673333333334
1.07103333333334
1.07533333333334
1.07963333333334
1.08393333333334
1.08823333333333
1.08794
1.08694000000001
1.08594
1.08494
1.08394
1.08294
1.08194
1.08094
1.07994
1.07894
1.07794
1.07694
1.07594
1.07494
1.07394
1.07294
1.07194
1.07094
1.06994
1.06894
1.06794
1.06694
1.06594
1.06494
1.06394
1.06294
1.06194
1.06094000000001
1.05994000000001
1.06062
1.06172
1.06282
1.06392
1.06502
1.06612
1.06722
1.06832
1.06942
1.07052
1.07162
1.07272
1.07382
1.07492
1.07602
1.07712
1.07822
1.07932
1.08042
1.08152
1.08262
1.08372
1.08482
1.08592
1.08702
1.08812
1.08922
1.09032
1.09142
1.09076
1.08946
1.08816
1.08686
1.08556
1.08426000000001
1.08296
1.08166
1.08036
1.07906
1.07776
1.07646
1.07516
1.07386
1.07256
1.07126
1.06996
1.06866
1.06736
1.06606
1.06476
1.06346
1.06216
1.06086
1.05956
1.05826
1.05696
1.05566
1.05436
1.05659333333333
1.06059333333333
1.06459333333333
1.06859333333334
1.07259333333333
1.07659333333333
1.08059333333333
1.08459333333334
1.08859333333333
1.09259333333333
1.09659333333334
1.10059333333333
1.10459333333334
1.10859333333333
1.11259333333333
1.11659333333333
1.12059333333333
1.12459333333333
1.12859333333333
1.13259333333333
1.13659333333334
1.14059333333333
1.14459333333333
1.14859333333333
1.15259333333333
1.15659333333333
1.16059333333333
1.16459333333333
1.16859333333334
1.17325333333334
1.17835333333333
1.18345333333333
1.18855333333334
1.19365333333334
1.19875333333334
1.20385333333333
1.20895333333333
1.21405333333333
1.21915333333333
1.22425333333334
1.22935333333333
1.23445333333334
1.23955333333333
1.24465333333334
1.24975333333334
1.25485333333334
1.25995333333334
1.26505333333334
1.27015333333333
1.27525333333333
1.28035333333334
1.28545333333334
1.29055333333333
1.29565333333334
1.30075333333334
1.30585333333334
1.31095333333334
1.31605333333334
1.32051333333334
1.32441333333333
1.32831333333334
1.33221333333334
1.33611333333333
1.34001333333334
1.34391333333334
1.34781333333334
1.35171333333333
1.35561333333334
1.35951333333334
1.36341333333333
1.36731333333334
1.37121333333334
1.37511333333333
1.37901333333333
1.38291333333334
1.38681333333333
1.39071333333333
1.39461333333334
1.39851333333333
1.40241333333334
1.40631333333334
1.41021333333334
1.41411333333334
1.41801333333333
1.42191333333334
1.42581333333334
1.42971333333333
1.42908666666667
1.42328666666667
1.41748666666667
1.41168666666667
1.40588666666667
1.40008666666667
1.39428666666667
1.38848666666667
1.38268666666667
1.37688666666667
1.37108666666667
1.36528666666667
1.35948666666667
1.35368666666667
1.34788666666667
1.34208666666667
1.33628666666667
1.33048666666667
1.32468666666667
1.31888666666667
1.31308666666667
1.30728666666667
1.30148666666667
1.29568666666667
1.28988666666667
1.28408666666667
1.27828666666667
1.27248666666667
1.26668666666667
1.26256666666667
1.26096666666667
1.25936666666667
1.25776666666667
1.25616666666667
1.25456666666667
1.25296666666667
1.25136666666667
1.24976666666667
1.24816666666667
1.24656666666667
1.24496666666667
1.24336666666667
1.24176666666667
1.24016666666667
1.23856666666667
1.23696666666667
1.23536666666667
1.23376666666667
1.23216666666667
1.23056666666667
1.22896666666667
1.22736666666667
1.22576666666667
1.22416666666667
1.22256666666667
1.22096666666667
1.21936666666667
1.21776666666667
1.21356666666667
1.20416666666667
1.19476666666667
1.18536666666667
1.17596666666667
1.16656666666667
1.15716666666667
1.14776666666667
1.13836666666667
1.12896666666667
1.11956666666667
1.11016666666667
1.10076666666667
1.09136666666667
1.08196666666667
1.07256666666667
1.06316666666667
1.05376666666667
1.04436666666667
1.03496666666667
1.02556666666667
1.01616666666667
1.00676666666667
0.997366666666671
0.987966666666671
0.978566666666671
0.969166666666671
0.95976666666667
0.95036666666667
0.941260000000003
0.932960000000004
0.924660000000001
0.916360000000001
0.908060000000004
0.899760000000001
0.891460000000001
0.883160000000002
0.874860000000002
0.866560000000002
0.858260000000002
0.849960000000002
0.84166
0.83336
0.825060000000003
0.81676
0.80846
0.800160000000001
0.791860000000001
0.783560000000001
0.775260000000001
0.766960000000002
0.758660000000002
0.750360000000002
0.742060000000002
0.733759999999999
0.725459999999999
0.717160000000003
0.70886
0.700620000000002
0.69262
0.684619999999999
0.67662
0.668620000000002
0.660620000000003
0.652620000000002
0.64462
0.636620000000002
0.628620000000003
0.620620000000001
0.61262
0.604620000000001
0.596620000000003
0.588620000000004
0.580620000000003
0.572620000000001
0.564620000000002
0.556620000000004
0.548620000000002
0.540620000000004
0.532620000000002
0.524620000000004
0.516620000000005
0.508620000000004
0.500620000000002
0.492620000000003
0.484620000000005
0.476620000000003
0.467580000000003
0.451780000000003
0.435980000000006
0.420180000000005
0.404380000000002
0.388580000000005
0.372780000000004
0.356980000000004
0.341180000000003
0.325380000000003
0.309580000000003
0.293780000000002
0.277980000000002
0.262180000000002
0.246380000000001
0.230580000000001
0.214780000000001
0.198980000000003
0.183180000000003
0.167380000000003
0.151580000000002
0.135780000000002
0.119980000000002
0.104180000000004
0.0883800000000009
0.0725800000000038
0.0567800000000002
0.0409800000000031
0.0251800000000028
0.0101066666666706
0.00520666666666736
0.000306666666670674
-0.00459333333333256
-0.00949333333333247
-0.0143933333333292
-0.0192933333333324
-0.0241933333333323
-0.0290933333333323
-0.0339933333333322
-0.0388933333333321
-0.0437933333333321
-0.048693333333332
-0.053593333333332
-0.058493333333332
-0.0633933333333319
-0.0682933333333319
-0.0731933333333318
-0.0780933333333318
-0.0829933333333317
-0.0878933333333316
-0.0927933333333316
-0.0976933333333315
-0.102593333333332
-0.107493333333331
-0.112393333333331
-0.117293333333331
-0.122193333333331
-0.127093333333331
