0.554
0.5579
0.561800000000001
0.565700000000001
0.5696
0.5735
0.577400000000001
0.581300000000001
0.5852
0.585100000000001
0.582500000000001
0.5799
0.5773
0.574699999999999
0.5721
0.5695
0.5669
0.564115384615385
0.560715384615385
0.557315384615385
0.553915384615385
0.550515384615385
0.547115384615385
0.543715384615385
0.540315384615385
0.536915384615385
0.528184615384615
0.518484615384615
0.508784615384616
0.499084615384616
0.489384615384615
0.479684615384616
0.469984615384615
0.460284615384615
0.455015384615384
0.454915384615384
0.454815384615385
0.454715384615385
0.454615384615385
0.454515384615385
0.454415384615385
0.454315384615385
0.454876923076923
0.463376923076923
0.471876923076923
0.480376923076923
0.488876923076923
0.497376923076923
0.505876923076923
0.514376923076923
0.522876923076923
0.527846153846153
0.531246153846153
0.534646153846154
0.538046153846154
0.541446153846154
0.544846153846154
0.548246153846155
0.551646153846154
0.553630769230769
0.552430769230769
0.55123076923077
0.55003076923077
0.54883076923077
0.54763076923077
0.54643076923077
0.545230769230769
0.54403076923077
0.540615384615385
0.537015384615385
0.533415384615385
0.529815384615384
0.526215384615385
0.522615384615385
0.519015384615385
0.515415384615385
0.511492307692307
0.507292307692308
0.503092307692308
0.498892307692308
0.494692307692308
0.490492307692308
0.486292307692308
0.482092307692307
0.478338461538462
0.477038461538462
0.475738461538462
0.474438461538462
0.473138461538462
0.471838461538462
0.470538461538461
0.469238461538462
0.467938461538462
0.470638461538462
0.474538461538462
0.478438461538461
0.482338461538461
0.486238461538462
0.490138461538462
0.494038461538461
0.497938461538461
0.503223076923077
0.510723076923077
0.518223076923076
0.525723076923076
0.533223076923076
0.540723076923077
0.548223076923077
0.555723076923077
0.563223076923077
0.565623076923077
0.568023076923077
0.570423076923078
0.572823076923077
0.575223076923077
0.577623076923077
0.580023076923077
0.582423076923077
0.586853846153846
0.592553846153846
0.598253846153847
0.603953846153846
0.609653846153847
0.615353846153846
0.621053846153847
0.626753846153847
0.633238461538462
0.642338461538462
0.651438461538462
0.660538461538462
0.669638461538461
0.678738461538462
0.687838461538461
0.696938461538461
0.706038461538462
0.709553846153846
0.712053846153846
0.714553846153846
0.717053846153846
0.719553846153846
0.722053846153847
0.724553846153846
0.727053846153845
0.727430769230769
0.725330769230768
0.723230769230769
0.721130769230769
0.719030769230769
0.716930769230769
0.714830769230769
0.712730769230769
0.710615384615385
0.708315384615385
0.706015384615384
0.703715384615385
0.701415384615384
0.699115384615385
0.696815384615385
0.694515384615385
0.692215384615384
0.689984615384615
0.687784615384615
0.685584615384616
0.683384615384615
0.681184615384616
0.678984615384615
0.676784615384615
0.674584615384616
0.671307692307693
0.665607692307693
0.659907692307693
0.654207692307692
0.648507692307692
0.642807692307692
0.637107692307692
0.631407692307692
0.625707692307692
0.621392307692308
0.617192307692308
0.612992307692308
0.608792307692307
0.604592307692308
0.600392307692307
0.596192307692308
0.591992307692308
0.592961538461539
0.598361538461539
0.603761538461538
0.609161538461539
0.614561538461537
0.619961538461538
0.625361538461539
0.630761538461538
0.634653846153846
0.630253846153846
0.625853846153847
0.621453846153846
0.617053846153845
0.612653846153846
0.608253846153846
0.603853846153846
0.599453846153846
0.598053846153847
0.597553846153846
0.597053846153847
0.596553846153846
0.596053846153846
0.595553846153846
0.595053846153847
0.594553846153846
0.597400000000001
0.605600000000001
0.613800000000001
0.622
0.630200000000001
0.6384
0.646600000000001
0.6548
0.663
0.6655
0.668
0.6705
0.673000000000001
0.6755
0.678
0.6805
0.683
0.685130769230768
0.68703076923077
0.688930769230769
0.690830769230769
0.692730769230769
0.694630769230769
0.69653076923077
0.69843076923077
0.699246153846154
0.696446153846154
0.693646153846154
0.690846153846153
0.688046153846154
0.685246153846154
0.682446153846154
0.679646153846154
0.676846153846153
0.680307692307692
0.684907692307693
0.689507692307692
0.694107692307693
0.698707692307692
0.703307692307693
0.707907692307692
0.712507692307693
0.716184615384616
0.718784615384615
0.721384615384616
0.723984615384615
0.726584615384616
0.729184615384615
0.731784615384615
0.734384615384615
0.736969230769231
0.739369230769231
0.741769230769231
0.744169230769231
0.746569230769231
0.748969230769231
0.751369230769231
0.753769230769231
0.756169230769231
0.755730769230769
0.75403076923077
0.752330769230769
0.750630769230769
0.74893076923077
0.747230769230769
0.74553076923077
0.74383076923077
0.740592307692307
0.733892307692307
0.727192307692307
0.720492307692308
0.713792307692307
0.707092307692308
0.700392307692307
0.693692307692307
0.686992307692307
0.685646153846154
0.684746153846153
0.683846153846154
0.682946153846154
0.682046153846154
0.681146153846155
0.680246153846154
0.679346153846155
0.68173076923077
0.686930769230769
0.69213076923077
0.697330769230769
0.702530769230769
0.70773076923077
0.71293076923077
0.71813076923077
0.723115384615385
0.726915384615385
0.730715384615385
0.734515384615385
0.738315384615384
0.742115384615385
0.745915384615384
0.749715384615385
0.753515384615384
0.753853846153845
0.753153846153846
0.752453846153846
0.751753846153846
0.751053846153846
0.750353846153847
0.749653846153847
0.748953846153846
0.750484615384616
0.755584615384616
0.760684615384615
0.765784615384615
0.770884615384615
0.775984615384615
0.781084615384615
0.786184615384616
0.791284615384616
0.788784615384616
0.786284615384615
0.783784615384616
0.781284615384615
0.778784615384615
0.776284615384616
0.773784615384615
0.771284615384615
0.770815384615384
0.771615384615385
0.772415384615385
0.773215384615384
0.774015384615384
0.774815384615384
0.775615384615384
0.776415384615384
0.775946153846154
0.771246153846154
0.766546153846153
0.761846153846153
0.757146153846153
0.752446153846153
0.747746153846154
0.743046153846153
0.738346153846154
0.74286923076923
0.749069230769231
0.755269230769231
0.761469230769231
0.76766923076923
0.773869230769231
0.780069230769231
0.786269230769231
0.786884615384617
0.780984615384616
0.775084615384616
0.769184615384616
0.763284615384616
0.757384615384616
0.751484615384616
0.745584615384615
0.740084615384615
0.739384615384616
0.738684615384615
0.737984615384615
0.737284615384616
0.736584615384615
0.735884615384616
0.735184615384615
0.734484615384616
0.729561538461538
0.722761538461539
0.715961538461538
0.709161538461538
0.702361538461538
0.695561538461539
0.688761538461539
0.681961538461539
0.67786923076923
0.679869230769231
0.681869230769231
0.683869230769231
0.68586923076923
0.68786923076923
0.689869230769231
0.691869230769231
0.693869230769231
0.696238461538461
0.698638461538461
0.701038461538461
0.703438461538462
0.705838461538462
0.708238461538462
0.710638461538461
0.713038461538461
0.711830769230769
0.70753076923077
0.703230769230769
0.698930769230769
0.694630769230769
0.690330769230769
0.686030769230769
0.681730769230769
0.677569230769229
0.674169230769231
0.67076923076923
0.66736923076923
0.66396923076923
0.660569230769232
0.657169230769231
0.65376923076923
0.65036923076923
0.6432
0.6349
0.6266
0.6183
0.61
0.6017
0.5934
0.585100000000001
0.579492307692308
0.578192307692308
0.576892307692309
0.575592307692307
0.574292307692308
0.572992307692308
0.571692307692308
0.570392307692309
