0.629973529411764
0.635973529411765
0.641973529411763
0.647973529411765
0.653973529411764
0.659973529411764
0.665973529411764
0.671973529411763
0.677973529411765
0.683973529411764
0.689973529411764
0.695973529411765
0.701973529411763
0.706367647058824
0.703267647058824
0.700167647058824
0.697067647058822
0.693967647058822
0.690867647058822
0.687767647058822
0.684667647058822
0.681567647058822
0.678467647058822
0.675367647058822
0.672267647058822
0.669167647058822
0.666879411764705
0.666079411764705
0.665279411764705
0.664479411764706
0.663679411764704
0.662879411764706
0.662079411764704
0.661279411764706
0.660479411764706
0.659679411764705
0.658879411764705
0.658079411764705
0.657279411764705
0.658649999999999
0.66195
0.665249999999999
0.668549999999999
0.671849999999999
0.675149999999998
0.678449999999999
0.681749999999999
0.68505
0.688349999999999
0.691649999999999
0.694949999999999
0.698249999999998
0.695549999999999
0.690349999999998
0.68515
0.679949999999999
0.674749999999999
0.669549999999999
0.664349999999998
0.65915
0.653949999999999
0.648749999999999
0.643549999999998
0.63835
0.633149999999999
0.619567647058821
0.604867647058823
0.590167647058823
0.575467647058822
0.560767647058822
0.546067647058822
0.531367647058823
0.516667647058822
0.501967647058823
0.487267647058824
0.472567647058823
0.457867647058823
0.443579411764705
0.435879411764706
0.428179411764706
0.420479411764706
0.412779411764706
0.405079411764706
0.397379411764706
0.389679411764705
0.381979411764706
0.374279411764705
0.366579411764705
0.358879411764706
0.351179411764705
0.347244117647058
0.355544117647059
0.363844117647059
0.372144117647058
0.380444117647058
0.388744117647059
0.397044117647058
0.405344117647059
0.413644117647058
0.421944117647058
0.430244117647059
0.438544117647057
0.446844117647057
0.450161764705881
0.446361764705881
0.442561764705882
0.438761764705881
0.434961764705882
0.431161764705881
0.427361764705883
0.423561764705881
0.419761764705883
0.415961764705882
0.412161764705882
0.408361764705883
0.404561764705883
0.401055882352942
0.397755882352941
0.394455882352941
0.391155882352942
0.387855882352942
0.384555882352941
0.381255882352941
0.37795588235294
0.37465588235294
0.371355882352941
0.368055882352941
0.36475588235294
0.361455882352941
0.360373529411764
0.359973529411763
0.359573529411764
0.359173529411763
0.358773529411764
0.358373529411764
0.357973529411764
0.357573529411764
0.357173529411764
0.356773529411764
0.356373529411764
0.355973529411764
0.355573529411764
0.344255882352941
0.332255882352941
0.320255882352941
0.308255882352941
0.29625588235294
0.284255882352941
0.272255882352941
0.260255882352941
0.248255882352941
0.23625588235294
0.224255882352941
0.21225588235294
0.202020588235295
0.205020588235295
0.208020588235293
0.211020588235294
0.214020588235293
0.217020588235294
0.220020588235294
0.223020588235294
0.226020588235294
0.229020588235293
0.232020588235295
0.235020588235293
0.238020588235293
0.242285294117646
0.249585294117647
0.256885294117646
0.264185294117647
0.271485294117647
0.278785294117647
0.286085294117646
0.293385294117646
0.300685294117647
0.307985294117646
0.315285294117646
0.322585294117646
0.329885294117647
0.337373529411764
0.345073529411764
0.352773529411764
0.360473529411764
0.368173529411764
0.375873529411764
0.383573529411764
0.391273529411764
0.398973529411764
0.406673529411764
0.414373529411764
0.422073529411765
0.429773529411764
0.43055
0.427549999999999
0.424549999999999
0.421549999999999
0.418549999999999
0.41555
0.41255
0.40955
0.40655
0.40355
0.400549999999999
0.39755
0.394550000000001
0.401102941176471
0.40970294117647
0.41830294117647
0.42690294117647
0.43550294117647
0.444102941176471
0.45270294117647
0.46130294117647
0.46990294117647
0.47850294117647
0.487102941176469
0.495702941176471
0.50430294117647
0.502602941176471
0.50090294117647
0.49920294117647
0.49750294117647
0.49580294117647
0.494102941176469
0.49240294117647
0.49070294117647
0.489002941176471
0.487302941176471
0.485602941176471
0.48390294117647
0.484461764705881
0.495561764705882
0.506661764705883
0.517761764705882
0.528861764705882
0.539961764705882
0.551061764705882
0.562161764705881
0.573261764705882
0.584361764705883
0.595461764705882
0.606561764705882
0.617661764705883
0.624526470588236
0.623626470588236
0.622726470588236
0.621826470588236
0.620926470588235
0.620026470588235
0.619126470588235
0.618226470588236
0.617326470588235
0.616426470588236
0.615526470588235
0.614626470588235
0.613726470588235
0.616161764705882
0.621561764705883
0.626961764705882
0.632361764705882
0.637761764705882
0.643161764705882
0.648561764705882
0.653961764705882
0.659361764705882
0.664761764705882
0.670161764705882
0.675561764705882
0.680961764705882
0.677679411764705
0.670779411764706
0.663879411764706
0.656979411764705
0.650079411764705
0.643179411764705
0.636279411764705
0.629379411764706
0.622479411764705
0.615579411764705
0.608679411764705
0.601779411764705
0.594879411764705
0.602538235294117
0.612138235294116
0.621738235294117
0.631338235294117
0.640938235294117
0.650538235294117
0.660138235294118
0.669738235294117
0.679338235294118
0.688938235294117
0.698538235294118
0.708138235294117
0.716673529411764
0.708173529411765
0.699673529411763
0.691173529411765
0.682673529411765
0.674173529411765
0.665673529411763
0.657173529411765
0.648673529411763
0.640173529411764
0.631673529411763
0.623173529411764
0.614673529411763
0.608220588235293
0.608420588235293
0.608620588235293
0.608820588235294
0.609020588235294
0.609220588235295
0.609420588235294
0.609620588235294
0.609820588235294
0.610020588235293
0.610220588235294
0.610420588235294
0.610620588235294
0.612591176470588
0.617091176470589
0.621591176470587
0.626091176470589
0.630591176470588
0.635091176470587
0.639591176470588
0.644091176470589
0.648591176470588
0.653091176470589
0.657591176470589
0.662091176470588
0.666591176470588
0.670444117647058
0.673844117647058
0.677244117647057
0.680644117647058
0.684044117647059
0.687444117647058
0.690844117647057
0.694244117647058
0.697644117647058
0.701044117647057
0.704444117647058
0.707844117647057
0.711244117647058
0.706079411764704
0.698279411764704
0.690479411764706
0.682679411764705
0.674879411764705
0.667079411764705
0.659279411764705
0.651479411764705
0.643679411764706
0.635879411764706
0.628079411764705
0.620279411764705
0.612479411764705
0.619738235294117
0.627938235294117
0.636138235294118
0.644338235294117
0.652538235294118
0.660738235294118
0.668938235294117
0.677138235294117
0.685338235294118
0.693538235294117
0.701738235294118
0.709938235294117
0.718114705882352
0.726114705882352
0.734114705882353
0.742114705882353
0.750114705882353
0.758114705882352
0.766114705882352
0.774114705882353
0.782114705882352
0.790114705882352
0.798114705882353
0.806114705882354
0.814114705882353
0.818261764705882
0.813161764705883
0.808061764705882
0.802961764705882
0.797861764705882
0.792761764705882
0.787661764705883
0.782561764705882
0.777461764705882
0.772361764705883
0.767261764705882
0.762161764705882
0.757061764705883
0.751302941176469
0.744802941176472
0.738302941176471
0.73180294117647
0.72530294117647
0.718802941176469
0.712302941176471
0.705802941176471
0.69930294117647
0.692802941176469
0.68630294117647
0.679802941176469
0.673302941176469
0.668808823529411
0.665408823529412
0.66200882352941
0.658608823529411
0.655208823529412
0.651808823529411
0.648408823529412
0.645008823529411
0.641608823529411
0.638208823529411
0.634808823529411
0.631408823529412
0.628008823529411
0.624526470588234
0.621026470588234
0.617526470588235
0.614026470588234
0.610526470588235
0.607026470588235
0.603526470588235
0.600026470588234
0.596526470588234
0.593026470588234
0.589526470588234
0.586026470588234
