0.655942735042735
0.656642735042735
0.657342735042735
0.658042735042735
0.658305128205128
0.657405128205128
0.656505128205129
0.655605128205128
0.656510256410257
0.658910256410256
0.661310256410256
0.663710256410256
0.665125641025641
0.666325641025641
0.667525641025641
0.668706837606838
0.669706837606838
0.670706837606838
0.671706837606837
0.673258119658119
0.67575811965812
0.67825811965812
0.68075811965812
0.682232478632479
0.683132478632479
0.684032478632478
0.684932478632479
0.684369230769231
0.683669230769231
0.682969230769231
0.682419658119658
0.682519658119658
0.682619658119658
0.682719658119658
0.684250427350428
0.687450427350427
0.690650427350427
0.693850427350427
0.702783760683761
0.713783760683761
0.724783760683761
0.735755555555556
0.743455555555555
0.751155555555555
0.758855555555555
0.76322735042735
0.75912735042735
0.75502735042735
0.75092735042735
0.753438461538462
0.761238461538461
0.769038461538462
0.776838461538461
0.768803418803419
0.757503418803419
0.746203418803419
0.735949572649573
0.734849572649572
0.733749572649572
0.732649572649573
0.73384358974359
0.738843589743589
0.74384358974359
0.74884358974359
0.74955641025641
0.74795641025641
0.74635641025641
0.74475641025641
0.744079487179487
0.743479487179487
0.742879487179487
0.743321367521367
0.748021367521367
0.752721367521367
0.757421367521367
0.758548717948718
0.755648717948718
0.752748717948718
0.749848717948718
0.74315641025641
0.73515641025641
0.72715641025641
0.719407692307692
0.726107692307692
0.732807692307692
0.739507692307692
0.743592307692308
0.741292307692307
0.738992307692308
0.736692307692308
0.738284615384615
0.742884615384615
0.747484615384615
0.752084615384615
0.75484188034188
0.75724188034188
0.75964188034188
0.762275213675214
0.766775213675213
0.771275213675214
0.775775213675214
0.777890598290598
0.776190598290598
0.774490598290598
0.772790598290598
0.774052136752137
0.776852136752137
0.779652136752137
0.782452136752137
0.783947863247863
0.785347863247863
0.786747863247863
0.78935811965812
0.796658119658119
0.80395811965812
0.81125811965812
0.81855811965812
0.82585811965812
0.83315811965812
0.84045811965812
0.842493162393162
0.842793162393162
0.843093162393163
0.84348547008547
0.84738547008547
0.85128547008547
0.85518547008547
0.857350427350427
0.855450427350428
0.853550427350427
0.851650427350427
0.849235042735043
0.846435042735043
0.843635042735043
0.840835042735043
0.837358119658119
0.83375811965812
0.83015811965812
0.827000854700855
0.827100854700855
0.827200854700855
0.827300854700855
0.828541025641026
0.831541025641026
0.834541025641026
0.837541025641026
0.837541025641025
0.836041025641025
0.834541025641026
0.833041025641025
0.836617948717949
0.840517948717948
0.844417948717948
0.847612820512821
0.84821282051282
0.84881282051282
0.84941282051282
0.849817948717949
0.850017948717949
0.850217948717949
0.850417948717949
0.846053846153846
0.840253846153846
0.834453846153846
0.828735897435897
0.825335897435897
0.821935897435897
0.818535897435898
0.813074358974359
0.802974358974359
0.792874358974359
0.782774358974359
0.776452136752137
0.772852136752137
0.769252136752137
0.765652136752136
0.767351282051282
0.769951282051282
0.772551282051282
0.775074358974359
0.777074358974359
0.779074358974359
0.781074358974359
0.783998290598291
0.788298290598291
0.792598290598291
0.796898290598291
0.794986324786324
0.790086324786325
0.785186324786325
0.780286324786324
0.782881196581196
0.785881196581196
0.788881196581197
0.790903418803418
0.789503418803419
0.788103418803419
0.786703418803419
0.787137606837607
0.789437606837607
0.791737606837607
0.794037606837607
0.797568376068376
0.801468376068376
0.805368376068376
0.809110256410256
0.809310256410256
0.809510256410257
0.809710256410256
0.811270085470085
0.815770085470086
0.820270085470086
0.824770085470085
0.826970085470085
0.827570085470085
0.828170085470085
0.828770085470085
0.833341025641025
0.838541025641026
0.843741025641025
0.849282905982906
0.856982905982906
0.864682905982906
0.872382905982906
0.878647008547008
0.882847008547008
0.887047008547009
0.891247008547008
0.8949
0.8983
0.9017
0.9051
0.908787179487179
0.912487179487179
0.91618717948718
0.918871794871795
0.918171794871795
0.917471794871795
0.916771794871795
0.916223076923077
0.915823076923077
0.915423076923077
0.915023076923077
0.911823076923077
0.907823076923077
0.903823076923077
0.8997
0.8933
0.8869
0.8805
0.877380341880342
0.881080341880342
0.884780341880342
0.888480341880342
0.887154700854701
0.882454700854701
0.877754700854701
0.873054700854701
0.869662393162393
0.866462393162394
0.863262393162393
0.86065811965812
0.86155811965812
0.86245811965812
0.86335811965812
0.866058974358974
0.871258974358975
0.876458974358974
0.881658974358974
0.882705128205128
0.881905128205128
0.881105128205128
0.880305128205128
0.877959829059829
0.875559829059829
0.873159829059829
0.87121452991453
0.87071452991453
0.87021452991453
0.86971452991453
0.869624786324786
0.869924786324786
0.870224786324786
0.870524786324786
0.870667521367521
0.870767521367521
0.870867521367521
0.87139829059829
0.87869829059829
0.885998290598291
0.893298290598291
0.898498290598291
0.899498290598291
0.90049829059829
0.901498290598291
0.903044444444445
0.904944444444445
0.906844444444444
0.908744444444444
0.907651282051282
0.906151282051282
0.904651282051282
0.903412820512821
0.903612820512821
0.90381282051282
0.90401282051282
0.902631623931624
0.899131623931624
0.895631623931624
0.892131623931624
0.889262393162393
0.886662393162393
0.884062393162393
0.881462393162393
0.885877777777778
0.890477777777778
0.895077777777777
0.897595726495726
0.893795726495727
0.889995726495726
0.886195726495726
0.884220512820513
0.883920512820513
0.883620512820513
0.883320512820513
0.886358974358974
0.890258974358974
0.894158974358975
0.897997435897436
0.900997435897436
0.903997435897436
0.906997435897436
0.914065811965812
0.928965811965812
0.943865811965812
0.958765811965811
0.971635042735043
0.983235042735043
0.994835042735042
1.00643504273504
0.99910170940171
0.989401709401709
0.979701709401709
0.97186923076923
0.973669230769231
0.975469230769231
0.97726923076923
0.97575641025641
0.96995641025641
0.96415641025641
0.95835641025641
0.955252136752136
0.953252136752137
0.951252136752137
0.949252136752137
0.949316239316239
0.949416239316239
0.949516239316239
0.949359829059829
0.948459829059829
0.947559829059829
0.946659829059829
0.945812820512821
0.945012820512821
0.94421282051282
0.94341282051282
0.948477777777778
0.954977777777778
0.961477777777777
0.967362393162393
0.965862393162393
0.964362393162393
0.962862393162393
0.963429914529915
0.967829914529915
0.972229914529915
0.976629914529915
0.976225641025641
0.972925641025641
0.969625641025641
0.966325641025641
0.95898717948718
0.951187179487179
0.94338717948718
0.936493162393162
0.933993162393163
0.931493162393162
0.928993162393163
0.923382051282051
0.913882051282051
0.904382051282051
0.894882051282052
0.887535897435897
0.881035897435897
0.874535897435898
0.868035897435898
0.867286324786325
0.866586324786324
0.865886324786325
0.862165811965812
0.850065811965812
0.837965811965812
0.825865811965812
0.823135042735043
0.828435042735042
0.833735042735043
0.839035042735043
0.836946153846153
0.833146153846154
0.829346153846154
0.825229914529914
0.817729914529914
0.810229914529914
0.802729914529914
0.796306837606838
0.791806837606838
0.787306837606838
0.782806837606838
0.781342735042735
0.781642735042736
0.781942735042735
0.782242735042735
0.778284615384615
0.773884615384615
0.769484615384615
0.765210256410256
0.761510256410256
0.757810256410256
0.754110256410256
0.742211111111112
0.720411111111111
0.698611111111111
0.676811111111111
0.657190598290598
0.638390598290598
0.619590598290599
