0.667923529411765
0.671323529411765
0.674723529411764
0.678123529411764
0.681523529411764
0.684923529411765
0.688323529411764
0.691723529411765
0.695123529411764
0.698523529411764
0.701923529411765
0.705323529411764
0.708723529411765
0.710605882352941
0.70540588235294
0.70020588235294
0.695005882352942
0.689805882352941
0.684605882352941
0.679405882352941
0.67420588235294
0.669005882352941
0.663805882352941
0.658605882352941
0.653405882352942
0.648205882352941
0.642829411764704
0.637129411764705
0.631429411764705
0.625729411764706
0.620029411764705
0.614329411764706
0.608629411764705
0.602929411764705
0.597229411764706
0.591529411764705
0.585829411764704
0.580129411764705
0.574429411764705
0.569364705882352
0.564864705882352
0.560364705882352
0.555864705882352
0.551364705882353
0.546864705882353
0.542364705882353
0.537864705882353
0.533364705882353
0.528864705882352
0.524364705882353
0.519864705882353
0.515364705882353
0.51545294117647
0.51745294117647
0.519452941176469
0.52145294117647
0.523452941176471
0.52545294117647
0.52745294117647
0.529452941176471
0.53145294117647
0.533452941176471
0.53545294117647
0.537452941176471
0.539452941176471
0.544805882352942
0.550605882352941
0.556405882352942
0.562205882352941
0.56800588235294
0.573805882352941
0.579605882352942
0.585405882352941
0.591205882352941
0.59700588235294
0.602805882352942
0.608605882352941
0.614405882352941
0.620205882352942
0.626005882352942
0.631805882352942
0.637605882352941
0.64340588235294
0.649205882352941
0.655005882352942
0.660805882352941
0.66660588235294
0.67240588235294
0.678205882352941
0.68400588235294
0.68825294117647
0.68745294117647
0.68665294117647
0.68585294117647
0.685052941176469
0.684252941176469
0.683452941176471
0.682652941176471
0.681852941176471
0.681052941176471
0.680252941176471
0.679452941176472
0.678652941176472
0.676164705882354
0.671264705882354
0.666364705882353
0.661464705882353
0.656564705882353
0.651664705882353
0.646764705882352
0.641864705882353
0.636964705882353
0.632064705882354
0.627164705882353
0.622264705882353
0.617364705882352
0.612170588235295
0.606770588235295
0.601370588235295
0.595970588235294
0.590570588235293
0.585170588235294
0.579770588235293
0.574370588235294
0.568970588235293
0.563570588235294
0.558170588235293
0.552770588235293
0.547370588235293
0.539064705882351
0.529864705882351
0.520664705882351
0.511464705882353
0.502264705882353
0.493064705882353
0.483864705882353
0.474664705882353
0.465464705882352
0.456264705882353
0.447064705882352
0.437864705882352
0.428664705882352
0.431888235294118
0.435888235294116
0.439888235294117
0.443888235294117
0.447888235294117
0.451888235294117
0.455888235294118
0.459888235294117
0.463888235294117
0.467888235294117
0.471888235294116
0.475888235294118
0.479347058823529
0.478747058823529
0.478147058823529
0.47754705882353
0.476947058823528
0.47634705882353
0.475747058823529
0.475147058823529
0.47454705882353
0.473947058823529
0.47334705882353
0.472747058823529
0.47214705882353
0.472105882352942
0.473405882352941
0.474705882352942
0.476005882352941
0.477305882352942
0.47860588235294
0.479905882352941
0.481205882352941
0.48250588235294
0.483805882352941
0.485105882352941
0.48640588235294
0.487705882352941
0.48745294117647
0.485452941176471
0.483452941176471
0.48145294117647
0.479452941176471
0.47745294117647
0.475452941176471
0.47345294117647
0.47145294117647
0.469452941176471
0.46745294117647
0.465452941176471
0.463452941176471
0.465982352941176
0.470982352941175
0.475982352941176
0.480982352941177
0.485982352941176
0.490982352941175
0.495982352941176
0.500982352941177
0.505982352941176
0.510982352941177
0.515982352941177
0.520982352941177
0.525982352941176
0.529088235294118
0.531788235294117
0.534488235294118
0.537188235294117
0.539888235294118
0.542588235294119
0.545288235294118
0.547988235294117
0.550688235294118
0.553388235294119
0.556088235294118
0.558788235294119
0.561488235294118
0.562388235294118
0.563288235294118
0.564188235294119
0.565088235294118
0.565988235294118
0.566888235294118
0.567788235294118
0.568688235294118
0.569588235294117
0.570488235294118
0.571388235294118
0.572288235294118
0.573329411764707
0.575029411764706
0.576729411764706
0.578429411764706
0.580129411764705
0.581829411764706
0.583529411764706
0.585229411764706
0.586929411764705
0.588629411764707
0.590329411764704
0.592029411764706
0.593729411764706
0.594864705882353
0.594964705882352
0.595064705882352
0.595164705882352
0.595264705882353
0.595364705882353
0.595464705882353
0.595564705882352
0.595664705882352
0.595764705882352
0.595864705882352
0.595964705882353
0.596064705882353
0.596482352941177
0.597182352941175
0.597882352941176
0.598582352941175
0.599282352941176
0.599982352941176
0.600682352941176
0.601382352941176
0.602082352941176
0.602782352941177
0.603482352941175
0.604182352941177
0.604882352941177
0.608970588235294
0.614470588235293
0.619970588235293
0.625470588235295
0.630970588235294
0.636470588235293
0.641970588235294
0.647470588235293
0.652970588235295
0.658470588235293
0.663970588235294
0.669470588235294
0.674970588235293
0.67570588235294
0.67580588235294
0.675905882352941
0.676005882352941
0.676105882352941
0.676205882352941
0.676305882352941
0.676405882352942
0.676505882352942
0.676605882352942
0.676705882352942
0.676805882352941
0.677094117647059
0.680394117647059
0.68369411764706
0.686994117647059
0.690294117647059
0.693594117647058
0.696894117647058
0.700194117647059
0.703494117647059
0.70679411764706
0.710094117647059
0.713394117647059
0.716694117647058
0.719594117647059
0.721194117647059
0.722794117647059
0.724394117647059
0.725994117647058
0.727594117647058
0.729194117647058
0.730794117647058
0.732394117647059
0.733994117647059
0.735594117647059
0.737194117647059
0.738794117647059
0.740229411764705
0.741429411764705
0.742629411764705
0.743829411764705
0.745029411764705
0.746229411764705
0.747429411764706
0.748629411764707
0.749829411764706
0.751029411764705
0.752229411764706
0.753429411764707
0.754629411764706
0.7503
0.7421
0.733900000000001
0.7257
0.7175
0.709300000000001
0.7011
0.692899999999999
0.684699999999999
0.6765
0.668299999999999
0.660099999999999
0.6519
0.653335294117646
0.657735294117647
0.662135294117647
0.666535294117646
0.670935294117647
0.675335294117647
0.679735294117646
0.684135294117646
0.688535294117647
0.692935294117647
0.697335294117646
0.701735294117647
0.706135294117647
0.707052941176472
0.70775294117647
0.708452941176471
0.709152941176471
0.709852941176471
0.71055294117647
0.711252941176471
0.711952941176471
0.712652941176471
0.713352941176471
0.714052941176472
0.71475294117647
0.714888235294118
0.710788235294118
0.706688235294117
0.702588235294118
0.698488235294118
0.694388235294117
0.690288235294117
0.686188235294118
0.682088235294117
0.677988235294117
0.673888235294117
0.669788235294118
0.665688235294117
0.662735294117646
0.662535294117646
0.662335294117646
0.662135294117647
0.661935294117646
0.661735294117646
0.661535294117647
0.661335294117647
0.661135294117646
0.660935294117646
0.660735294117647
0.660535294117646
0.660335294117646
0.659288235294117
0.657288235294117
0.655288235294116
0.653288235294117
0.651288235294118
0.649288235294117
0.647288235294117
0.645288235294118
0.643288235294117
0.641288235294117
0.639288235294118
0.637288235294117
0.635288235294118
0.632317647058824
0.628817647058823
0.625317647058824
0.621817647058823
0.618317647058824
0.614817647058823
0.611317647058823
0.607817647058824
0.604317647058823
0.600817647058824
0.597317647058823
0.593817647058824
0.590317647058823
0.587476470588235
0.584776470588234
0.582076470588235
0.579376470588236
0.576676470588235
0.573976470588236
0.571276470588235
0.568576470588234
0.565876470588235
0.563176470588236
0.560476470588235
0.557776470588236
