0.649662718130731
0.650475879917184
0.652129325643301
0.651488302277433
0.652898388050873
0.653222611653357
0.654469047619048
0.650030242531795
0.648737370600414
0.642748521147589
0.642385581188997
0.642317731440402
0.64160752735877
0.640330893226856
0.639714123040521
0.639805102040816
0.640172271517303
0.640090845903579
0.639099157054126
0.637530272108843
0.636878157349897
0.638207941437445
0.639003918958888
0.638977447500739
0.638469225081337
0.638706344276841
0.638057157645667
0.637626870748299
0.637743286010056
0.636002706299911
0.634872656018929
0.634025658089323
0.633842487429755
0.635510218870157
0.636319742679681
0.636537163561077
0.636847101449275
0.637458784383319
0.635739559301982
0.63580273587696
0.63566603076013
0.635060292812777
0.635912170955339
0.634683776989057
0.635767420881396
0.635974046140195
0.635836157941438
0.635792413487134
0.635762333629104
0.636176471458149
0.635968899733807
0.633959168884945
0.632797116237799
0.632640535344573
0.63235677314404
0.633414063886424
0.633816992014197
0.632963960366756
0.63284686483289
0.633464788524105
0.634174164448388
0.636147663413191
0.637184279798876
0.637617997633836
0.637611076604555
0.638063989943804
0.637598831706596
0.637575110913931
0.637818825791186
0.637985847382431
0.638017997633836
0.639067982845312
0.640387119195504
0.637545681750961
0.638403504880213
0.637493359952677
0.638047278911565
0.638428497485951
0.639499334516415
0.637870644779651
0.638024445430346
0.638557157645667
0.639333288967761
0.639648402839397
0.639427639751553
0.639602854185152
0.639042250813369
0.63814603667554
0.637037459331559
0.636330212954747
0.637561209701272
0.637556033717835
0.637223380656611
0.636596850044366
0.636774696835256
0.636032993197279
0.635064788524105
0.634983274179237
0.635917258207631
0.635717701863354
0.633095489500148
0.632888213546288
0.633093714877255
0.633224327122153
0.633306492162082
0.633188420585626
0.634176293995859
0.635846332446022
0.637053608399882
0.636751005619639
0.636551212658977
0.638137636793848
0.63713033126294
0.637291289559302
0.637386409346347
0.637062274475008
0.637431070689145
0.636165853297841
0.635891230405206
0.633729443951494
0.634638169180716
0.633933910085773
0.635291230405206
0.636103918958888
0.635588065661047
0.634494454303461
0.634158311150547
0.633435921325052
0.632552454895002
0.632421960958297
0.630774933451642
0.6340764418811
0.634711461106182
0.636227817213842
0.636786409346347
0.635848550724638
0.635747485950902
0.637027610174505
0.638034679089027
0.639140357882283
0.637449704229518
0.636683096716948
0.63628620230701
0.635952780242532
0.636375643300799
0.636662866015972
0.636846983141083
0.63492834960071
0.635003209109731
0.636349349304939
0.636365113871636
0.636517258207631
0.6365640490979
0.637747663413191
0.638974578527063
0.638667184265011
0.638057335107956
0.63833083407276
0.638580198166223
0.639102351375333
0.637595933155871
0.638136749482402
0.638699807749187
0.638675643300799
0.637644676131322
0.637228260869565
0.637218530020704
0.638918618751849
0.639550443655723
0.639349792960663
0.638517021591245
0.6376640490979
0.637145947944395
0.637357571724342
0.637246273291926
0.636528911564626
0.636674371487726
0.636571916592724
0.637261712511092
0.638555146406389
0.639142576160899
0.638493774031352
0.638283836143153
0.638235714285714
0.638536601597161
0.638424741200828
0.639108207630879
0.639067982845312
0.640010189293109
0.640628142561372
0.641114537119196
0.64149265010352
0.640742694469092
0.639832786157941
0.640334826974268
0.639988598047915
0.640127432712215
0.640176027802425
0.639801671103224
0.638278748890861
0.638791555752736
0.638206166814552
0.637710869565217
0.637305841467022
0.638949970422952
0.638642546583851
0.638053076013014
0.638399985211476
0.637452898550725
0.636545149364094
0.635951212658977
0.637234649511979
0.636711934338953
0.636366149068323
0.636806994971902
0.634654525288376
0.633780967169477
0.633250739426205
0.6328533126294
0.634027373558119
0.633734235433304
0.633132697426797
0.632565409642118
0.632359819580006
0.63196884057971
0.631123469387755
0.631751745045845
0.631452129547471
0.630406580893227
0.630421014492754
0.629895962732919
0.631229976338362
0.631819003253475
0.631466001183082
0.631739204377403
0.632015513161787
0.632559908311151
0.63259182194617
0.632901582372079
0.633543759242828
0.633875081336883
0.634055175983437
0.63477363206152
0.633758754806271
0.633395992309967
0.633340860692103
0.6330764418811
0.63264041703638
0.633244971901804
0.632802469683526
0.633522700384502
0.63318652765454
0.632934649511979
0.63212471162378
0.63226455190772
0.631823262348418
0.632132993197279
0.632325628512275
0.633055264714582
0.632386734693878
0.632383629103816
0.632856713989944
0.631811786453712
0.630605279503106
0.631250236616386
0.631677891156463
0.631766178645371
0.631765261756877
0.631420008873115
0.630597796509908
0.629809183673469
0.630213945578231
0.63116801242236
0.630558163265306
0.631135595977522
0.630974489795919
0.630893005028098
0.631071384205856
0.629105190771961
0.630327403135167
0.63012553978113
0.631257009760426
0.630225391895889
0.630538317065957
0.630690757172434
0.63096008577344
0.631422670807454
0.631312703342207
0.631394690919846
0.6323640490979
0.632239825495416
0.630715335699497
0.62952867494824
0.630724652469684
0.630364463176575
0.63002917775806
0.630521339840284
0.630512259686483
0.630413856847087
0.630680198166223
0.630448284531204
0.632136010056196
0.631881706595682
0.632445563442768
0.632988657202011
0.633348107068915
0.63311098787341
0.633302469683526
0.633470112392783
0.634103948535936
0.63423479739722
0.634265025140491
0.634222907423839
0.634864285714286
0.63483231292517
0.634713235729074
0.634635034013606
0.634310514640639
0.63373512274475
0.63417528837622
0.633713176574978
0.632729976338362
0.631825805974564
0.632642753623189
0.632288745933156
0.632861712511092
0.632300872522922
0.633446509908311
0.633659109730849
0.634384782608696
0.632965291333925
0.633691555752736
0.633930449571133
0.634291141674061
0.634088627624963
0.633849704229518
0.633758133688258
0.634087207926649
0.634565232179829
0.634900103519669
0.635766296953564
0.634802765454008
0.634409420289855
0.63515893226856
0.634793093759243
0.634589899438036
0.635281055900621
0.634719653948536
0.634933407275954
0.634758695652174
0.634739795918367
0.633529769299024
0.634270644779651
0.633597678201716
0.633164404022479
0.633330094646554
0.633688568470867
0.633624948240166
0.633536719905354
0.633052366163857
0.633491230405206
0.633460292812777
0.633426042590949
0.633290550133097
0.633240180419994
0.633153253475303
0.633370556048506
0.633915039929015
0.634292709257616
0.63450057675244
0.634529384797397
0.634828822833481
0.635102351375333
0.634865942028985
0.633656092871931
0.635064404022479
0.635730804495712
0.636341688849453
0.634845800059154
0.635178896776102
0.63685561963916
0.636851035196688
0.638147308488613
0.637011608991423
0.637884072759539
0.638514892043774
0.638758784383319
0.638690520556049
0.638947249334517
0.63773876072168
0.637769491274771
0.635667539189589
0.632515661047028
0.63458173617273
0.634833673469388
0.635738021295475
0.637185522034901
0.636417968056788
0.636261712511091
0.637902587991718
0.638575170068027
0.639240564921621
0.639077802425318
0.63867413487134
0.638770674356699
0.639674312333629
0.640168071576457
0.64081660751257
0.6434830671399
0.643192886719905
0.643141215616682
0.643694483880509
0.644584634723455
0.643116637089619
0.644950088731144
0.646449615498373
0.64675280981958
0.646585019225081
0.644351567583555
0.644979458740018
0.643569254658385
0.644487947352854
0.644407172434191
0.64622752144336
0.646584398107069
0.647725391895889
0.64710702454895
0.647669284235433
0.649569550428868
0.6477061963916
0.647641836734694
0.647629236912156
0.649043788819876
0.64973627624963
0.649940150842946
0.649202203490092
