0.62105
0.623050000000001
0.625049999999999
0.62705
0.629049999999998
0.631049999999999
0.63305
0.635050000000001
0.637050000000002
0.63905
0.641049999999998
0.643050000000002
0.64505
0.647049999999998
0.649049999999999
0.65105
0.653049999999998
0.655049999999999
0.65705
0.659049999999998
0.661050000000002
0.66305
0.665049999999998
0.667049999999999
0.66905
0.671049999999998
0.673049999999999
0.67505
0.672100000000002
0.667500000000001
0.662900000000003
0.658299999999999
0.653699999999998
0.6491
0.6445
0.639900000000002
0.635300000000001
0.6307
0.626100000000002
0.621500000000001
0.6169
0.612300000000003
0.607700000000002
0.603100000000001
0.598500000000003
0.593900000000002
0.589300000000001
0.584700000000001
0.5801
0.575500000000002
0.570900000000001
0.566300000000003
0.561700000000002
0.557100000000001
0.552500000000001
0.549150000000002
0.547050000000001
0.544950000000001
0.542850000000001
0.54075
0.53865
0.53655
0.534449999999999
0.532349999999999
0.530250000000002
0.528150000000001
0.526050000000001
0.523950000000001
0.52185
0.51975
0.517650000000003
0.515550000000002
0.513450000000002
0.511350000000002
0.509250000000001
0.507150000000001
0.505049999999998
0.502949999999997
0.50085
0.49875
0.496649999999999
0.494549999999999
0.49235
0.489849999999999
0.487349999999999
0.484850000000001
0.482350000000001
0.47985
0.477349999999999
0.474849999999999
0.472349999999998
0.469850000000001
0.46735
0.46485
0.462349999999999
0.459849999999999
0.457350000000001
0.454850000000001
0.45235
0.44985
0.447349999999999
0.444850000000002
0.442349999999998
0.439850000000001
0.43735
0.43485
0.432349999999999
0.429850000000001
0.427350000000001
0.42485
0.430350000000001
0.435850000000002
0.441349999999999
0.44685
0.45235
0.457850000000001
0.463350000000001
0.468849999999999
0.474349999999999
0.47985
0.485350000000001
0.490850000000001
0.496349999999999
0.501849999999999
0.50735
0.51285
0.518350000000001
0.523849999999998
0.529349999999999
0.534849999999999
0.54035
0.545850000000001
0.551349999999998
0.556850000000002
0.562349999999999
0.567849999999997
0.57335
0.5787
0.583999999999999
0.589299999999998
0.5946
0.599899999999999
0.605200000000001
0.610499999999997
0.615799999999999
0.621100000000001
0.6264
0.631699999999999
0.637000000000001
0.6423
0.647599999999999
0.652900000000001
0.6582
0.663500000000002
0.668800000000001
0.6741
0.679399999999999
0.684700000000001
0.690000000000003
0.695300000000001
0.7006
0.705900000000002
0.711200000000001
0.7165
0.7213
0.725600000000003
0.729900000000003
0.7342
0.738500000000002
0.742800000000002
0.747099999999999
0.751400000000002
0.755700000000002
0.759999999999999
0.764300000000002
0.768599999999999
0.772900000000002
0.777199999999999
0.781500000000002
0.785799999999999
0.790100000000002
0.794400000000002
0.798700000000002
0.802999999999999
0.807300000000002
0.811600000000002
0.815900000000002
0.820200000000001
0.824500000000001
0.828799999999998
0.833100000000001
0.83515
0.83045
0.82575
0.82105
0.816350000000003
0.81165
0.80695
0.802249999999999
0.797549999999999
0.792849999999999
0.788149999999999
0.783449999999999
0.778749999999999
0.774049999999998
0.769349999999998
0.764649999999998
0.759949999999998
0.755249999999998
0.750550000000001
0.745850000000001
0.74115
0.736449999999997
0.73175
0.727049999999997
0.72235
0.71765
0.71295
0.708249999999999
0.70695
0.70565
0.70435
0.70305
0.70175
0.700449999999997
0.69915
0.69785
0.696549999999997
0.69525
0.69395
0.69265
0.691350000000001
0.690049999999998
0.688749999999998
0.687449999999998
0.686149999999998
0.684850000000001
0.683550000000001
0.682249999999998
0.680949999999998
0.679650000000001
0.678350000000001
0.677049999999998
0.675750000000002
0.674450000000002
0.673149999999999
0.672825
0.672825
0.672825
0.672825
0.672825
0.672825
0.672825
0.672825
0.672825
0.672825
0.672825
0.672825
0.672825
0.672825
0.672825
0.672825
0.672825
0.672825
0.672825
0.672825
0.672825
0.672825
0.672825
0.672825
0.672825
0.672825
0.672825
0.672325000000001
0.671324999999999
0.670325
0.669325000000001
0.668324999999999
0.667325
0.666325000000001
0.665325000000002
0.664325
0.663325000000001
0.662324999999999
0.661325
0.660325000000001
0.659325000000002
0.658325000000003
0.657325000000001
0.656325000000002
0.655325
0.654325000000001
0.653325000000002
0.652325
0.651324999999998
0.650324999999999
0.649325
0.648325000000001
0.647324999999999
0.646325
0.6461
0.648200000000001
0.650300000000001
0.652399999999998
0.654499999999999
0.656599999999999
0.658699999999999
0.6608
0.6629
0.665
0.667100000000001
0.669200000000001
0.671299999999998
0.673399999999999
0.675499999999999
0.677599999999999
0.6797
0.6818
0.6839
0.686
0.688100000000001
0.690200000000001
0.692299999999998
0.694399999999999
0.696499999999999
0.698599999999999
0.7007
0.7028
0.7007
0.698599999999999
0.696499999999999
0.694399999999999
0.692299999999998
0.690200000000001
0.688100000000001
0.686
0.6839
0.6818
0.6797
0.677599999999999
0.675499999999999
0.673399999999999
0.671299999999998
0.669200000000001
0.667100000000001
0.665
0.6629
0.6608
0.658699999999999
0.656599999999999
0.654499999999999
0.652399999999998
0.650300000000001
0.648200000000001
0.6461
0.642575
0.638574999999998
0.634575000000002
0.630575
0.626574999999998
0.622574999999999
0.618575
0.614575000000001
0.610574999999999
0.606575
0.602575000000001
0.598575000000002
0.594575
0.590574999999998
0.586575000000002
0.582575
0.578575000000001
0.574575000000002
0.570574999999999
0.566575
0.562574999999998
0.558574999999999
0.554575
0.550574999999998
0.546574999999999
0.542575
0.538575000000001
0.535525
0.533425
0.531324999999999
0.529224999999999
0.527125000000002
0.525025000000001
0.522925000000001
0.520825000000001
0.518725
0.516625
0.514525
0.512424999999999
0.510324999999999
0.508224999999999
0.506124999999998
0.504024999999998
0.501925000000001
0.499825000000001
0.497725
0.495625
0.493525000000003
0.491424999999999
0.489325000000002
0.487225000000002
0.485125000000001
0.483025000000001
0.480925000000001
0.479175000000002
0.478475000000001
0.477775
0.477074999999999
0.476374999999998
0.475675
0.474974999999999
0.474275000000001
0.473575
0.472875000000001
0.472175
0.471474999999999
0.470775000000001
0.470075
0.469374999999999
0.468675000000001
0.467975
0.467274999999999
0.466575000000001
0.465874999999999
0.465174999999998
0.464475
0.463774999999999
0.463074999999998
0.462375
0.461675000000002
0.460975000000001
