0.608222580645161
0.608222580645161
0.608222580645161
0.608222580645161
0.608222580645161
0.608222580645161
0.608222580645161
0.608222580645161
0.609577419354839
0.610977419354839
0.612377419354839
0.613777419354838
0.615177419354839
0.616577419354839
0.617977419354839
0.620967741935484
0.624067741935484
0.627167741935484
0.630267741935484
0.633367741935484
0.636467741935484
0.639567741935484
0.640319354838709
0.64081935483871
0.64131935483871
0.641819354838709
0.64231935483871
0.64281935483871
0.643319354838709
0.641816129032257
0.640016129032258
0.638216129032258
0.636416129032258
0.634616129032257
0.632816129032258
0.631016129032257
0.627622580645161
0.623922580645161
0.620222580645161
0.616522580645161
0.612822580645161
0.609122580645161
0.605422580645161
0.60398064516129
0.60308064516129
0.60218064516129
0.60128064516129
0.60038064516129
0.59948064516129
0.59858064516129
0.599848387096774
0.601748387096774
0.603648387096774
0.605548387096774
0.607448387096775
0.609348387096774
0.611248387096775
0.611664516129032
0.611564516129032
0.611464516129033
0.611364516129032
0.611264516129033
0.611164516129032
0.611064516129033
0.608693548387097
0.605393548387097
0.602093548387096
0.598793548387097
0.595493548387097
0.592193548387096
0.588893548387096
0.585593548387096
0.582293548387097
0.578993548387096
0.575693548387096
0.572393548387097
0.569093548387096
0.565793548387096
0.56171935483871
0.55721935483871
0.55271935483871
0.548219354838709
0.54371935483871
0.539219354838709
0.53471935483871
0.534816129032258
0.537816129032258
0.540816129032258
0.543816129032258
0.546816129032258
0.549816129032259
0.552816129032258
0.556512903225806
0.560712903225807
0.564912903225806
0.569112903225807
0.573312903225806
0.577512903225806
0.581712903225806
0.584816129032258
0.587016129032258
0.589216129032258
0.591416129032258
0.593616129032258
0.595816129032258
0.598016129032258
0.597893548387097
0.595593548387096
0.593293548387097
0.590993548387097
0.588693548387097
0.586393548387097
0.584093548387096
0.581503225806452
0.578603225806452
0.575703225806452
0.572803225806452
0.569903225806452
0.567003225806451
0.564103225806452
0.564590322580645
0.569190322580645
0.573790322580645
0.578390322580644
0.582990322580645
0.587590322580645
0.592190322580644
0.595154838709676
0.595854838709677
0.596554838709678
0.597254838709677
0.597954838709677
0.598654838709678
0.599354838709677
0.599629032258065
0.599229032258065
0.598829032258065
0.598429032258065
0.598029032258065
0.597629032258064
0.597229032258065
0.596616129032258
0.595616129032258
0.594616129032258
0.593616129032258
0.592616129032259
0.591616129032258
0.590616129032258
0.589422580645161
0.587822580645161
0.586222580645161
0.584622580645161
0.583022580645161
0.581422580645161
0.579822580645161
0.577612903225806
0.573912903225806
0.570212903225806
0.566512903225806
0.562812903225806
0.559112903225806
0.555412903225806
0.552125806451612
0.550025806451612
0.547925806451612
0.545825806451612
0.543725806451613
0.541625806451613
0.539525806451612
0.537967741935484
0.538267741935483
0.538567741935484
0.538867741935484
0.539167741935484
0.539467741935484
0.539767741935484
0.541209677419355
0.547409677419355
0.553609677419355
0.559809677419355
0.566009677419355
0.572209677419355
0.578409677419355
0.583464516129032
0.582564516129032
0.581664516129032
0.580764516129032
0.579864516129032
0.578964516129032
0.578064516129033
0.576235483870968
0.568135483870968
0.560035483870968
0.551935483870968
0.543835483870968
0.535735483870967
0.527635483870968
0.52031935483871
0.52031935483871
0.52031935483871
0.52031935483871
0.52031935483871
0.52031935483871
0.52031935483871
0.520358064516128
0.520958064516129
0.521558064516129
0.522158064516129
0.522758064516128
0.523358064516128
0.523958064516128
0.524406451612903
0.520306451612903
0.516206451612903
0.512106451612903
0.508006451612903
0.503906451612903
0.499806451612903
0.495706451612903
0.492906451612903
0.490106451612903
0.487306451612903
0.484506451612904
0.481706451612903
0.478906451612903
0.476106451612904
0.476112903225806
0.476212903225807
0.476312903225806
0.476412903225807
0.476512903225806
0.476612903225807
0.476712903225807
0.480367741935484
0.484267741935484
0.488167741935484
0.492067741935484
0.495967741935484
0.499867741935484
0.503767741935484
0.505951612903226
0.507951612903226
0.509951612903226
0.511951612903226
0.513951612903226
0.515951612903226
0.517951612903226
0.523348387096775
0.529248387096774
0.535148387096773
0.541048387096773
0.546948387096774
0.552848387096774
0.558748387096774
0.558274193548386
0.556574193548386
0.554874193548386
0.553174193548387
0.551474193548387
0.549774193548387
0.548074193548387
0.550325806451613
0.553525806451613
0.556725806451613
0.559925806451613
0.563125806451613
0.566325806451613
0.569525806451613
0.57288064516129
0.57628064516129
0.57968064516129
0.58308064516129
0.58648064516129
0.58988064516129
0.593280645161291
0.593119354838709
0.59171935483871
0.590319354838709
0.588919354838709
0.58751935483871
0.586119354838709
0.58471935483871
0.5841
0.5838
0.5835
0.583199999999999
0.5829
0.5826
0.5823
0.58078064516129
0.578680645161291
0.576580645161291
0.574480645161291
0.572380645161291
0.57028064516129
0.56818064516129
0.568467741935484
0.570067741935484
0.571667741935484
0.573267741935484
0.574867741935484
0.576467741935484
0.578067741935483
0.583529032258065
0.591429032258064
0.599329032258064
0.607229032258064
0.615129032258065
0.623029032258064
0.630929032258064
0.631977419354838
0.628077419354838
0.624177419354839
0.620277419354839
0.616377419354839
0.612477419354839
0.608577419354839
0.606158064516129
0.604958064516129
0.603758064516129
0.602558064516128
0.601358064516129
0.600158064516129
0.598958064516129
0.600183870967742
0.603683870967741
0.607183870967742
0.610683870967742
0.614183870967742
0.617683870967741
0.621183870967742
0.621151612903225
0.617351612903226
0.613551612903226
0.609751612903226
0.605951612903226
0.602151612903226
0.598351612903226
0.595093548387097
0.592493548387097
0.589893548387097
0.587293548387096
0.584693548387096
0.582093548387097
0.579493548387096
0.578319354838709
0.579119354838709
0.579919354838709
0.58071935483871
0.58151935483871
0.582319354838709
0.58311935483871
0.5845
0.5868
0.5891
0.5914
0.5937
0.596
0.5983
0.601841935483871
0.607641935483871
0.613441935483871
0.61924193548387
0.625041935483871
0.630841935483871
0.636641935483871
0.641409677419355
0.644009677419355
0.646609677419354
0.649209677419355
0.651809677419355
0.654409677419354
0.657009677419354
0.659958064516128
0.663758064516129
0.667558064516128
0.671358064516129
0.675158064516129
0.678958064516129
0.682758064516128
0.685241935483871
0.683941935483871
0.682641935483871
0.681341935483871
0.680041935483871
0.678741935483871
0.677441935483871
0.676751612903225
0.678151612903226
0.679551612903225
0.680951612903226
0.682351612903225
0.683751612903225
0.685151612903225
0.686358064516129
0.686758064516128
0.687158064516129
0.687558064516129
0.687958064516129
0.688358064516129
0.688758064516129
0.688803225806451
0.687003225806452
0.685203225806451
0.683403225806452
0.681603225806452
0.679803225806452
0.678003225806452
0.676422580645161
0.676322580645161
0.676222580645161
0.676122580645161
0.676022580645161
0.675922580645161
0.675822580645161
0.67548064516129
0.672880645161291
0.67028064516129
0.66768064516129
0.665080645161291
0.66248064516129
0.659880645161289
0.657370967741936
0.656170967741935
0.654970967741935
0.653770967741935
0.652570967741935
0.651370967741935
0.650170967741935
0.648983870967741
0.648183870967741
0.647383870967742
0.646583870967742
0.645783870967742
0.644983870967742
0.644183870967741
