0.602835294117647
0.603435294117647
0.604035294117647
0.604635294117647
0.605235294117647
0.605835294117647
0.606435294117647
0.602858823529412
0.596358823529412
0.589858823529412
0.583358823529412
0.576858823529412
0.570358823529411
0.56544705882353
0.567947058823529
0.57044705882353
0.572947058823529
0.57544705882353
0.57794705882353
0.58044705882353
0.578741176470588
0.575741176470588
0.572741176470588
0.569741176470588
0.566741176470589
0.563741176470589
0.561976470588235
0.562476470588236
0.562976470588235
0.563476470588235
0.563976470588236
0.564476470588235
0.564976470588235
0.571123529411765
0.577623529411765
0.584123529411765
0.590623529411765
0.597123529411765
0.603623529411765
0.604935294117647
0.601635294117648
0.598335294117648
0.595035294117648
0.591735294117647
0.588435294117647
0.586076470588236
0.590776470588235
0.595476470588235
0.600176470588236
0.604876470588236
0.609576470588236
0.614276470588235
0.6158
0.616
0.6162
0.6164
0.6166
0.6168
0.618441176470588
0.623541176470588
0.628641176470588
0.633741176470588
0.638841176470588
0.643941176470588
0.649041176470588
0.654229411764705
0.659429411764706
0.664629411764706
0.669829411764706
0.675029411764706
0.680229411764706
0.684676470588236
0.688276470588235
0.691876470588236
0.695476470588235
0.699076470588235
0.702676470588236
0.706029411764706
0.705429411764706
0.704829411764706
0.704229411764707
0.703629411764706
0.703029411764707
0.702429411764706
0.701958823529413
0.701558823529412
0.701158823529413
0.700758823529412
0.700358823529412
0.699958823529412
0.699205882352941
0.697305882352942
0.695405882352941
0.693505882352941
0.691605882352941
0.689705882352942
0.687805882352941
0.687388235294118
0.687288235294118
0.687188235294118
0.687088235294118
0.686988235294118
0.686888235294118
0.689588235294118
0.696288235294118
0.702988235294117
0.709688235294118
0.716388235294118
0.723088235294118
0.729788235294118
0.728888235294118
0.727988235294118
0.727088235294118
0.726188235294118
0.725288235294117
0.724388235294118
0.728076470588235
0.734976470588236
0.741876470588236
0.748776470588235
0.755676470588236
0.762576470588235
0.768294117647059
0.768494117647059
0.768694117647059
0.768894117647059
0.769094117647059
0.769294117647059
0.769494117647059
0.76885294117647
0.76795294117647
0.767052941176471
0.766152941176471
0.765252941176471
0.764352941176471
0.765076470588235
0.768776470588236
0.772476470588236
0.776176470588236
0.779876470588236
0.783576470588235
0.787276470588235
0.789564705882354
0.791764705882353
0.793964705882353
0.796164705882354
0.798364705882354
0.800564705882353
0.799588235294118
0.795788235294117
0.791988235294118
0.788188235294118
0.784388235294118
0.780588235294117
0.777
0.775
0.773
0.771
0.769
0.767
0.765
0.766388235294117
0.769188235294117
0.771988235294118
0.774788235294118
0.777588235294117
0.780388235294118
0.782541176470588
0.783141176470588
0.783741176470588
0.784341176470588
0.784941176470588
0.785541176470589
0.786141176470588
0.784888235294118
0.783388235294118
0.781888235294118
0.780388235294118
0.778888235294118
0.777388235294118
0.778335294117647
0.782035294117647
0.785735294117647
0.789435294117647
0.793135294117647
0.796835294117648
0.800129411764706
0.796929411764706
0.793729411764706
0.790529411764707
0.787329411764707
0.784129411764706
0.780929411764706
0.781029411764706
0.782929411764706
0.784829411764706
0.786729411764705
0.788629411764705
0.790529411764706
0.791394117647058
0.788894117647059
0.786394117647058
0.783894117647059
0.781394117647059
0.778894117647059
0.776394117647059
0.778341176470588
0.781241176470588
0.784141176470589
0.787041176470589
0.789941176470588
0.792841176470588
0.794258823529412
0.793558823529413
0.792858823529411
0.792158823529411
0.791458823529412
0.790758823529412
0.790058823529412
0.793958823529412
0.797858823529412
0.801758823529412
0.805658823529412
0.809558823529412
0.813458823529412
0.816535294117647
0.819035294117647
0.821535294117647
0.824035294117647
0.826535294117648
0.829035294117647
0.83054705882353
0.82744705882353
0.82434705882353
0.82124705882353
0.81814705882353
0.81504705882353
0.811947058823529
0.813970588235294
0.817570588235294
0.821170588235294
0.824770588235294
0.828370588235295
0.831970588235294
0.832782352941177
0.828482352941176
0.824182352941177
0.819882352941177
0.815582352941177
0.811282352941177
0.806982352941177
0.808517647058824
0.810417647058824
0.812317647058824
0.814217647058824
0.816117647058824
0.818017647058824
0.818858823529412
0.818758823529412
0.818658823529412
0.818558823529413
0.818458823529412
0.818358823529412
0.818623529411765
0.821623529411765
0.824623529411765
0.827623529411765
0.830623529411765
0.833623529411766
0.836623529411765
0.836588235294118
0.835288235294119
0.833988235294118
0.832688235294118
0.831388235294118
0.830088235294118
0.829111764705882
0.828911764705882
0.828711764705882
0.828511764705883
0.828311764705882
0.828111764705882
0.827911764705882
0.825594117647058
0.822994117647059
0.820394117647059
0.817794117647058
0.815194117647058
0.812594117647059
0.810135294117647
0.807835294117647
0.805535294117647
0.803235294117647
0.800935294117647
0.798635294117647
0.796370588235294
0.794670588235294
0.792970588235294
0.791270588235294
0.789570588235294
0.787870588235295
0.786170588235294
0.788417647058824
0.792817647058824
0.797217647058824
0.801617647058824
0.806017647058824
0.810417647058823
0.814417647058824
0.817117647058824
0.819817647058824
0.822517647058824
0.825217647058824
0.827917647058824
0.830617647058824
0.824176470588235
0.815776470588236
0.807376470588236
0.798976470588236
0.790576470588236
0.782176470588236
0.779952941176471
0.78655294117647
0.793152941176471
0.799752941176471
0.806352941176471
0.812952941176471
0.819552941176471
0.81815294117647
0.816752941176471
0.815352941176471
0.813952941176471
0.812552941176471
0.811152941176471
0.80875294117647
0.805652941176471
0.80255294117647
0.79945294117647
0.796352941176471
0.79325294117647
0.790894117647059
0.791994117647059
0.793094117647059
0.794194117647059
0.795294117647059
0.796394117647058
0.797494117647059
0.798135294117647
0.798635294117647
0.799135294117648
0.799635294117647
0.800135294117647
0.800635294117647
0.798205882352942
0.790405882352941
0.782605882352941
0.774805882352941
0.767005882352942
0.759205882352941
0.751405882352941
0.751605882352941
0.752305882352941
0.753005882352941
0.753705882352941
0.754405882352942
0.755105882352942
0.756917647058823
0.759717647058824
0.762517647058824
0.765317647058824
0.768117647058824
0.770917647058824
0.773458823529412
0.774058823529412
0.774658823529412
0.775258823529412
0.775858823529412
0.776458823529412
0.777058823529412
0.776458823529412
0.775358823529412
0.774258823529412
0.773158823529412
0.772058823529412
0.770958823529411
0.77065294117647
0.772252941176471
0.77385294117647
0.77545294117647
0.777052941176471
0.778652941176471
0.780252941176471
0.778852941176471
0.777052941176471
0.775252941176471
0.773452941176471
0.771652941176471
0.769852941176471
0.767252941176471
0.763752941176471
0.76025294117647
0.756752941176471
0.753252941176471
0.749752941176471
0.74655294117647
0.74815294117647
0.749752941176471
0.751352941176471
0.752952941176471
0.754552941176471
0.756152941176471
0.756264705882353
0.755564705882353
0.754864705882353
0.754164705882353
0.753464705882353
0.752764705882353
0.751358823529411
0.747658823529412
0.743958823529412
0.740258823529412
0.736558823529412
0.732858823529412
0.729158823529412
0.724223529411765
0.719023529411765
0.713823529411765
0.708623529411766
0.703423529411765
0.698223529411765
0.692817647058824
0.687117647058824
0.681417647058824
0.675717647058824
0.670017647058824
0.664317647058824
