0.660133333333334
0.658833333333335
0.657533333333336
0.656233333333334
0.654933333333334
0.653633333333335
0.652333333333333
0.651033333333334
0.649733333333335
0.648433333333333
0.647133333333334
0.645833333333332
0.644533333333333
0.643233333333333
0.641933333333334
0.640633333333335
0.639333333333333
0.638033333333334
0.636733333333334
0.635433333333332
0.634133333333333
0.632833333333331
0.631533333333332
0.630233333333333
0.628933333333331
0.630433333333332
0.632733333333333
0.635033333333334
0.637333333333332
0.63963333333333
0.641933333333331
0.644233333333332
0.646533333333333
0.648833333333334
0.651133333333332
0.653433333333333
0.655733333333334
0.658033333333332
0.660333333333333
0.662633333333334
0.664933333333333
0.667233333333333
0.669533333333334
0.671833333333333
0.674133333333336
0.676433333333332
0.678733333333333
0.681033333333334
0.683333333333335
0.686800000000001
0.691200000000001
0.695600000000001
0.700000000000001
0.704400000000001
0.708800000000001
0.713200000000001
0.7176
0.722
0.7264
0.7308
0.7352
0.7396
0.744
0.7484
0.7528
0.7572
0.761599999999999
0.765999999999999
0.770400000000002
0.774799999999999
0.779199999999999
0.783599999999999
0.787999999999999
0.791866666666667
0.794666666666664
0.797466666666668
0.800266666666665
0.803066666666668
0.805866666666666
0.808666666666667
0.811466666666667
0.814266666666667
0.817066666666668
0.819866666666668
0.822666666666666
0.825466666666666
0.828266666666667
0.831066666666667
0.833866666666668
0.836666666666665
0.839466666666666
0.842266666666669
0.845066666666667
0.847866666666667
0.850666666666668
0.853466666666665
0.856266666666669
0.858144444444445
0.852644444444443
0.847144444444446
0.841644444444443
0.836144444444446
0.830644444444443
0.825144444444443
0.819644444444446
0.814144444444444
0.808644444444446
0.803144444444444
0.797644444444444
0.792144444444444
0.786644444444444
0.781144444444444
0.775644444444442
0.770144444444445
0.764644444444442
0.759144444444442
0.753644444444442
0.748144444444442
0.742644444444442
0.737144444444443
0.731644444444443
0.726144444444443
0.724555555555556
0.723455555555553
0.722355555555556
0.721255555555556
0.720155555555553
0.719055555555556
0.717955555555553
0.716855555555556
0.715755555555553
0.714655555555554
0.713555555555554
0.712455555555556
0.711355555555554
0.710255555555556
0.709155555555554
0.708055555555556
0.706955555555554
0.705855555555554
0.704755555555554
0.703655555555556
0.702555555555554
0.701455555555554
0.700355555555557
0.699255555555554
0.698555555555555
0.698055555555556
0.697555555555553
0.697055555555554
0.696555555555554
0.696055555555555
0.695555555555555
0.695055555555556
0.694555555555556
0.694055555555554
0.693555555555557
0.693055555555555
0.692555555555556
0.692055555555556
0.691555555555554
0.691055555555555
0.690555555555555
0.690055555555556
0.689555555555556
0.689055555555557
0.688555555555554
0.688055555555558
0.687555555555555
0.687055555555556
0.685400000000001
0.6823
0.679199999999999
0.676100000000001
0.673000000000001
0.6699
0.6668
0.663700000000002
0.660600000000001
0.6575
0.654400000000002
0.651300000000002
0.648200000000001
0.6451
0.642
0.638900000000002
0.635800000000001
0.6327
0.629599999999999
0.626500000000002
0.623400000000001
0.620300000000003
0.6172
0.614100000000002
0.611088888888889
0.60838888888889
0.60568888888889
0.602988888888888
0.600288888888889
0.597588888888889
0.59488888888889
0.59218888888889
0.589488888888891
0.586788888888891
0.584088888888889
0.581388888888887
0.57868888888889
0.575988888888888
0.573288888888889
0.570588888888889
0.56788888888889
0.56518888888889
0.562488888888888
0.559788888888891
0.557088888888889
0.55438888888889
0.55168888888889
0.548988888888888
0.546288888888889
0.541888888888889
0.537488888888889
0.533088888888889
0.528688888888889
0.524288888888889
0.519888888888889
0.515488888888889
0.511088888888889
0.50668888888889
0.502288888888887
0.49788888888889
0.49348888888889
0.489088888888887
0.48468888888889
0.48028888888889
0.47588888888889
0.471488888888888
0.46708888888889
0.462688888888888
0.458288888888888
0.453888888888888
0.449488888888891
0.445088888888888
0.440688888888888
0.441811111111111
0.44451111111111
0.447211111111113
0.449911111111109
0.452611111111111
0.455311111111111
0.45801111111111
0.460711111111113
0.463411111111112
0.466111111111111
0.468811111111111
0.47151111111111
0.47421111111111
0.476911111111112
0.479611111111109
0.482311111111111
0.48501111111111
0.48771111111111
0.490411111111112
0.493111111111109
0.495811111111111
0.49851111111111
0.50121111111111
0.503911111111109
0.507499999999999
0.511799999999998
0.5161
0.520400000000002
0.5247
0.528999999999999
0.533299999999998
0.5376
0.541899999999999
0.5462
0.550499999999999
0.554799999999998
0.5591
0.563400000000002
0.567700000000001
0.572
0.576300000000001
0.5806
0.584899999999999
0.589200000000001
0.593500000000002
0.597800000000001
0.6021
0.606400000000002
0.608933333333335
0.607933333333333
0.606933333333334
0.605933333333335
0.604933333333333
0.603933333333334
0.602933333333335
0.601933333333334
0.600933333333335
0.599933333333333
0.598933333333334
0.597933333333335
0.596933333333336
0.595933333333334
0.594933333333333
0.593933333333334
0.592933333333335
0.591933333333336
0.590933333333334
0.589933333333332
0.588933333333336
0.587933333333334
0.586933333333335
0.585933333333336
0.585166666666667
0.586266666666669
0.587366666666666
0.588466666666666
0.589566666666669
0.590666666666666
0.591766666666669
0.592866666666669
0.593966666666666
0.595066666666669
0.596166666666666
0.597266666666669
0.598366666666666
0.599466666666669
0.600566666666666
0.601666666666669
0.602766666666666
0.603866666666669
0.604966666666666
0.606066666666669
0.607166666666666
0.608266666666669
0.609366666666669
0.610466666666666
0.611566666666669
0.610533333333334
0.609233333333335
0.607933333333336
0.606633333333334
0.605333333333332
0.604033333333333
0.602733333333333
0.601433333333334
0.600133333333332
0.598833333333336
0.597533333333334
0.596233333333332
0.594933333333333
0.593633333333333
0.592333333333334
0.591033333333335
0.589733333333333
0.588433333333334
0.587133333333334
0.585833333333332
0.584533333333331
0.583233333333331
0.581933333333332
0.580633333333333
0.582866666666666
0.586866666666667
0.590866666666666
0.594866666666667
0.598866666666666
0.602866666666667
0.606866666666666
0.610866666666667
0.614866666666666
0.618866666666665
0.622866666666666
0.626866666666667
0.630866666666666
0.634866666666665
0.638866666666666
0.642866666666665
0.646866666666663
0.650866666666665
0.654866666666666
0.658866666666665
0.662866666666666
0.666866666666665
0.670866666666666
0.674866666666665
0.679355555555553
0.684455555555555
0.689555555555556
0.694655555555555
0.699755555555556
0.704855555555555
0.709955555555556
0.715055555555555
0.720155555555553
0.725255555555555
0.730355555555556
0.735455555555555
0.740555555555554
0.745655555555558
0.750755555555556
0.755855555555558
0.760955555555556
0.766055555555558
0.771155555555556
0.776255555555555
0.781355555555556
0.786455555555558
0.791555555555559
0.796655555555555
0.801488888888889
0.805388888888889
0.80928888888889
0.81318888888889
0.817088888888891
0.820988888888891
0.824888888888889
0.828788888888892
0.832688888888889
0.836588888888887
0.84048888888889
0.844388888888888
0.848288888888888
0.852188888888889
0.856088888888889
0.85998888888889
0.863888888888887
0.867788888888888
0.871688888888888
0.875588888888889
0.879488888888889
0.883388888888887
0.887288888888887
0.891188888888888
