0.54221836734694
0.54491836734694
0.547618367346939
0.550318367346939
0.553018367346939
0.555718367346938
0.55841836734694
0.561118367346939
0.563818367346939
0.56683469387755
0.572634693877551
0.578434693877551
0.584234693877551
0.590034693877551
0.595834693877552
0.601634693877551
0.607434693877551
0.613234693877551
0.619157142857144
0.625557142857143
0.631957142857143
0.638357142857144
0.644757142857143
0.651157142857143
0.657557142857144
0.663957142857143
0.670357142857143
0.675134693877551
0.676234693877552
0.677334693877552
0.678434693877552
0.679534693877552
0.680634693877552
0.681734693877552
0.682834693877551
0.683934693877552
0.683157142857143
0.679657142857143
0.676157142857143
0.672657142857143
0.669157142857143
0.665657142857143
0.662157142857143
0.658657142857143
0.655157142857143
0.655075510204082
0.658275510204082
0.661475510204082
0.664675510204083
0.667875510204082
0.671075510204081
0.674275510204082
0.677475510204082
0.680675510204082
0.683875510204082
0.687075510204082
0.690275510204082
0.693475510204081
0.696675510204082
0.699875510204083
0.703075510204083
0.706275510204082
0.709475510204082
0.712104081632654
0.714504081632654
0.716904081632654
0.719304081632653
0.721704081632654
0.724104081632654
0.726504081632654
0.728904081632653
0.731304081632653
0.732561224489797
0.733561224489797
0.734561224489797
0.735561224489796
0.736561224489797
0.737561224489797
0.738561224489796
0.739561224489797
0.740561224489797
0.74569387755102
0.75119387755102
0.75669387755102
0.76219387755102
0.76769387755102
0.77319387755102
0.778693877551021
0.784193877551021
0.789504081632653
0.785704081632653
0.781904081632653
0.778104081632654
0.774304081632654
0.770504081632654
0.766704081632653
0.762904081632655
0.759104081632654
0.755757142857143
0.755657142857143
0.755557142857144
0.755457142857143
0.755357142857143
0.755257142857143
0.755157142857143
0.755057142857143
0.754957142857143
0.755283673469388
0.757083673469388
0.758883673469388
0.760683673469387
0.762483673469388
0.764283673469388
0.766083673469387
0.767883673469388
0.769683673469387
0.769851020408164
0.766651020408164
0.763451020408165
0.760251020408163
0.757051020408163
0.753851020408163
0.750651020408164
0.747451020408164
0.744251020408164
0.741951020408164
0.740851020408164
0.739751020408164
0.738651020408164
0.737551020408163
0.736451020408164
0.735351020408164
0.734251020408164
0.733151020408164
0.734651020408164
0.738451020408164
0.742251020408164
0.746051020408164
0.749851020408164
0.753651020408164
0.757451020408164
0.761251020408164
0.765051020408164
0.767585714285715
0.769385714285715
0.771185714285715
0.772985714285716
0.774785714285714
0.776585714285715
0.778385714285715
0.780185714285716
0.781985714285716
0.785622448979592
0.789922448979593
0.794222448979592
0.798522448979592
0.802822448979593
0.807122448979593
0.811422448979592
0.815722448979592
0.820022448979593
0.820724489795919
0.820724489795919
0.820724489795919
0.820724489795919
0.820724489795919
0.820724489795919
0.820724489795919
0.820724489795919
0.820724489795919
0.822414285714286
0.824214285714286
0.826014285714287
0.827814285714286
0.829614285714286
0.831414285714287
0.833214285714286
0.835014285714287
0.836953061224491
0.842153061224491
0.847353061224491
0.852553061224491
0.85775306122449
0.86295306122449
0.868153061224491
0.873353061224491
0.87855306122449
0.883024489795919
0.883124489795919
0.883224489795919
0.883324489795919
0.88342448979592
0.883524489795919
0.883624489795919
0.883724489795918
0.883824489795919
0.884879591836735
0.888879591836735
0.892879591836735
0.896879591836735
0.900879591836735
0.904879591836735
0.908879591836735
0.912879591836735
0.916879591836736
0.917167346938776
0.910467346938777
0.903767346938777
0.897067346938775
0.890367346938776
0.883667346938776
0.876967346938776
0.870267346938776
0.863567346938776
0.859336734693878
0.858136734693878
0.856936734693878
0.855736734693878
0.854536734693878
0.853336734693877
0.852136734693878
0.850936734693878
0.849736734693878
0.84985918367347
0.851059183673471
0.85225918367347
0.853459183673469
0.85465918367347
0.855859183673469
0.857059183673471
0.85825918367347
0.85945918367347
0.860071428571428
0.860371428571428
0.860671428571429
0.860971428571428
0.861271428571429
0.861571428571428
0.861871428571428
0.862171428571429
0.862471428571429
0.861261224489795
0.859561224489796
0.857861224489796
0.856161224489796
0.854461224489797
0.852761224489797
0.851061224489796
0.849361224489797
0.847661224489797
0.847761224489797
0.848161224489797
0.848561224489796
0.848961224489797
0.849361224489796
0.849761224489797
0.850161224489796
0.850561224489795
0.850961224489796
0.849730612244898
0.848430612244898
0.847130612244899
0.845830612244898
0.844530612244899
0.843230612244898
0.8419306122449
0.840630612244899
0.839642857142858
0.843442857142858
0.847242857142857
0.851042857142858
0.854842857142858
0.858642857142857
0.862442857142858
0.866242857142858
0.870042857142858
0.873451020408164
0.874851020408165
0.876251020408164
0.877651020408164
0.879051020408164
0.880451020408163
0.881851020408164
0.883251020408164
0.884651020408165
0.885255102040817
0.883655102040817
0.882055102040817
0.880455102040817
0.878855102040817
0.877255102040816
0.875655102040816
0.874055102040817
0.872455102040817
0.870414285714287
0.867614285714286
0.864814285714286
0.862014285714286
0.859214285714285
0.856414285714287
0.853614285714286
0.850814285714286
0.848014285714286
0.849861224489797
0.856961224489797
0.864061224489796
0.871161224489796
0.878261224489797
0.885361224489797
0.892461224489796
0.899561224489797
0.906661224489796
0.909132653061226
0.908132653061225
0.907132653061225
0.906132653061226
0.905132653061225
0.904132653061226
0.903132653061225
0.902132653061226
0.901132653061225
0.895351020408164
0.887251020408164
0.879151020408165
0.871051020408164
0.862951020408164
0.854851020408164
0.846751020408164
0.838651020408164
0.830551020408165
0.823148979591837
0.815948979591838
0.808748979591837
0.801548979591838
0.794348979591837
0.787148979591838
0.779948979591838
0.772748979591838
0.765548979591837
0.770108163265307
0.776308163265307
0.782508163265307
0.788708163265307
0.794908163265306
0.801108163265307
0.807308163265307
0.813508163265306
0.819708163265306
0.821989795918368
0.824189795918368
0.826389795918368
0.828589795918368
0.830789795918367
0.832989795918369
0.835189795918368
0.837389795918368
0.839467346938776
0.840167346938776
0.840867346938777
0.841567346938776
0.842267346938776
0.842967346938776
0.843667346938776
0.844367346938777
0.845067346938776
0.845528571428572
0.844928571428573
0.844328571428573
0.843728571428572
0.843128571428572
0.842528571428572
0.841928571428572
0.841328571428572
0.840728571428571
0.839185714285715
0.835285714285715
0.831385714285715
0.827485714285715
0.823585714285715
0.819685714285714
0.815785714285715
0.811885714285715
0.807985714285715
0.80385306122449
0.79935306122449
0.794853061224491
0.790353061224491
0.785853061224491
0.781353061224491
0.776853061224491
0.772353061224491
0.767853061224491
0.764381632653062
0.761981632653062
0.759581632653062
0.757181632653061
0.754781632653062
0.752381632653062
0.749981632653062
0.747581632653062
0.745181632653061
0.744734693877551
0.745634693877551
0.746534693877552
0.747434693877551
0.748334693877551
0.749234693877551
0.750134693877551
0.751034693877551
0.751934693877551
0.752348979591837
0.752548979591837
0.752748979591837
0.752948979591837
0.753148979591837
0.753348979591837
0.753548979591837
0.753748979591837
0.753948979591837
0.753512244897959
0.75291224489796
0.752312244897959
0.751712244897959
0.751112244897959
0.75051224489796
0.74991224489796
0.749312244897959
0.74871224489796
0.744610204081633
0.740110204081634
0.735610204081634
0.731110204081634
0.726610204081634
0.722110204081633
0.717610204081633
0.713110204081633
