1.119036
1.113236
1.107436
1.101636
1.095836
1.090036
1.084236
1.078436
1.072636
1.066836
1.061036
1.055236
1.049436
1.043636
1.037836
1.032036
1.026236
1.020436
1.016988
1.015388
1.013788
1.012188
1.010588
1.008988
1.007388
1.005788
1.004188
1.002588
1.000988
0.999388000000003
0.997788000000002
0.996188000000002
0.994588000000002
0.992988000000001
0.991388000000003
0.988852000000001
0.979452000000001
0.970052000000001
0.960652000000002
0.951252000000002
0.941852000000002
0.932452000000001
0.923052000000001
0.913652000000001
0.904252000000002
0.894852000000002
0.885452000000002
0.876052000000001
0.866652000000001
0.857252000000001
0.847852000000002
0.838452000000002
0.829052
0.820400000000001
0.812100000000001
0.803800000000002
0.795500000000002
0.787200000000001
0.778900000000001
0.7706
0.7623
0.754000000000002
0.745700000000001
0.737400000000001
0.7291
0.7208
0.712500000000001
0.704200000000001
0.695900000000001
0.6876
0.679372
0.671372000000001
0.663371999999999
0.655372000000001
0.647371999999999
0.639372000000001
0.631372000000002
0.623372
0.615372
0.607372000000001
0.599372000000001
0.591372000000001
0.583372000000001
0.575372000000002
0.567372000000002
0.559372000000002
0.551372
0.543372000000003
0.529132000000001
0.513332000000001
0.497532000000002
0.481732000000002
0.465932000000002
0.450132000000003
0.434332000000001
0.418532000000001
0.402732000000002
0.386932000000002
0.371132
0.355332
0.339532000000001
0.323732000000001
0.307932000000001
0.292132000000002
0.276332000000002
0.264456000000003
0.259556000000003
0.254656000000003
0.249756000000003
0.244856000000001
0.239956000000001
0.235056000000001
0.230156000000001
0.225256000000001
0.220356000000001
0.215456000000001
0.210556000000001
0.205656000000001
0.200756000000001
0.195856000000001
0.190956000000002
0.186056000000002
0.181156000000002
0.192264
0.204764000000001
0.217264000000001
0.229764000000001
0.242264000000001
0.254764000000001
0.267264000000001
0.279764000000001
0.292264000000001
0.304764000000001
0.317264000000001
0.329764000000002
0.342264
0.354764000000002
0.367264
0.379764
0.392264
0.398379999999999
0.39758
0.396780000000001
0.395980000000002
0.395180000000001
0.394380000000001
0.39358
0.392780000000001
0.391980000000002
0.391180000000003
0.390380000000001
0.389580000000002
0.388780000000001
0.387980000000002
0.387180000000003
0.386380000000002
0.385580000000002
0.384832000000003
0.385332000000001
0.385832000000002
0.386332
0.386832000000003
0.387332000000001
0.387832000000002
0.388332000000002
0.388832000000001
0.389332000000001
0.389832
0.390332
0.390832000000001
0.391332000000001
0.391832000000002
0.392332
0.392832000000003
0.393332000000001
0.396592000000001
0.401692000000003
0.406792
0.411892
0.416992000000002
0.422092
0.427192000000001
0.432292000000001
0.437392000000001
0.442492000000002
0.447592
0.452692000000002
0.457792000000002
0.462892000000002
0.467992000000001
0.473092000000001
0.478192000000001
0.482460000000001
0.482360000000002
0.482260000000001
0.48216
0.482060000000001
0.48196
0.481860000000001
0.48176
0.481660000000001
0.48156
0.48146
0.481360000000001
0.481260000000002
0.481160000000001
0.48106
0.480960000000001
0.48086
0.480760000000001
0.479508000000001
0.477808000000002
0.476108
0.474408000000001
0.472708000000002
0.471008000000001
0.469308000000001
0.467608000000002
0.465908000000001
0.464208
0.462508
0.460808000000001
0.459108000000002
0.457408000000001
0.455708000000001
0.454008000000002
0.452308000000001
0.450272
0.447372
0.444472000000001
0.441572000000002
0.438672000000002
0.435772000000001
0.432872000000001
0.429972000000001
0.427072000000001
0.424172000000001
0.421272000000001
0.418372000000001
0.415472000000001
0.412572000000001
0.409672000000001
0.406772000000001
0.403872000000003
0.400972000000001
0.394124000000001
0.386524000000003
0.378924000000001
0.371324000000001
0.363724000000003
0.356124000000002
0.348524
0.340924000000002
0.333324000000002
0.325724000000002
0.318124000000002
0.310524000000001
0.302924000000001
0.295324000000001
0.287724000000001
0.280124000000003
0.272524000000001
0.268964
0.271464000000001
0.273964000000001
0.276464000000002
0.278964000000002
0.281464
0.283964000000001
0.286464000000001
0.288964
0.291464000000002
0.293964000000001
0.296464000000001
0.298964000000001
0.301464
0.303964
0.306464000000001
0.308964000000001
0.311464
0.315788
0.320188000000001
0.324588000000001
0.328988000000002
0.333388000000001
0.337788000000001
0.342188
0.346588
0.350988000000001
0.355388000000001
0.359788
0.364188000000002
0.368588000000001
0.372988000000001
0.377388000000002
0.381788000000002
0.386188000000001
0.388612
0.389212000000001
0.389812000000001
0.390412000000002
0.391012000000002
0.391612000000001
0.392212
0.392812000000002
0.393412000000001
0.394012000000001
0.394612000000002
0.395211999999999
0.395812000000001
0.396412000000002
0.397012000000001
0.397612000000001
0.398212000000002
0.398924
0.400924000000002
0.402924
0.404924
0.406924
0.408924
0.410924
0.412924000000002
0.414924
0.416924
0.418924
0.420924
0.422924
0.424924000000001
0.426923999999999
0.428923999999999
0.430923999999999
0.432924000000001
0.436972
0.442172000000001
0.447372000000001
0.452572
0.457772000000001
0.462972000000001
0.468172
0.473372000000001
0.478572000000001
0.483772
0.488972000000003
0.494172000000001
0.499372
0.504572000000001
0.509772000000001
0.514972000000002
0.520172000000002
0.525412000000003
0.530812000000002
0.536212000000002
0.541612
0.547012000000003
0.552412000000001
0.557812000000002
0.563212000000002
0.568612000000002
0.574012000000001
0.579412000000003
0.584812000000002
0.590212
0.595612000000001
0.601012000000003
0.606412000000002
0.611812000000002
0.617212
0.620104000000001
0.622204
0.624304000000001
0.626404
0.628504000000003
0.630604000000001
0.632704
0.634804000000001
0.636904000000002
0.639004000000001
0.641104000000002
0.643204000000002
0.645304000000001
0.647404000000002
0.649504000000001
0.651604000000002
0.653704000000001
0.656860000000001
0.662260000000001
0.66766
0.67306
0.678460000000001
0.683860000000001
0.689260000000001
0.694660000000002
0.70006
0.705460000000001
0.710860000000001
0.716260000000001
0.72166
0.72706
0.732460000000001
0.737860000000001
0.74326
0.748660000000002
0.752651999999999
0.756452000000001
0.760252000000001
0.764052000000001
0.767852000000001
0.771652000000001
0.775451999999999
0.779252000000001
0.783052000000001
0.786852000000001
0.790652
0.794452000000002
0.798252000000002
0.802052000000002
0.805852000000002
0.809652000000002
0.813452
0.816328000000002
0.818028000000002
0.819728000000001
0.821428
0.823128000000001
0.824828000000003
0.826528000000002
0.828228000000001
0.829928
0.831628000000002
0.833328000000001
0.835028000000002
0.836728000000001
0.838428000000001
0.840128000000002
0.841828000000001
0.843528000000002
