0.663936666666665
0.665536666666663
0.667136666666665
0.668736666666667
0.670336666666665
0.671936666666663
0.673536666666665
0.675136666666663
0.676736666666665
0.678336666666667
0.679936666666665
0.681536666666663
0.683136666666665
0.684736666666667
0.686336666666665
0.687936666666664
0.689536666666668
0.691136666666667
0.692736666666665
0.694336666666664
0.695936666666668
0.697536666666667
0.699136666666665
0.700736666666664
0.702336666666665
0.703936666666667
0.705536666666665
0.707136666666664
0.708736666666669
0.710336666666667
0.710630000000001
0.710830000000001
0.711029999999997
0.71123
0.71143
0.71163
0.71183
0.712029999999999
0.712229999999999
0.712429999999999
0.712629999999999
0.712829999999999
0.713030000000001
0.713229999999998
0.713430000000001
0.713629999999998
0.713830000000001
0.714029999999997
0.71423
0.71443
0.71463
0.71483
0.715029999999999
0.715229999999999
0.715429999999999
0.715629999999999
0.715829999999999
0.716029999999999
0.716229999999998
0.718423333333332
0.720923333333334
0.723423333333333
0.725923333333332
0.728423333333335
0.730923333333331
0.733423333333333
0.735923333333332
0.738423333333334
0.740923333333333
0.743423333333333
0.745923333333335
0.748423333333331
0.750923333333333
0.753423333333336
0.755923333333331
0.758423333333334
0.760923333333333
0.763423333333332
0.765923333333334
0.768423333333333
0.770923333333333
0.773423333333335
0.775923333333331
0.778423333333333
0.780923333333336
0.783423333333331
0.785923333333334
0.788423333333333
0.789563333333333
0.790363333333332
0.791163333333334
0.791963333333334
0.792763333333333
0.793563333333332
0.794363333333331
0.795163333333334
0.795963333333333
0.796763333333335
0.797563333333334
0.798363333333334
0.799163333333333
0.799963333333332
0.800763333333331
0.80156333333333
0.802363333333333
0.803163333333332
0.803963333333331
0.804763333333334
0.805563333333333
0.806363333333332
0.807163333333331
0.80796333333333
0.808763333333333
0.809563333333332
0.810363333333331
0.81116333333333
0.81196333333333
0.810709999999996
0.808709999999995
0.806709999999997
0.804709999999999
0.802709999999998
0.800709999999997
0.798709999999999
0.796709999999997
0.794709999999999
0.792709999999998
0.790709999999997
0.788709999999996
0.786709999999998
0.78471
0.782709999999998
0.780709999999997
0.778709999999999
0.776709999999998
0.774709999999997
0.772709999999999
0.770709999999998
0.768709999999996
0.766709999999998
0.764709999999997
0.762709999999999
0.760709999999998
0.75871
0.756709999999999
0.754709999999997
0.755109999999997
0.756709999999999
0.758309999999997
0.759909999999999
0.76151
0.763109999999995
0.764709999999997
0.766309999999999
0.767909999999997
0.769509999999999
0.77111
0.772709999999999
0.774309999999997
0.775909999999999
0.77751
0.779109999999999
0.780709999999997
0.782309999999999
0.78391
0.785509999999999
0.787110000000001
0.788709999999999
0.790310000000001
0.791909999999999
0.793509999999997
0.795109999999999
0.796710000000001
0.798309999999999
0.799910000000001
0.800849999999997
0.801349999999999
0.80185
0.802350000000001
0.802849999999999
0.80335
0.803850000000001
0.804349999999999
0.80485
0.805349999999998
0.805849999999999
0.80635
0.806849999999998
0.807349999999999
0.807849999999997
0.808350000000001
0.808849999999999
0.809349999999997
0.809849999999998
0.810349999999999
0.810849999999997
0.811349999999998
0.811849999999996
0.812349999999997
0.812849999999998
0.813349999999996
0.813849999999997
0.814349999999998
0.81485
0.815243333333332
0.815543333333333
0.815843333333331
0.816143333333332
0.816443333333334
0.816743333333332
0.817043333333333
0.817343333333331
0.817643333333332
0.81794333333333
0.818243333333332
0.81854333333333
0.818843333333331
0.819143333333333
0.819443333333334
0.819743333333332
0.820043333333333
0.820343333333331
0.820643333333333
0.820943333333334
0.821243333333332
0.821543333333333
0.821843333333331
0.822143333333333
0.822443333333331
0.822743333333332
0.823043333333333
0.823343333333332
0.823643333333333
0.822776666666667
0.820576666666666
0.818376666666668
0.816176666666667
0.813976666666666
0.811776666666668
0.809576666666667
0.807376666666666
0.805176666666669
0.802976666666667
0.800776666666666
0.798576666666665
0.796376666666668
0.79417666666667
0.791976666666669
0.789776666666668
0.787576666666667
0.785376666666666
0.783176666666668
0.780976666666667
0.778776666666666
0.776576666666668
0.774376666666667
0.772176666666666
0.769976666666668
0.76777666666667
0.765576666666666
0.763376666666665
0.761176666666667
0.759176666666666
0.757476666666669
0.755776666666669
0.754076666666666
0.752376666666666
0.75067666666667
0.748976666666667
0.747276666666667
0.745576666666667
0.743876666666667
0.742176666666667
0.740476666666667
0.738776666666667
0.737076666666667
0.735376666666667
0.733676666666667
0.731976666666664
0.730276666666667
0.728576666666664
0.726876666666668
0.725176666666668
0.723476666666668
0.721776666666665
0.720076666666668
0.718376666666668
0.716676666666668
0.714976666666665
0.713276666666665
0.711576666666668
0.709343333333332
0.706043333333334
0.702743333333332
0.699443333333334
0.696143333333333
0.692843333333334
0.689543333333333
0.686243333333331
0.682943333333333
0.679643333333335
0.676343333333333
0.673043333333332
0.669743333333333
0.666443333333335
0.663143333333333
0.659843333333332
0.656543333333333
0.653243333333335
0.649943333333334
0.646643333333332
0.643343333333334
0.640043333333335
0.636743333333334
0.633443333333336
0.630143333333331
0.626843333333333
0.623543333333334
0.620243333333333
0.616943333333334
0.613936666666666
0.611736666666665
0.609536666666668
0.607336666666667
0.605136666666669
0.602936666666668
0.600736666666667
0.598536666666666
0.596336666666665
0.594136666666667
0.591936666666666
0.589736666666665
0.587536666666667
0.585336666666666
0.583136666666665
0.580936666666664
0.578736666666666
0.576536666666665
0.574336666666664
0.572136666666666
0.569936666666665
0.567736666666664
0.565536666666663
0.563336666666665
0.561136666666668
0.558936666666667
0.556736666666665
0.554536666666664
0.552336666666667
0.550316666666663
0.549016666666665
0.547716666666665
0.546416666666665
0.545116666666664
0.543816666666664
0.542516666666664
0.541216666666667
0.539916666666666
0.538616666666663
0.537316666666666
0.536016666666665
0.534716666666662
0.533416666666665
0.532116666666665
0.530816666666664
0.529516666666667
0.528216666666664
0.526916666666666
0.525616666666663
0.524316666666666
0.523016666666666
0.521716666666665
0.520416666666665
0.519116666666665
0.517816666666664
0.516516666666664
0.515216666666667
0.513916666666667
0.512803333333331
0.512903333333332
0.513003333333334
0.513103333333332
0.51320333333333
0.513303333333332
0.51340333333333
0.513503333333332
0.513603333333333
0.513703333333332
0.513803333333333
0.513903333333334
0.514003333333333
0.514103333333331
0.514203333333329
0.514303333333331
0.514403333333332
0.514503333333331
0.514603333333332
0.514703333333331
0.514803333333332
0.51490333333333
0.515003333333332
0.515103333333333
0.515203333333332
0.515303333333333
0.515403333333331
0.515503333333333
0.515603333333335
0.515596666666667
0.514096666666664
0.512596666666667
0.511096666666667
0.509596666666666
0.508096666666663
0.506596666666666
0.505096666666666
0.503596666666666
0.502096666666666
0.500596666666666
0.499096666666666
0.497596666666665
0.496096666666665
0.494596666666665
0.493096666666665
0.491596666666665
0.490096666666665
0.488596666666665
0.487096666666665
0.485596666666665
0.484096666666668
0.482596666666668
0.481096666666667
0.479596666666664
0.478096666666667
0.476596666666667
0.475096666666664
0.473596666666667
