0.745304545454548
0.741804545454545
0.738304545454547
0.734804545454548
0.731304545454547
0.727804545454546
0.724304545454547
0.720804545454547
0.717304545454546
0.713804545454547
0.710304545454544
0.706804545454545
0.703304545454546
0.699804545454546
0.696304545454545
0.692804545454546
0.689304545454547
0.685804545454544
0.682304545454545
0.678804545454544
0.67535909090909
0.672159090909091
0.668959090909091
0.665759090909092
0.66255909090909
0.659359090909091
0.656159090909091
0.652959090909092
0.649759090909093
0.646559090909091
0.643359090909089
0.64015909090909
0.63695909090909
0.633759090909091
0.630559090909091
0.627359090909092
0.624159090909093
0.620959090909091
0.617759090909092
0.614559090909092
0.612740909090908
0.613340909090908
0.613940909090909
0.61454090909091
0.615140909090908
0.615740909090909
0.61634090909091
0.616940909090908
0.617540909090907
0.61814090909091
0.618740909090908
0.619340909090909
0.619940909090907
0.620540909090908
0.621140909090909
0.62174090909091
0.622340909090908
0.622940909090909
0.623540909090907
0.624140909090906
0.625668181818181
0.627968181818181
0.63026818181818
0.632568181818182
0.634868181818181
0.637168181818181
0.639468181818182
0.641768181818182
0.644068181818181
0.646368181818181
0.64866818181818
0.650968181818182
0.653268181818181
0.655568181818181
0.657868181818182
0.660168181818184
0.662468181818181
0.664768181818183
0.667068181818183
0.669368181818182
0.667740909090908
0.66464090909091
0.661540909090909
0.658440909090909
0.65534090909091
0.65224090909091
0.64914090909091
0.646040909090911
0.642940909090909
0.639840909090911
0.63674090909091
0.63364090909091
0.630540909090909
0.627440909090909
0.624340909090911
0.62124090909091
0.61814090909091
0.615040909090911
0.611940909090909
0.608840909090908
0.608195454545453
0.607795454545455
0.607395454545455
0.606995454545454
0.606595454545456
0.606195454545455
0.605795454545455
0.605395454545457
0.604995454545456
0.604595454545455
0.604195454545455
0.603795454545455
0.603395454545454
0.602995454545454
0.602595454545453
0.602195454545455
0.601795454545452
0.601395454545454
0.600995454545453
0.600749999999999
0.602049999999999
0.60335
0.604649999999998
0.60595
0.607250000000001
0.608549999999999
0.60985
0.61115
0.612449999999998
0.613750000000001
0.615049999999999
0.61635
0.61765
0.618950000000001
0.620250000000001
0.621549999999999
0.622850000000002
0.62415
0.625450000000001
0.62664090909091
0.62754090909091
0.62844090909091
0.62934090909091
0.63024090909091
0.63114090909091
0.632040909090908
0.63294090909091
0.633840909090908
0.63474090909091
0.635640909090908
0.63654090909091
0.637440909090908
0.638340909090908
0.639240909090908
0.64014090909091
0.641040909090907
0.64194090909091
0.642840909090908
0.643740909090908
0.644777272727271
0.645977272727272
0.647177272727272
0.648377272727271
0.649577272727272
0.650777272727272
0.651977272727273
0.653177272727272
0.654377272727272
0.655577272727273
0.656777272727272
0.657977272727271
0.659177272727273
0.660377272727272
0.661577272727271
0.662777272727273
0.663977272727274
0.665177272727271
0.666377272727273
0.667577272727274
0.667440909090908
0.666540909090911
0.665640909090911
0.664740909090909
0.663840909090911
0.662940909090909
0.662040909090909
0.661140909090911
0.660240909090909
0.659340909090911
0.658440909090909
0.657540909090911
0.656640909090909
0.655740909090909
0.654840909090909
0.653940909090911
0.653040909090911
0.652140909090909
0.651240909090909
0.650340909090911
0.650586363636364
0.651086363636365
0.651586363636365
0.652086363636364
0.652586363636364
0.653086363636363
0.653586363636363
0.654086363636365
0.654586363636364
0.655086363636364
0.655586363636365
0.656086363636363
0.656586363636364
0.657086363636364
0.657586363636363
0.658086363636365
0.658586363636362
0.659086363636364
0.659586363636363
0.660086363636363
0.656586363636362
0.653086363636363
0.649586363636362
0.646086363636364
0.642586363636363
0.639086363636362
0.635586363636363
0.632086363636364
0.628586363636364
0.625086363636363
0.621586363636364
0.618086363636363
0.614586363636362
0.611086363636363
0.607586363636365
0.604086363636364
0.600586363636363
0.597086363636364
0.593586363636363
0.590595454545454
0.589895454545454
0.589195454545455
0.588495454545455
0.587795454545453
0.587095454545453
0.586395454545453
0.585695454545454
0.584995454545454
0.584295454545454
0.583595454545454
0.582895454545455
0.582195454545455
0.581495454545455
0.580795454545455
0.580095454545456
0.579395454545454
0.578695454545454
0.577995454545454
0.577295454545455
0.57655909090909
0.575759090909092
0.574959090909091
0.574159090909092
0.573359090909089
0.57255909090909
0.571759090909091
0.57095909090909
0.570159090909089
0.569359090909091
0.568559090909092
0.567759090909091
0.56695909090909
0.566159090909091
0.56535909090909
0.564559090909091
0.56375909090909
0.562959090909089
0.562159090909091
0.56135909090909
0.561868181818181
0.563468181818179
0.565068181818181
0.566668181818181
0.56826818181818
0.569868181818182
0.57146818181818
0.573068181818182
0.574668181818181
0.576268181818181
0.577868181818181
0.579468181818181
0.58106818181818
0.582668181818182
0.584268181818182
0.585868181818184
0.587468181818181
0.589068181818181
0.590668181818181
0.592268181818183
0.592849999999999
0.593050000000002
0.593250000000002
0.59345
0.59365
0.59385
0.594049999999998
0.594250000000001
0.594449999999999
0.594650000000001
0.594849999999999
0.59505
0.59525
0.59545
0.59565
0.595849999999998
0.596050000000001
0.596250000000001
0.596449999999999
0.596650000000001
0.598940909090909
0.601440909090911
0.603940909090908
0.606440909090908
0.60894090909091
0.611440909090909
0.613940909090909
0.616440909090909
0.618940909090911
0.62144090909091
0.62394090909091
0.62644090909091
0.628940909090909
0.631440909090909
0.633940909090909
0.636440909090909
0.638940909090911
0.64144090909091
0.64394090909091
0.646286363636364
0.647086363636363
0.647886363636364
0.648686363636365
0.649486363636366
0.650286363636364
0.651086363636363
0.651886363636364
0.652686363636363
0.653486363636364
0.654286363636363
0.655086363636364
0.655886363636364
0.656686363636363
0.657486363636364
0.658286363636363
0.659086363636364
0.659886363636363
0.660686363636364
0.661486363636362
0.661522727272727
0.659522727272727
0.657522727272726
0.655522727272728
0.653522727272726
0.651522727272728
0.649522727272726
0.647522727272728
0.645522727272725
0.643522727272727
0.641522727272727
0.639522727272727
0.637522727272727
0.635522727272726
0.633522727272726
0.631522727272726
0.629522727272726
0.627522727272726
0.625522727272725
0.623522727272727
0.623159090909089
0.624759090909091
0.626359090909091
0.627959090909091
0.629559090909088
0.63115909090909
0.632759090909092
0.634359090909089
0.635959090909091
0.637559090909089
0.639159090909091
0.640759090909091
0.64235909090909
0.643959090909092
0.64555909090909
0.647159090909092
0.648759090909091
0.650359090909091
0.651959090909091
0.65355909090909
0.65445909090909
0.65495909090909
0.655459090909092
0.655959090909091
0.656459090909091
0.65695909090909
0.65745909090909
0.657959090909091
0.658459090909091
0.65895909090909
0.65945909090909
0.659959090909089
0.660459090909091
0.660959090909091
0.66145909090909
0.66195909090909
0.662459090909089
0.662959090909089
0.663459090909088
0.66395909090909
0.664295454545454
0.664595454545453
0.664895454545454
0.665195454545453
0.665495454545455
0.665795454545454
0.666095454545453
0.666395454545453
0.666695454545454
0.666995454545456
0.667295454545455
0.667595454545454
0.667895454545454
0.668195454545455
0.668495454545454
0.668795454545456
0.669095454545455
0.669395454545454
0.669695454545453
