0.566041935483872
0.562541935483872
0.559041935483872
0.555541935483871
0.552041935483872
0.548541935483872
0.545041935483873
0.541541935483873
0.538041935483872
0.534541935483872
0.531041935483872
0.527541935483871
0.524041935483871
0.520541935483872
0.517041935483871
0.515693548387098
0.514493548387098
0.513293548387099
0.512093548387097
0.510893548387098
0.509693548387098
0.508493548387098
0.507293548387098
0.506093548387097
0.504893548387097
0.503693548387097
0.502493548387098
0.501293548387098
0.500093548387098
0.501593548387098
0.503493548387097
0.505393548387097
0.507293548387098
0.509193548387098
0.511093548387097
0.512993548387097
0.514893548387098
0.516793548387097
0.518693548387098
0.520593548387099
0.522493548387098
0.524393548387097
0.526293548387098
0.528032258064518
0.529732258064517
0.531432258064517
0.533132258064517
0.534832258064517
0.536532258064517
0.538232258064515
0.539932258064517
0.541632258064517
0.543332258064517
0.545032258064517
0.546732258064517
0.548432258064517
0.550132258064517
0.550051612903226
0.549351612903227
0.548651612903226
0.547951612903226
0.547251612903227
0.546551612903227
0.545851612903226
0.545151612903227
0.544451612903226
0.543751612903226
0.543051612903227
0.542351612903226
0.541651612903226
0.540951612903227
0.541470967741936
0.542570967741937
0.543670967741935
0.544770967741936
0.545870967741937
0.546970967741936
0.548070967741936
0.549170967741937
0.550270967741938
0.551370967741937
0.552470967741936
0.553570967741937
0.554670967741935
0.555770967741938
0.55901612903226
0.56361612903226
0.568216129032259
0.572816129032259
0.577416129032259
0.582016129032259
0.58661612903226
0.591216129032258
0.59581612903226
0.600416129032258
0.605016129032259
0.609616129032259
0.614216129032259
0.618816129032258
0.622374193548389
0.625074193548386
0.627774193548388
0.630474193548387
0.633174193548388
0.635874193548388
0.638574193548387
0.641274193548386
0.643974193548387
0.646674193548388
0.649374193548388
0.652074193548389
0.654774193548388
0.657474193548388
0.658916129032258
0.659016129032258
0.659116129032259
0.659216129032259
0.659316129032259
0.65941612903226
0.659516129032259
0.659616129032257
0.659716129032258
0.659816129032258
0.659916129032258
0.660016129032259
0.660116129032259
0.660216129032258
0.659729032258066
0.658429032258066
0.657129032258066
0.655829032258064
0.654529032258066
0.653229032258064
0.651929032258065
0.650629032258065
0.649329032258065
0.648029032258065
0.646729032258065
0.645429032258065
0.644129032258066
0.642829032258066
0.641422580645162
0.639822580645162
0.638222580645162
0.636622580645161
0.635022580645161
0.633422580645162
0.631822580645162
0.630222580645162
0.628622580645163
0.627022580645162
0.625422580645162
0.623822580645161
0.622222580645161
0.620622580645162
0.620212903225807
0.622712903225807
0.625212903225808
0.627712903225808
0.630212903225808
0.632712903225808
0.635212903225807
0.637712903225807
0.640212903225807
0.642712903225807
0.645212903225807
0.647712903225808
0.650212903225808
0.652712903225806
0.654648387096775
0.654648387096775
0.654648387096775
0.654648387096775
0.654648387096775
0.654648387096775
0.654648387096775
0.654648387096775
0.654648387096775
0.654648387096775
0.654648387096775
0.654648387096775
0.654648387096775
0.654648387096775
0.653454838709678
0.646054838709678
0.63865483870968
0.631254838709679
0.623854838709678
0.616454838709678
0.609054838709677
0.601654838709678
0.594254838709679
0.586854838709678
0.579454838709679
0.572054838709678
0.564654838709677
0.557254838709678
0.550280645161289
0.547280645161291
0.54428064516129
0.54128064516129
0.53828064516129
0.53528064516129
0.53228064516129
0.52928064516129
0.526280645161291
0.52328064516129
0.520280645161291
0.517280645161291
0.514280645161291
0.511280645161289
0.508683870967741
0.518183870967743
0.527683870967742
0.537183870967741
0.546683870967742
0.556183870967743
0.565683870967743
0.575183870967742
0.584683870967742
0.594183870967742
0.603683870967743
0.613183870967742
0.622683870967743
0.632183870967742
0.641683870967744
0.63821612903226
0.634316129032258
0.630416129032259
0.626516129032259
0.622616129032258
0.61871612903226
0.614816129032258
0.610916129032259
0.607016129032259
0.603116129032258
0.599216129032258
0.595316129032259
0.591416129032259
0.587516129032259
0.587861290322581
0.588661290322581
0.589461290322581
0.590261290322582
0.591061290322582
0.59186129032258
0.592661290322582
0.593461290322583
0.594261290322581
0.595061290322583
0.595861290322582
0.596661290322582
0.597461290322582
0.598261290322582
0.596461290322582
0.594161290322582
0.591861290322583
0.589561290322581
0.587261290322582
0.584961290322583
0.582661290322581
0.580361290322582
0.578061290322582
0.575761290322582
0.573461290322583
0.571161290322582
0.568861290322583
0.566561290322582
0.562325806451614
0.557525806451614
0.552725806451615
0.547925806451616
0.543125806451615
0.538325806451615
0.533525806451614
0.528725806451614
0.523925806451615
0.519125806451614
0.514325806451614
0.509525806451615
0.504725806451614
0.499925806451614
0.497112903225809
0.495112903225808
0.493112903225808
0.491112903225807
0.489112903225808
0.487112903225808
0.485112903225807
0.483112903225807
0.481112903225808
0.479112903225807
0.477112903225807
0.475112903225808
0.473112903225808
0.471112903225807
0.472145161290324
0.474845161290324
0.477545161290325
0.480245161290324
0.482945161290323
0.485645161290323
0.488345161290324
0.491045161290323
0.493745161290324
0.496445161290323
0.499145161290323
0.501845161290322
0.504545161290323
0.507245161290322
0.511745161290323
0.517545161290322
0.523345161290323
0.529145161290323
0.534945161290322
0.540745161290323
0.546545161290323
0.552345161290323
0.558145161290322
0.563945161290323
0.569745161290323
0.575545161290324
0.581345161290323
0.587145161290323
0.593254838709678
0.599654838709678
0.606054838709678
0.612454838709679
0.618854838709679
0.625254838709677
0.631654838709679
0.638054838709678
0.644454838709679
0.650854838709678
0.657254838709678
0.663654838709678
0.670054838709679
0.676454838709679
0.680461290322582
0.681561290322581
0.682661290322581
0.683761290322583
0.684861290322583
0.685961290322582
0.687061290322581
0.688161290322582
0.689261290322583
0.690361290322583
0.691461290322582
0.692561290322583
0.693661290322582
0.694761290322582
0.694080645161292
0.690580645161291
0.687080645161292
0.68358064516129
0.680080645161291
0.676580645161291
0.673080645161292
0.669580645161292
0.666080645161291
0.662580645161291
0.659080645161291
0.655580645161292
0.65208064516129
0.648580645161291
0.647241935483872
0.650441935483871
0.653641935483872
0.656841935483871
0.660041935483871
0.663241935483872
0.666441935483871
0.669641935483872
0.672841935483871
0.676041935483872
0.679241935483871
0.682441935483871
0.685641935483872
0.688841935483871
0.692041935483872
0.695241935483871
0.698441935483872
0.701641935483871
0.704841935483872
0.708041935483871
0.711241935483872
0.714441935483871
0.717641935483872
0.720841935483872
0.724041935483873
0.727241935483872
0.730441935483873
0.733641935483874
0.736687096774195
0.739087096774194
0.741487096774195
0.743887096774195
0.746287096774194
0.748687096774195
0.751087096774195
0.753487096774194
0.755887096774196
0.758287096774195
0.760687096774194
0.763087096774196
0.765487096774193
0.767887096774194
0.770106451612904
0.771106451612903
0.772106451612905
0.773106451612906
0.774106451612905
0.775106451612904
0.776106451612904
0.777106451612905
0.778106451612905
0.779106451612904
0.780106451612903
0.781106451612904
0.782106451612903
0.783106451612904
0.784396774193549
0.789896774193549
0.795396774193549
0.80089677419355
0.806396774193549
0.811896774193549
0.817396774193549
0.82289677419355
0.828396774193549
0.833896774193549
0.839396774193549
0.844896774193549
0.850396774193549
0.855896774193549
