0.582671428571429
0.586271428571429
0.589871428571428
0.593471428571429
0.597071428571429
0.600671428571428
0.604271428571429
0.607871428571429
0.61147142857143
0.615071428571429
0.618671428571429
0.62227142857143
0.625871428571429
0.629471428571431
0.63307142857143
0.63667142857143
0.638214285714287
0.637014285714287
0.635814285714287
0.634614285714288
0.633414285714286
0.632214285714286
0.631014285714286
0.629814285714287
0.628614285714287
0.627414285714287
0.626214285714287
0.625014285714287
0.623814285714288
0.622614285714288
0.621414285714288
0.620214285714286
0.617128571428573
0.613728571428572
0.610328571428574
0.606928571428573
0.603528571428573
0.600128571428572
0.596728571428571
0.593328571428572
0.589928571428572
0.586528571428573
0.583128571428572
0.579728571428573
0.576328571428572
0.572928571428572
0.569528571428571
0.567128571428571
0.567228571428571
0.567328571428572
0.567428571428572
0.567528571428571
0.567628571428572
0.567728571428572
0.567828571428573
0.567928571428574
0.568028571428573
0.568128571428573
0.568228571428572
0.568328571428574
0.568428571428573
0.568528571428574
0.568628571428574
0.563942857142859
0.557342857142859
0.550742857142858
0.544142857142859
0.537542857142858
0.530942857142859
0.524342857142859
0.517742857142858
0.511142857142857
0.50454285714286
0.497942857142859
0.491342857142858
0.484742857142858
0.478142857142859
0.471542857142858
0.465985714285714
0.466685714285717
0.467385714285716
0.468085714285716
0.468785714285715
0.469485714285716
0.470185714285717
0.470885714285716
0.471585714285714
0.472285714285715
0.472985714285716
0.473685714285715
0.474385714285716
0.475085714285716
0.475785714285715
0.476485714285716
0.478671428571429
0.481971428571429
0.48527142857143
0.48857142857143
0.491871428571429
0.49517142857143
0.49847142857143
0.501771428571429
0.50507142857143
0.50837142857143
0.511671428571429
0.514971428571429
0.51827142857143
0.521571428571429
0.524871428571429
0.52817142857143
0.527471428571429
0.526771428571428
0.526071428571429
0.52537142857143
0.52467142857143
0.523971428571429
0.523271428571428
0.522571428571429
0.52187142857143
0.52117142857143
0.520471428571429
0.51977142857143
0.519071428571429
0.51837142857143
0.517671428571428
0.516842857142856
0.515842857142857
0.514842857142858
0.513842857142858
0.512842857142857
0.511842857142858
0.510842857142859
0.509842857142856
0.508842857142857
0.507842857142858
0.506842857142858
0.505842857142857
0.504842857142858
0.503842857142857
0.502842857142858
0.501842857142858
0.503757142857144
0.506157142857143
0.508557142857143
0.510957142857144
0.513357142857144
0.515757142857145
0.518157142857145
0.520557142857144
0.522957142857144
0.525357142857144
0.527757142857145
0.530157142857143
0.532557142857144
0.534957142857144
0.537357142857145
0.536814285714289
0.528914285714287
0.521014285714288
0.513114285714287
0.505214285714287
0.497314285714286
0.489414285714286
0.481514285714286
0.473614285714288
0.465714285714288
0.457814285714288
0.449914285714288
0.442014285714288
0.434114285714286
0.426214285714288
0.418314285714286
0.415914285714287
0.415714285714288
0.415514285714287
0.415314285714287
0.415114285714288
0.414914285714286
0.414714285714287
0.414514285714288
0.414314285714286
0.414114285714289
0.413914285714287
0.413714285714288
0.413514285714289
0.413314285714287
0.413114285714288
0.412400000000003
0.408600000000001
0.404800000000001
0.401000000000001
0.397200000000001
0.393400000000001
0.389600000000001
0.385800000000003
0.382000000000001
0.378200000000003
0.374400000000001
0.370600000000001
0.366800000000001
0.363000000000003
0.359200000000001
0.355400000000001
0.351371428571431
0.347171428571429
0.34297142857143
0.338771428571429
0.33457142857143
0.33037142857143
0.326171428571431
0.32197142857143
0.31777142857143
0.313571428571431
0.30937142857143
0.305171428571431
0.30097142857143
0.29677142857143
0.292571428571429
0.28837142857143
0.28827142857143
0.288171428571431
0.28807142857143
0.28797142857143
0.287871428571431
0.28777142857143
0.287671428571431
0.287571428571431
0.28747142857143
0.287371428571429
0.287271428571431
0.28717142857143
0.287071428571431
0.286971428571431
0.286871428571432
0.287671428571429
0.289671428571429
0.291671428571429
0.29367142857143
0.29567142857143
0.29767142857143
0.29967142857143
0.301671428571431
0.303671428571429
0.305671428571431
0.30767142857143
0.30967142857143
0.311671428571431
0.313671428571431
0.315671428571431
0.317671428571431
0.324128571428573
0.331328571428574
0.338528571428573
0.345728571428573
0.352928571428574
0.360128571428573
0.367328571428573
0.374528571428574
0.381728571428573
0.388928571428573
0.396128571428574
0.403328571428573
0.410528571428572
0.417728571428572
0.424928571428573
0.431671428571431
0.43727142857143
0.44287142857143
0.448471428571428
0.45407142857143
0.459671428571429
0.465271428571431
0.470871428571429
0.47647142857143
0.48207142857143
0.48767142857143
0.493271428571429
0.498871428571429
0.504471428571429
0.51007142857143
0.515671428571428
0.518771428571429
0.520871428571428
0.522971428571428
0.525071428571429
0.527171428571429
0.529271428571429
0.531371428571428
0.53347142857143
0.535571428571429
0.537671428571429
0.539771428571429
0.541871428571429
0.54397142857143
0.54607142857143
0.548171428571429
0.551485714285714
0.562085714285714
0.572685714285715
0.583285714285715
0.593885714285715
0.604485714285716
0.615085714285716
0.625685714285715
0.636285714285716
0.646885714285714
0.657485714285715
0.668085714285715
0.678685714285716
0.689285714285716
0.699885714285717
0.710485714285714
0.714457142857145
0.713457142857144
0.712457142857143
0.711457142857144
0.710457142857144
0.709457142857145
0.708457142857144
0.707457142857145
0.706457142857144
0.705457142857143
0.704457142857144
0.703457142857144
0.702457142857143
0.701457142857146
0.700457142857145
0.699457142857144
0.701957142857145
0.704457142857144
0.706957142857144
0.709457142857143
0.711957142857144
0.714457142857145
0.716957142857144
0.719457142857143
0.721957142857144
0.724457142857143
0.726957142857144
0.729457142857144
0.731957142857143
0.734457142857144
0.736957142857143
0.736971428571429
0.733671428571429
0.73037142857143
0.727071428571429
0.723771428571429
0.72047142857143
0.717171428571429
0.713871428571429
0.71057142857143
0.70727142857143
0.703971428571429
0.70067142857143
0.697371428571428
0.694071428571429
0.690771428571429
0.68747142857143
0.692314285714287
0.698514285714286
0.704714285714286
0.710914285714287
0.717114285714287
0.723314285714286
0.729514285714288
0.735714285714286
0.741914285714287
0.748114285714287
0.754314285714286
0.760514285714286
0.766714285714287
0.772914285714287
0.779114285714286
0.782400000000002
0.778400000000001
0.774399999999999
0.770400000000002
0.7664
0.762400000000001
0.758400000000002
0.754400000000002
0.750399999999999
0.7464
0.7424
0.738400000000001
0.7344
0.730400000000002
0.726400000000001
0.722399999999999
0.717757142857143
0.712857142857144
0.707957142857143
0.703057142857143
0.698157142857143
0.693257142857144
0.688357142857144
0.683457142857143
0.678557142857143
0.673657142857144
0.668757142857144
0.663857142857143
0.658957142857143
0.654057142857143
0.649157142857144
0.645228571428571
0.647128571428572
0.649028571428573
0.65092857142857
0.652828571428571
0.654728571428572
0.656628571428573
0.658528571428572
0.660428571428571
0.662328571428572
0.664228571428571
0.666128571428572
0.668028571428571
0.669928571428572
0.671828571428573
0.673728571428572
0.672200000000001
0.6681
0.664000000000001
0.6599
0.6558
0.6517
0.647600000000001
0.643500000000001
0.639400000000001
0.635299999999999
0.631200000000001
0.627100000000001
0.623000000000001
0.618900000000001
0.614800000000001
