0.7419
0.7349
0.7279
0.720899999999999
0.7139
0.7069
0.699899999999999
0.6929
0.6859
0.678899999999999
0.6719
0.664899999999999
0.657899999999999
0.6509
0.6464875
0.646387499999999
0.6462875
0.646187499999999
0.646087499999998
0.645987499999999
0.6458875
0.645787499999999
0.645687499999998
0.645587499999999
0.6454875
0.6453875
0.645287499999999
0.645187499999999
0.6516875
0.6603875
0.6690875
0.677787499999999
0.686487499999999
0.6951875
0.703887499999999
0.712587499999999
0.721287499999999
0.729987499999998
0.738687499999999
0.7473875
0.756087499999999
0.763949999999998
0.765949999999999
0.767949999999999
0.769949999999998
0.771949999999999
0.773949999999999
0.775949999999998
0.777949999999998
0.779949999999999
0.781949999999999
0.783949999999998
0.785949999999999
0.787949999999997
0.789949999999998
0.790999999999998
0.791099999999998
0.7912
0.791299999999999
0.791399999999999
0.791499999999998
0.791599999999997
0.791699999999999
0.791799999999999
0.791899999999998
0.791999999999999
0.792099999999998
0.792199999999999
0.792299999999998
0.782162499999997
0.770562499999999
0.758962499999998
0.747362499999999
0.735762499999998
0.724162499999999
0.712562499999998
0.700962499999998
0.6893625
0.677762499999998
0.6661625
0.654562499999998
0.642962499999998
0.634287499999998
0.634387500000001
0.634487499999998
0.634587499999999
0.634687499999999
0.634787499999999
0.634887499999999
0.634987499999999
0.6350875
0.6351875
0.635287499999999
0.6353875
0.635487499999999
0.6355875
0.632874999999999
0.628474999999998
0.624075
0.619675
0.615274999999999
0.610875
0.606474999999999
0.602075
0.597674999999999
0.593275
0.588875
0.584474999999998
0.580075
0.575675
0.575075000000001
0.574474999999999
0.573875
0.573275
0.572675
0.572074999999999
0.571474999999999
0.570875
0.570274999999998
0.569675
0.569074999999998
0.568474999999999
0.567874999999999
0.56975
0.57575
0.581749999999998
0.587749999999999
0.593749999999999
0.599749999999999
0.605749999999999
0.611749999999999
0.617749999999999
0.623749999999999
0.629749999999999
0.635749999999999
0.641749999999999
0.647750000000001
0.646925
0.643825
0.640725
0.637625
0.634524999999999
0.631424999999998
0.628324999999999
0.625225
0.622124999999999
0.619025
0.615924999999999
0.612825
0.609725
0.606912499999998
0.6061125
0.605312499999999
0.604512499999999
0.6037125
0.602912499999999
0.602112499999999
0.6013125
0.6005125
0.599712499999999
0.598912499999999
0.598112499999998
0.597312499999998
0.596512499999999
0.597762499999999
0.601062499999999
0.604362499999998
0.607662499999999
0.610962499999999
0.614262499999998
0.617562499999999
0.620862499999998
0.624162499999998
0.627462499999999
0.6307625
0.634062499999998
0.637362499999999
0.640662499999998
0.636524999999999
0.631324999999999
0.626124999999998
0.620924999999998
0.615724999999999
0.610524999999999
0.605324999999998
0.600124999999998
0.594924999999999
0.589724999999999
0.584524999999999
0.579324999999998
0.574124999999999
0.566549999999998
0.551849999999998
0.537149999999998
0.522449999999999
0.50775
0.493049999999999
0.478349999999998
0.463649999999999
0.44895
0.434249999999999
0.41955
0.40485
0.39015
0.375450000000001
0.365124999999998
0.357425
0.349725
0.342024999999999
0.334324999999999
0.326624999999999
0.318924999999999
0.311224999999999
0.303524999999998
0.295824999999998
0.288124999999998
0.280424999999999
0.272724999999999
0.265024999999999
0.273325
0.281624999999999
0.289924999999999
0.298225
0.306524999999998
0.314825000000001
0.323124999999999
0.331424999999998
0.339724999999999
0.348024999999998
0.356325
0.364625
0.372924999999998
0.376687499999999
0.372887499999999
0.3690875
0.365287499999999
0.361487499999999
0.357687499999998
0.353887499999999
0.350087499999999
0.3462875
0.3424875
0.338687499999999
0.334887499999999
0.3310875
0.327287499999999
0.3238625
0.320562499999999
0.3172625
0.3139625
0.310662499999999
0.307362499999998
0.304062499999999
0.300762499999999
0.297462499999999
0.294162499999999
0.2908625
0.287562499999999
0.284262499999999
0.281324999999998
0.280924999999999
0.280524999999999
0.280125
0.279724999999998
0.279325
0.278924999999999
0.278524999999999
0.278124999999999
0.277724999999999
0.277324999999999
0.276925
0.276525
0.276125
0.269925000000001
0.257924999999999
0.245924999999999
0.233924999999999
0.221924999999999
0.209924999999999
0.197924999999999
0.185924999999999
0.173925
0.161925
0.149925
0.137925
0.125924999999999
0.113924999999999
0.115049999999998
0.11805
0.12105
0.12405
0.12705
0.13005
0.13305
0.13605
0.13905
0.14205
0.14505
0.148049999999998
0.151049999999999
0.155124999999999
0.162424999999999
0.169724999999999
0.177024999999999
0.184324999999999
0.191624999999999
0.198924999999999
0.206224999999999
0.213524999999999
0.220824999999999
0.228124999999999
0.235424999999999
0.242724999999999
0.250024999999999
0.257574999999999
0.265274999999999
0.272974999999999
0.280674999999999
0.288374999999999
0.296075
0.303775
0.311474999999998
0.319174999999999
0.326875
0.334574999999999
0.342274999999999
0.349974999999999
0.357675
0.354674999999999
0.351674999999999
0.348674999999999
0.345674999999999
0.342674999999999
0.339674999999999
0.336674999999999
0.333674999999999
0.330674999999999
0.327674999999999
0.324674999999999
0.321674999999999
0.318674999999999
0.320024999999999
0.328625
0.337224999999998
0.345824999999998
0.354425
0.363025
0.371624999999999
0.380224999999999
0.388824999999999
0.397424999999999
0.406024999999999
0.414624999999999
0.423224999999999
0.431824999999999
0.432699999999998
0.430999999999998
0.429299999999999
0.427599999999999
0.425899999999999
0.424199999999999
0.422499999999999
0.4208
0.4191
0.4174
0.4157
0.414
0.412299999999999
0.412199999999999
0.423300000000001
0.434400000000001
0.4455
0.456599999999999
0.467699999999999
0.4788
0.4899
0.501
0.512099999999999
0.5232
0.5343
0.545399999999999
0.556499999999999
0.5616
0.5607
0.5598
0.558899999999999
0.557999999999999
0.5571
0.5562
0.555299999999999
0.554399999999999
0.553499999999999
0.5526
0.5517
0.5508
0.549899999999999
0.554512499999999
0.5599125
0.565312499999998
0.5707125
0.576112499999999
0.581512499999999
0.586912499999999
0.5923125
0.597712499999998
0.603112499999999
0.608512500000001
0.613912499999999
0.619312499999999
0.621637499999998
0.614737499999998
0.607837499999999
0.600937499999999
0.594037499999998
0.587137499999999
0.580237499999998
0.573337499999998
0.566437499999999
0.559537499999999
0.552637499999999
0.545737499999999
0.5388375
0.531937499999998
0.535349999999999
0.544949999999998
0.55455
0.564149999999998
0.573749999999999
0.583349999999999
0.59295
0.602549999999999
0.612149999999999
0.621749999999999
0.63135
0.64095
0.650549999999999
