0.334427777777778
0.346927777777777
0.359427777777778
0.371927777777777
0.384427777777778
0.396927777777777
0.409427777777776
0.421927777777777
0.434427777777778
0.446927777777777
0.459427777777777
0.471927777777778
0.484427777777778
0.496927777777776
0.509427777777779
0.521927777777778
0.534427777777777
0.535598148148148
0.534798148148147
0.533998148148148
0.533198148148147
0.532398148148147
0.531598148148148
0.530798148148147
0.529998148148148
0.529198148148148
0.528398148148149
0.527598148148148
0.52679814814815
0.525998148148149
0.525198148148148
0.524398148148149
0.523598148148149
0.523712962962964
0.524212962962963
0.524712962962965
0.525212962962963
0.525712962962964
0.526212962962962
0.526712962962963
0.527212962962963
0.527712962962962
0.528212962962964
0.528712962962963
0.529212962962963
0.529712962962963
0.530212962962964
0.530712962962962
0.531212962962963
0.534268518518518
0.539368518518517
0.544468518518519
0.549568518518519
0.554668518518518
0.559768518518519
0.564868518518519
0.569968518518518
0.575068518518518
0.580168518518519
0.585268518518517
0.590368518518518
0.595468518518518
0.600568518518519
0.605668518518517
0.61076851851852
0.613749999999999
0.613649999999999
0.613549999999999
0.613450000000001
0.613350000000001
0.613249999999999
0.61315
0.613049999999998
0.61295
0.61285
0.61275
0.61265
0.61255
0.61245
0.61235
0.61225
0.611735185185186
0.610035185185186
0.608335185185185
0.606635185185184
0.604935185185184
0.603235185185184
0.601535185185185
0.599835185185185
0.598135185185186
0.596435185185184
0.594735185185185
0.593035185185184
0.591335185185184
0.589635185185184
0.587935185185183
0.586235185185184
0.584401851851851
0.581501851851852
0.578601851851852
0.575701851851851
0.572801851851851
0.569901851851852
0.567001851851852
0.564101851851851
0.561201851851851
0.558301851851852
0.555401851851851
0.552501851851853
0.549601851851852
0.546701851851853
0.543801851851853
0.540901851851852
0.538001851851854
0.530575925925927
0.522975925925926
0.515375925925926
0.507775925925927
0.500175925925926
0.492575925925926
0.484975925925927
0.477375925925926
0.469775925925925
0.462175925925927
0.454575925925926
0.446975925925925
0.439375925925926
0.431775925925926
0.424175925925925
0.416575925925926
0.417205555555557
0.419705555555555
0.422205555555554
0.424705555555556
0.427205555555554
0.429705555555556
0.432205555555555
0.434705555555555
0.437205555555555
0.439705555555555
0.442205555555555
0.444705555555556
0.447205555555556
0.449705555555554
0.452205555555554
0.454705555555555
0.458472222222221
0.462872222222221
0.467272222222221
0.471672222222223
0.476072222222223
0.480472222222223
0.484872222222222
0.489272222222222
0.493672222222222
0.498072222222222
0.502472222222222
0.506872222222222
0.511272222222222
0.515672222222222
0.520072222222223
0.524472222222222
0.526901851851852
0.527501851851851
0.528101851851853
0.528701851851852
0.529301851851852
0.529901851851851
0.530501851851851
0.53110185185185
0.53170185185185
0.532301851851851
0.532901851851851
0.533501851851852
0.534101851851852
0.534701851851851
0.53530185185185
0.53590185185185
0.537020370370371
0.53902037037037
0.541020370370368
0.54302037037037
0.54502037037037
0.54702037037037
0.549020370370369
0.551020370370369
0.553020370370371
0.555020370370369
0.55702037037037
0.55902037037037
0.56102037037037
0.56302037037037
0.565020370370369
0.567020370370369
0.569731481481481
0.574931481481481
0.580131481481482
0.58533148148148
0.590531481481481
0.595731481481481
0.600931481481482
0.606131481481483
0.611331481481481
0.61653148148148
0.621731481481481
0.626931481481481
0.632131481481482
0.637331481481482
0.642531481481481
0.647731481481482
0.652946296296297
0.658346296296296
0.663746296296297
0.669146296296298
0.674546296296296
0.679946296296297
0.685346296296296
0.690746296296297
0.696146296296296
0.701546296296296
0.706946296296297
0.712346296296298
0.717746296296297
0.723146296296296
0.728546296296296
0.733946296296297
0.739346296296296
0.74169074074074
0.743790740740741
0.745890740740741
0.747990740740741
0.750090740740741
0.752190740740741
0.754290740740741
0.756390740740741
0.758490740740741
0.76059074074074
0.76269074074074
0.76479074074074
0.76689074074074
0.76899074074074
0.771090740740742
0.77319074074074
0.777857407407407
0.783257407407408
0.788657407407407
0.794057407407407
0.799457407407408
0.804857407407407
0.810257407407408
0.815657407407407
0.821057407407407
0.826457407407408
0.831857407407407
0.837257407407406
0.842657407407406
0.848057407407407
0.853457407407406
0.858857407407407
0.86325
0.867049999999999
0.870849999999999
0.874649999999998
0.87845
0.882250000000001
0.88605
0.88985
0.893649999999999
0.897449999999999
0.90125
0.905049999999999
0.90885
0.91265
0.916449999999999
0.920249999999999
0.92303888888889
0.924738888888888
0.926438888888887
0.928138888888889
0.929838888888888
0.931538888888888
0.933238888888889
0.934938888888889
0.93663888888889
0.93833888888889
0.940038888888889
0.941738888888889
0.943438888888888
0.945138888888888
0.946838888888889
0.948538888888889
0.94733888888889
0.94033888888889
0.933338888888889
0.926338888888887
0.919338888888889
0.912338888888889
0.905338888888888
0.89833888888889
0.891338888888888
0.88433888888889
0.87733888888889
0.870338888888889
0.863338888888889
0.856338888888889
0.849338888888889
0.842338888888889
0.836616666666666
0.836516666666668
0.836416666666667
0.836316666666666
0.836216666666667
0.836116666666666
0.836016666666667
0.835916666666665
0.835816666666667
0.835716666666667
0.835616666666667
0.835516666666667
0.835416666666667
0.835316666666668
0.835216666666667
0.835116666666668
0.835342592592593
0.844042592592593
0.852742592592592
0.861442592592592
0.870142592592594
0.878842592592593
0.887542592592591
0.896242592592593
0.904942592592591
0.913642592592592
0.922342592592592
0.931042592592592
0.939742592592591
0.948442592592591
0.957142592592593
0.965842592592592
0.974542592592592
0.977287037037036
0.979287037037038
0.981287037037036
0.983287037037036
0.985287037037037
0.987287037037037
0.989287037037035
0.991287037037037
0.993287037037036
0.995287037037036
0.997287037037036
0.999287037037036
1.00128703703704
1.00328703703704
1.00528703703704
1.00728703703704
1.00787962962963
1.00797962962963
1.00807962962963
1.00817962962963
1.00827962962963
1.00837962962963
1.00847962962963
1.00857962962963
1.00867962962963
1.00877962962963
1.00887962962963
1.00897962962963
1.00907962962963
1.00917962962963
1.00927962962963
1.00937962962963
1.0025462962963
0.990946296296295
0.979346296296295
0.967746296296296
0.956146296296296
0.944546296296296
0.932946296296296
0.921346296296295
0.909746296296295
0.898146296296295
0.886546296296296
0.874946296296296
0.863346296296296
0.851746296296296
0.840146296296295
0.828546296296295
0.822146296296297
0.822246296296296
0.822346296296296
0.822446296296296
0.822546296296296
0.822646296296296
0.822746296296296
0.822846296296296
0.822946296296296
0.823046296296296
0.823146296296296
0.823246296296296
0.823346296296296
0.823446296296297
0.823546296296296
0.823646296296295
0.822412962962963
0.818012962962963
0.813612962962963
0.809212962962961
0.804812962962963
0.800412962962962
0.796012962962963
0.791612962962964
0.787212962962962
0.782812962962962
0.778412962962964
0.774012962962964
0.769612962962962
0.765212962962962
0.760812962962962
0.756412962962964
0.752575925925928
0.751975925925927
0.751375925925927
0.750775925925926
0.750175925925926
0.749575925925925
0.748975925925927
0.748375925925926
0.747775925925926
0.747175925925927
0.746575925925927
0.745975925925926
0.745375925925926
0.744775925925925
0.744175925925925
0.743575925925926
