0.881820000000001
0.873620000000003
0.865420000000001
0.85722
0.849020000000001
0.84082
0.832620000000002
0.82442
0.816219999999999
0.80802
0.799819999999999
0.791620000000001
0.783419999999999
0.775220000000001
0.767019999999999
0.758819999999998
0.75062
0.742420000000001
0.73422
0.726019999999998
0.71782
0.709619999999998
0.70142
0.693219999999999
0.685019999999997
0.676819999999999
0.668619999999997
0.660419999999999
0.652219999999998
0.644019999999996
0.64758
0.651979999999999
0.656380000000001
0.660779999999999
0.665179999999998
0.66958
0.673979999999999
0.678379999999998
0.682779999999997
0.687179999999999
0.691579999999998
0.695979999999997
0.700379999999999
0.704780000000001
0.70918
0.713579999999998
0.717980000000001
0.722379999999999
0.726779999999998
0.73118
0.735579999999999
0.739980000000001
0.74438
0.748780000000002
0.753180000000001
0.75758
0.761980000000002
0.766380000000001
0.770779999999999
0.771973333333334
0.772673333333335
0.773373333333336
0.774073333333333
0.774773333333334
0.775473333333332
0.776173333333336
0.776873333333334
0.777573333333335
0.778273333333336
0.778973333333337
0.779673333333334
0.780373333333332
0.781073333333333
0.781773333333334
0.782473333333335
0.783173333333335
0.783873333333336
0.784573333333334
0.785273333333335
0.785973333333336
0.786673333333334
0.787373333333335
0.788073333333336
0.788773333333333
0.789473333333337
0.790173333333332
0.790873333333333
0.791573333333334
0.788433333333333
0.784333333333332
0.780233333333334
0.776133333333334
0.772033333333333
0.767933333333332
0.763833333333331
0.759733333333334
0.755633333333333
0.751533333333332
0.747433333333335
0.743333333333334
0.739233333333333
0.735133333333333
0.731033333333332
0.726933333333331
0.72283333333333
0.718733333333333
0.714633333333332
0.710533333333331
0.706433333333334
0.702333333333333
0.698233333333332
0.694133333333335
0.690033333333331
0.68593333333333
0.681833333333329
0.677733333333332
0.673633333333331
0.672393333333333
0.67219333333333
0.67199333333333
0.67179333333333
0.67159333333333
0.671393333333331
0.671193333333331
0.670993333333334
0.670793333333331
0.670593333333331
0.670393333333332
0.670193333333332
0.669993333333332
0.669793333333332
0.669593333333332
0.669393333333329
0.669193333333333
0.66899333333333
0.66879333333333
0.66859333333333
0.668393333333334
0.668193333333334
0.667993333333334
0.667793333333331
0.667593333333334
0.667393333333335
0.667193333333332
0.666993333333332
0.666793333333332
0.665393333333333
0.663393333333332
0.661393333333331
0.659393333333333
0.657393333333332
0.65539333333333
0.653393333333332
0.651393333333331
0.649393333333333
0.647393333333332
0.645393333333331
0.64339333333333
0.641393333333332
0.639393333333334
0.637393333333332
0.635393333333331
0.633393333333333
0.631393333333332
0.629393333333331
0.627393333333333
0.625393333333331
0.623393333333333
0.621393333333332
0.619393333333334
0.61739333333333
0.615393333333332
0.613393333333334
0.611393333333332
0.609393333333331
0.606493333333333
0.602993333333331
0.59949333333333
0.595993333333332
0.592493333333334
0.588993333333332
0.585493333333331
0.581993333333333
0.578493333333331
0.574993333333333
0.571493333333332
0.567993333333331
0.564493333333333
0.560993333333334
0.557493333333333
0.553993333333332
0.550493333333334
0.546993333333335
0.543493333333334
0.539993333333333
0.536493333333335
0.532993333333333
0.529493333333332
0.525993333333334
0.522493333333332
0.518993333333331
0.515493333333333
0.511993333333335
0.508493333333333
0.505420000000002
0.50272
0.500019999999998
0.497320000000002
0.49462
0.491920000000001
0.489219999999999
0.48652
0.483820000000001
0.481119999999999
0.47842
0.475720000000001
0.473020000000002
0.47032
0.467619999999998
0.464919999999999
0.46222
0.459520000000001
0.456819999999999
0.45412
0.451419999999998
0.448719999999999
0.44602
0.443320000000001
0.440619999999999
0.437919999999997
0.435220000000001
0.432519999999999
0.429819999999997
0.429313333333332
0.431313333333333
0.433313333333331
0.435313333333332
0.43731333333333
0.439313333333331
0.441313333333333
0.443313333333334
0.445313333333332
0.447313333333333
0.449313333333331
0.451313333333332
0.453313333333333
0.455313333333331
0.457313333333333
0.459313333333334
0.461313333333332
0.463313333333333
0.465313333333331
0.467313333333332
0.469313333333334
0.471313333333332
0.473313333333333
0.475313333333334
0.477313333333335
0.47931333333333
0.481313333333331
0.483313333333332
0.485313333333334
0.484673333333332
0.480073333333333
0.475473333333335
0.470873333333333
0.466273333333331
0.461673333333332
0.457073333333334
0.452473333333332
0.447873333333333
0.443273333333334
0.438673333333333
0.434073333333334
0.429473333333332
0.424873333333333
0.420273333333335
0.415673333333333
0.411073333333334
0.406473333333332
0.401873333333334
0.397273333333332
0.392673333333333
0.388073333333335
0.383473333333333
0.378873333333334
0.374273333333336
0.369673333333334
0.365073333333335
0.360473333333333
0.355873333333335
0.352106666666667
0.350006666666667
0.347906666666668
0.345806666666665
0.343706666666669
0.341606666666666
0.33950666666667
0.337406666666667
0.335306666666667
0.333206666666668
0.331106666666665
0.329006666666669
0.326906666666666
0.324806666666667
0.322706666666667
0.320606666666664
0.318506666666668
0.316406666666665
0.314306666666666
0.312206666666666
0.310106666666667
0.308006666666664
0.305906666666664
0.303806666666668
0.301706666666665
0.299606666666666
0.297506666666666
0.295406666666667
0.293306666666664
0.291099999999999
0.288599999999996
0.286099999999997
0.283599999999998
0.281099999999999
0.2786
0.276099999999998
0.273599999999998
0.271099999999999
0.2686
0.266099999999998
0.263599999999999
0.2611
0.258599999999997
0.256099999999998
0.253599999999999
0.251099999999997
0.248600000000001
0.246099999999998
0.243599999999999
0.2411
0.238599999999998
0.236099999999999
0.2336
0.231099999999997
0.228599999999998
0.226100000000002
0.2236
0.221100000000001
0.2202
0.2257
0.231200000000002
0.236699999999998
0.242199999999998
0.2477
0.253199999999999
0.258699999999999
0.264199999999998
0.269700000000001
0.2752
0.280699999999999
0.286199999999999
0.291699999999998
0.297200000000001
0.3027
0.308199999999999
0.313699999999999
0.319199999999998
0.324700000000001
0.330199999999997
0.335699999999999
0.341199999999999
0.346699999999998
0.352199999999997
0.3577
0.363199999999999
0.368699999999999
0.374199999999998
0.379673333333333
0.38497333333333
0.390273333333332
0.395573333333332
0.400873333333332
0.406173333333331
0.411473333333334
0.416773333333333
0.422073333333333
0.427373333333333
0.432673333333332
0.437973333333332
0.443273333333331
0.448573333333331
0.453873333333334
0.459173333333333
0.464473333333333
0.469773333333332
0.475073333333335
0.480373333333334
0.485673333333334
0.490973333333334
0.496273333333333
0.501573333333333
0.506873333333332
0.512173333333335
0.517473333333335
0.522773333333334
0.528073333333334
0.533306666666667
0.537606666666667
0.541906666666668
0.546206666666668
0.550506666666666
0.554806666666669
0.559106666666667
0.563406666666667
0.567706666666668
0.572006666666668
0.576306666666666
0.580606666666666
0.584906666666667
0.589206666666664
0.593506666666668
0.597806666666665
0.602106666666669
0.606406666666666
0.610706666666667
0.615006666666667
0.619306666666665
0.623606666666668
0.627906666666666
0.632206666666666
0.636506666666667
0.640806666666664
0.645106666666668
0.649406666666665
0.653706666666669
