0.696145454545454
0.694045454545453
0.691945454545454
0.689845454545454
0.687745454545454
0.685645454545453
0.683545454545454
0.681445454545453
0.679345454545453
0.677245454545454
0.675127272727271
0.672827272727273
0.670527272727272
0.668227272727272
0.665927272727272
0.663627272727273
0.661327272727272
0.659027272727272
0.656727272727272
0.654427272727273
0.652145454545453
0.649945454545454
0.647745454545454
0.645545454545454
0.643345454545454
0.641145454545453
0.638945454545454
0.636745454545455
0.634545454545454
0.632345454545455
0.629190909090909
0.623490909090909
0.617790909090908
0.612090909090909
0.606390909090908
0.600690909090909
0.594990909090909
0.589290909090908
0.583590909090908
0.577890909090908
0.572736363636363
0.568536363636363
0.564336363636364
0.560136363636363
0.555936363636362
0.551736363636364
0.547536363636363
0.543336363636363
0.539136363636363
0.534936363636363
0.535099999999999
0.540499999999999
0.545899999999999
0.551299999999999
0.556699999999999
0.562099999999999
0.567499999999999
0.5729
0.578299999999998
0.583699999999999
0.583754545454545
0.579354545454544
0.574954545454545
0.570554545454544
0.566154545454545
0.561754545454545
0.557354545454545
0.552954545454545
0.548554545454544
0.544154545454545
0.542236363636363
0.541736363636363
0.541236363636363
0.540736363636364
0.540236363636363
0.539736363636364
0.539236363636363
0.538736363636364
0.538236363636363
0.537736363636363
0.543563636363637
0.551763636363636
0.559963636363636
0.568163636363636
0.576363636363637
0.584563636363636
0.592763636363636
0.600963636363636
0.609163636363636
0.617363636363636
0.6209
0.6234
0.625899999999999
0.628399999999999
0.6309
0.6334
0.635899999999999
0.638399999999999
0.640899999999999
0.6434
0.645354545454545
0.647254545454545
0.649154545454544
0.651054545454545
0.652954545454544
0.654854545454546
0.656754545454545
0.658654545454545
0.660554545454545
0.662454545454545
0.659654545454545
0.656854545454545
0.654054545454545
0.651254545454545
0.648454545454545
0.645654545454544
0.642854545454544
0.640054545454544
0.637254545454544
0.635127272727272
0.639727272727272
0.644327272727272
0.648927272727272
0.653527272727273
0.658127272727272
0.662727272727272
0.667327272727272
0.671927272727272
0.676527272727272
0.680763636363636
0.683363636363636
0.685963636363637
0.688563636363635
0.691163636363636
0.693763636363635
0.696363636363636
0.698963636363635
0.701563636363636
0.704163636363636
0.70670909090909
0.70910909090909
0.71150909090909
0.71390909090909
0.71630909090909
0.71870909090909
0.72110909090909
0.72350909090909
0.72590909090909
0.72830909090909
0.729218181818181
0.727518181818182
0.725818181818181
0.724118181818181
0.722418181818181
0.720718181818181
0.719018181818181
0.717318181818182
0.71561818181818
0.713918181818182
0.709945454545454
0.703245454545453
0.696545454545454
0.689845454545454
0.683145454545453
0.676445454545453
0.669745454545454
0.663045454545453
0.656345454545454
0.649645454545454
0.646109090909091
0.64520909090909
0.644309090909091
0.643409090909091
0.642509090909091
0.641609090909091
0.640709090909091
0.639809090909091
0.638909090909091
0.638009090909091
0.640990909090909
0.64619090909091
0.651390909090909
0.656590909090909
0.661790909090909
0.666990909090908
0.672190909090909
0.677390909090909
0.682590909090908
0.687790909090909
0.691972727272727
0.695772727272728
0.699572727272727
0.703372727272727
0.707172727272727
0.710972727272726
0.714772727272726
0.718572727272726
0.722372727272727
0.726172727272727
0.726290909090908
0.725590909090908
0.724890909090908
0.724190909090909
0.723490909090908
0.722790909090909
0.722090909090909
0.721390909090909
0.720690909090909
0.719990909090908
0.724563636363636
0.729663636363636
0.734763636363636
0.739863636363637
0.744963636363636
0.750063636363636
0.755163636363636
0.760263636363636
0.765363636363636
0.770463636363636
0.767963636363636
0.765463636363635
0.762963636363636
0.760463636363636
0.757963636363635
0.755463636363636
0.752963636363636
0.750463636363636
0.747963636363635
0.745763636363635
0.746563636363635
0.747363636363636
0.748163636363636
0.748963636363635
0.749763636363636
0.750563636363635
0.751363636363636
0.752163636363635
0.752963636363635
0.752763636363636
0.748063636363635
0.743363636363635
0.738663636363635
0.733963636363635
0.729263636363636
0.724563636363635
0.719863636363636
0.715163636363636
0.710463636363635
0.708736363636362
0.714936363636363
0.721136363636363
0.727336363636363
0.733536363636363
0.739736363636363
0.745936363636363
0.752136363636363
0.758336363636363
0.764536363636363
0.766336363636363
0.760436363636364
0.754536363636363
0.748636363636364
0.742736363636362
0.736836363636363
0.730936363636363
0.725036363636363
0.719136363636364
0.713236363636363
0.709699999999999
0.708999999999999
0.708299999999999
0.7076
0.706899999999999
0.706199999999999
0.705499999999999
0.7048
0.7041
0.7034
0.699372727272727
0.692572727272727
0.685772727272727
0.678972727272726
0.672172727272727
0.665372727272726
0.658572727272727
0.651772727272726
0.644972727272726
0.638172727272725
0.636972727272726
0.638972727272726
0.640972727272727
0.642972727272726
0.644972727272726
0.646972727272726
0.648972727272726
0.650972727272726
0.652972727272727
0.654972727272727
0.657263636363635
0.659663636363636
0.662063636363636
0.664463636363636
0.666863636363636
0.669263636363635
0.671663636363636
0.674063636363637
0.676463636363636
0.678863636363637
0.675781818181818
0.671481818181818
0.667181818181818
0.662881818181818
0.658581818181817
0.654281818181817
0.649981818181818
0.645681818181818
0.641381818181817
0.637081818181817
0.633599999999999
0.630199999999999
0.626799999999999
0.623399999999999
0.619999999999999
0.616599999999999
0.6132
0.6098
0.6064
0.602999999999999
0.594699999999998
0.586399999999999
0.578099999999999
0.5698
0.5615
0.5532
0.544899999999999
0.5366
0.5283
0.520636363636364
0.519336363636362
0.518036363636364
0.516736363636364
0.515436363636363
0.514136363636363
0.512836363636363
0.511536363636364
0.510236363636363
0.508936363636363
0.508290909090909
0.510590909090909
0.512890909090909
0.515190909090908
0.517490909090909
0.519790909090909
0.522090909090909
0.524390909090908
0.526690909090909
0.528990909090908
0.530663636363636
0.530663636363636
0.530663636363636
0.530663636363636
0.530663636363636
0.530663636363636
0.530663636363636
0.530663636363636
0.530663636363636
0.530663636363636
0.532954545454545
0.539254545454545
0.545554545454545
0.551854545454545
0.558154545454545
0.564454545454545
0.570754545454546
0.577054545454545
0.583354545454545
0.589654545454545
0.593454545454544
0.594254545454545
0.595054545454545
0.595854545454545
0.596654545454545
0.597454545454545
0.598254545454545
0.599054545454545
0.599854545454544
0.600654545454545
0.602218181818181
0.604418181818181
0.606618181818182
0.608818181818181
0.611018181818181
0.613218181818182
0.615418181818181
0.617618181818182
0.619818181818181
0.62201818181818
0.626
0.630999999999999
0.635999999999999
0.641
0.645999999999999
0.650999999999999
0.655999999999999
0.661
0.665999999999999
0.671
0.672872727272728
0.673572727272727
0.674272727272727
0.674972727272727
0.675672727272726
0.676372727272726
0.677072727272727
0.677772727272727
0.678472727272727
0.679172727272727
0.684945454545454
0.691845454545455
0.698745454545454
0.705645454545455
0.712545454545455
0.719445454545454
0.726345454545455
0.733245454545455
0.740145454545455
0.747045454545455
0.751127272727274
0.754927272727274
0.758727272727273
0.762527272727272
0.766327272727272
0.770127272727272
0.773927272727272
0.777727272727273
0.781527272727272
