0.673605882352941
0.669905882352941
0.66620588235294
0.662505882352942
0.658805882352941
0.655105882352942
0.651405882352941
0.647705882352942
0.644005882352942
0.640305882352941
0.636605882352942
0.632905882352941
0.629205882352942
0.6266
0.629100000000001
0.631600000000001
0.634100000000001
0.6366
0.639099999999999
0.641600000000001
0.6441
0.6466
0.649100000000001
0.6516
0.654100000000001
0.6566
0.659770588235295
0.664170588235294
0.668570588235295
0.672970588235295
0.677370588235295
0.681770588235294
0.686170588235294
0.690570588235293
0.694970588235294
0.699370588235294
0.703770588235295
0.708170588235293
0.712570588235294
0.7139
0.7125
0.7111
0.7097
0.708299999999999
0.706899999999999
0.7055
0.7041
0.7027
0.7013
0.699900000000001
0.698499999999999
0.6971
0.697817647058823
0.699417647058824
0.701017647058823
0.702617647058823
0.704217647058823
0.705817647058823
0.707417647058823
0.709017647058824
0.710617647058824
0.712217647058824
0.713817647058825
0.715417647058824
0.717017647058824
0.718705882352942
0.720405882352942
0.722105882352942
0.723805882352941
0.725505882352942
0.727205882352942
0.728905882352942
0.730605882352942
0.732305882352941
0.73400588235294
0.735705882352941
0.737405882352942
0.738488235294117
0.729688235294118
0.720888235294118
0.712088235294118
0.703288235294117
0.694488235294118
0.685688235294117
0.676888235294118
0.668088235294118
0.659288235294118
0.650488235294118
0.641688235294119
0.632888235294118
0.625970588235295
0.625170588235295
0.624370588235295
0.623570588235295
0.622770588235295
0.621970588235294
0.621170588235296
0.620370588235294
0.619570588235294
0.618770588235294
0.617970588235294
0.617170588235294
0.616370588235294
0.6173
0.620700000000001
0.6241
0.627500000000001
0.630900000000001
0.634299999999999
0.637699999999999
0.6411
0.644500000000001
0.647900000000001
0.6513
0.6547
0.6581
0.656441176470588
0.651241176470587
0.646041176470588
0.640841176470588
0.635641176470588
0.630441176470589
0.625241176470588
0.620041176470589
0.614841176470588
0.609641176470589
0.604441176470588
0.599241176470588
0.59404117647059
0.588458823529413
0.582758823529411
0.577058823529413
0.571358823529412
0.565658823529412
0.559958823529413
0.554258823529412
0.548558823529411
0.542858823529411
0.537158823529412
0.531458823529411
0.525758823529411
0.520058823529411
0.515488235294117
0.510988235294118
0.506488235294118
0.501988235294118
0.497488235294118
0.492988235294117
0.488488235294117
0.483988235294117
0.479488235294118
0.474988235294118
0.470488235294118
0.465988235294118
0.462252941176471
0.46425294117647
0.466252941176471
0.468252941176472
0.470252941176471
0.472252941176471
0.474252941176472
0.476252941176471
0.47825294117647
0.480252941176471
0.482252941176472
0.48425294117647
0.486252941176471
0.489370588235296
0.495170588235295
0.500970588235294
0.506770588235295
0.512570588235294
0.518370588235294
0.524170588235294
0.529970588235295
0.535770588235295
0.541570588235294
0.547370588235295
0.553170588235295
0.558970588235295
0.564770588235294
0.570570588235295
0.576370588235294
0.582170588235295
0.587970588235294
0.593770588235295
0.599570588235294
0.605370588235295
0.611170588235294
0.616970588235294
0.622770588235293
0.628570588235294
0.634370588235295
0.6359
0.6351
0.634299999999999
0.6335
0.6327
0.6319
0.6311
0.6303
0.629500000000002
0.6287
0.6279
0.6271
0.626300000000001
0.622123529411766
0.617223529411765
0.612323529411766
0.607423529411766
0.602523529411765
0.597623529411766
0.592723529411764
0.587823529411766
0.582923529411766
0.578023529411765
0.573123529411765
0.568223529411764
0.563323529411765
0.557923529411765
0.552523529411765
0.547123529411765
0.541723529411765
0.536323529411765
0.530923529411764
0.525523529411765
0.520123529411765
0.514723529411765
0.509323529411764
0.503923529411764
0.498523529411765
0.49245294117647
0.48325294117647
0.47405294117647
0.46485294117647
0.45565294117647
0.446452941176471
0.43725294117647
0.428052941176472
0.41885294117647
0.40965294117647
0.40045294117647
0.39125294117647
0.38205294117647
0.377511764705882
0.381511764705882
0.385511764705881
0.389511764705882
0.393511764705882
0.397511764705882
0.401511764705882
0.405511764705881
0.409511764705883
0.413511764705882
0.417511764705884
0.421511764705882
0.425511764705883
0.427076470588236
0.426476470588235
0.425876470588236
0.425276470588234
0.424676470588235
0.424076470588235
0.423476470588235
0.422876470588236
0.422276470588236
0.421676470588236
0.421076470588237
0.420476470588236
0.419876470588236
0.420617647058824
0.421917647058824
0.423217647058825
0.424517647058824
0.425817647058824
0.427117647058823
0.428417647058823
0.429717647058824
0.431017647058824
0.432317647058824
0.433617647058824
0.434917647058824
0.436217647058825
0.43460588235294
0.432605882352942
0.430605882352942
0.428605882352942
0.426605882352941
0.424605882352942
0.422605882352942
0.420605882352942
0.418605882352942
0.416605882352941
0.414605882352942
0.412605882352941
0.411017647058824
0.416017647058824
0.421017647058823
0.426017647058824
0.431017647058824
0.436017647058824
0.441017647058824
0.446017647058824
0.451017647058825
0.456017647058824
0.461017647058823
0.466017647058824
0.471017647058823
0.475476470588235
0.478176470588237
0.480876470588235
0.483576470588235
0.486276470588236
0.488976470588236
0.491676470588236
0.494376470588237
0.497076470588236
0.499776470588236
0.502476470588236
0.505176470588237
0.507876470588235
0.509835294117649
0.510735294117649
0.511635294117648
0.512535294117648
0.513435294117648
0.514335294117648
0.515235294117647
0.516135294117647
0.517035294117648
0.517935294117648
0.518835294117648
0.519735294117647
0.520635294117647
0.522005882352943
0.523705882352941
0.525405882352942
0.527105882352942
0.528805882352942
0.530505882352943
0.532205882352942
0.53390588235294
0.535605882352942
0.537305882352941
0.539005882352941
0.540705882352942
0.542405882352942
0.542882352941176
0.542982352941176
0.543082352941176
0.543182352941177
0.543282352941177
0.543382352941176
0.543482352941176
0.543582352941176
0.543682352941176
0.543782352941176
0.543882352941176
0.543982352941177
0.544082352941177
0.54474705882353
0.545447058823529
0.546147058823529
0.54684705882353
0.54754705882353
0.54824705882353
0.54894705882353
0.549647058823529
0.550347058823529
0.551047058823531
0.551747058823529
0.55244705882353
0.553711764705883
0.559211764705882
0.564711764705882
0.570211764705883
0.575711764705883
0.581211764705882
0.586711764705883
0.592211764705882
0.597711764705882
0.603211764705882
0.608711764705881
0.614211764705883
0.619711764705882
0.623623529411764
0.623723529411765
0.623823529411765
0.623923529411765
0.624023529411765
0.624123529411765
0.624223529411765
0.624323529411766
0.624423529411766
0.624523529411766
0.624623529411766
0.624723529411765
0.624823529411765
0.626429411764706
0.629729411764706
0.633029411764707
0.636329411764707
0.639629411764707
0.642929411764706
0.646229411764707
0.649529411764706
0.652829411764706
0.656129411764707
0.659429411764707
0.662729411764707
0.666029411764706
0.668229411764706
0.669829411764706
0.671429411764706
0.673029411764707
0.674629411764707
0.676229411764705
0.677829411764705
0.679429411764707
0.681029411764706
0.682629411764706
0.684229411764706
0.685829411764706
0.687429411764705
0.6887
0.689900000000001
0.6911
0.692299999999999
0.6935
0.6947
0.6959
0.697100000000001
0.698300000000001
0.699500000000001
0.700700000000001
0.7019
