0.723688709677419
0.715188709677419
0.706688709677419
0.698188709677419
0.689688709677419
0.681188709677419
0.672688709677418
0.664188709677418
0.655688709677418
0.647188709677418
0.638688709677418
0.630188709677418
0.621688709677419
0.613188709677419
0.604688709677419
0.604327419354838
0.604527419354837
0.604727419354838
0.604927419354837
0.605127419354838
0.605327419354839
0.605527419354839
0.605727419354838
0.605927419354838
0.606127419354838
0.606327419354839
0.60652741935484
0.606727419354839
0.60692741935484
0.610872580645161
0.615372580645161
0.619872580645162
0.624372580645161
0.628872580645161
0.633372580645162
0.637872580645163
0.64237258064516
0.646872580645161
0.651372580645161
0.65587258064516
0.660372580645161
0.664872580645161
0.66937258064516
0.672985483870967
0.676385483870966
0.679785483870968
0.683185483870968
0.686585483870966
0.689985483870966
0.693385483870966
0.696785483870966
0.700185483870966
0.703585483870966
0.706985483870966
0.710385483870966
0.713785483870966
0.717185483870966
0.712275806451611
0.704475806451612
0.696675806451613
0.688875806451612
0.681075806451613
0.673275806451612
0.665475806451612
0.657675806451613
0.649875806451612
0.642075806451613
0.634275806451612
0.626475806451613
0.618675806451613
0.610875806451612
0.613914516129032
0.622114516129033
0.630314516129032
0.638514516129032
0.646714516129031
0.654914516129032
0.663114516129032
0.671314516129033
0.679514516129032
0.687714516129033
0.695914516129032
0.704114516129032
0.712314516129031
0.720514516129032
0.72859193548387
0.73659193548387
0.744591935483872
0.75259193548387
0.760591935483871
0.768591935483871
0.776591935483871
0.784591935483871
0.792591935483871
0.80059193548387
0.80859193548387
0.81659193548387
0.824591935483871
0.83259193548387
0.833408064516128
0.82830806451613
0.82320806451613
0.81810806451613
0.81300806451613
0.80790806451613
0.80280806451613
0.79770806451613
0.792608064516129
0.787508064516129
0.782408064516129
0.777308064516129
0.772208064516129
0.767108064516129
0.761330645161291
0.754830645161291
0.74833064516129
0.741830645161289
0.73533064516129
0.72883064516129
0.722330645161289
0.71583064516129
0.70933064516129
0.702830645161289
0.696330645161289
0.689830645161288
0.683330645161289
0.676830645161289
0.67163064516129
0.66823064516129
0.66483064516129
0.66143064516129
0.65803064516129
0.65463064516129
0.65123064516129
0.64783064516129
0.64443064516129
0.641030645161289
0.637630645161289
0.634230645161289
0.630830645161289
0.627430645161289
0.623995161290321
0.620495161290322
0.616995161290322
0.613495161290321
0.609995161290323
0.606495161290322
0.602995161290322
0.599495161290321
0.595995161290321
0.592495161290322
0.588995161290322
0.585495161290321
0.581995161290321
0.578495161290322
0.577056451612903
0.580656451612902
0.584256451612901
0.587856451612902
0.591456451612903
0.595056451612902
0.598656451612903
0.602256451612904
0.605856451612903
0.609456451612902
0.613056451612903
0.616656451612902
0.620256451612901
0.623856451612902
0.626372580645161
0.625172580645161
0.623972580645161
0.62277258064516
0.62157258064516
0.62037258064516
0.619172580645161
0.617972580645161
0.61677258064516
0.615572580645162
0.61437258064516
0.613172580645162
0.611972580645161
0.610772580645161
0.609217741935484
0.605817741935484
0.602417741935484
0.599017741935484
0.595617741935484
0.592217741935484
0.588817741935482
0.585417741935482
0.582017741935482
0.578617741935482
0.575217741935484
0.571817741935484
0.568417741935484
0.565017741935484
0.561956451612902
0.562056451612902
0.562156451612903
0.562256451612903
0.562356451612902
0.562456451612904
0.562556451612902
0.562656451612901
0.562756451612903
0.562856451612902
0.562956451612902
0.563056451612904
0.563156451612903
0.563256451612903
0.563140322580646
0.556540322580645
0.549940322580646
0.543340322580645
0.536740322580645
0.530140322580644
0.523540322580645
0.516940322580646
0.510340322580645
0.503740322580645
0.497140322580645
0.490540322580645
0.483940322580644
0.477340322580645
0.470740322580644
0.471204838709676
0.471904838709677
0.472604838709677
0.473304838709676
0.474004838709677
0.474704838709678
0.475404838709678
0.476104838709677
0.476804838709677
0.477504838709676
0.478204838709677
0.478904838709678
0.479604838709678
0.480304838709677
0.483353225806452
0.486653225806452
0.489953225806451
0.493253225806451
0.496553225806451
0.499853225806452
0.50315322580645
0.506453225806451
0.509753225806451
0.513053225806452
0.516353225806452
0.519653225806452
0.522953225806451
0.526253225806451
0.526198387096773
0.525498387096774
0.524798387096775
0.524098387096773
0.523398387096774
0.522698387096773
0.521998387096773
0.521298387096774
0.520598387096773
0.519898387096774
0.519198387096773
0.518498387096773
0.517798387096774
0.517098387096773
0.516166129032258
0.515166129032256
0.514166129032257
0.513166129032258
0.512166129032257
0.511166129032257
0.510166129032258
0.509166129032257
0.508166129032257
0.507166129032258
0.506166129032257
0.505166129032256
0.504166129032257
0.503166129032257
0.504579032258064
0.506979032258064
0.509379032258065
0.511779032258064
0.514179032258063
0.516579032258065
0.518979032258064
0.521379032258063
0.523779032258065
0.526179032258064
0.528579032258063
0.530979032258065
0.533379032258066
0.535779032258065
0.531533870967742
0.523633870967743
0.515733870967743
0.507833870967741
0.499933870967741
0.492033870967742
0.484133870967743
0.476233870967742
0.468333870967742
0.460433870967741
0.452533870967742
0.444633870967742
0.436733870967743
0.428833870967742
0.425404838709676
0.425204838709677
0.425004838709676
0.424804838709677
0.424604838709678
0.424404838709677
0.424204838709676
0.424004838709677
0.423804838709678
0.423604838709677
0.423404838709676
0.423204838709677
0.423004838709677
0.422804838709677
0.420746774193548
0.416946774193548
0.413146774193548
0.409346774193548
0.405546774193548
0.401746774193548
0.397946774193549
0.394146774193549
0.390346774193549
0.386546774193549
0.382746774193549
0.378946774193547
0.375146774193549
0.371346774193547
0.367366129032257
0.363166129032258
0.358966129032258
0.354766129032258
0.350566129032258
0.346366129032258
0.342166129032258
0.337966129032258
0.333766129032259
0.329566129032259
0.325366129032259
0.321166129032259
0.316966129032258
0.312766129032259
0.310153225806452
0.310053225806452
0.309953225806452
0.309853225806453
0.309753225806452
0.309653225806452
0.309553225806452
0.309453225806451
0.309353225806451
0.309253225806452
0.309153225806452
0.309053225806451
0.308953225806453
0.308853225806452
0.309430645161291
0.311430645161289
0.31343064516129
0.31543064516129
0.317430645161291
0.319430645161291
0.32143064516129
0.32343064516129
0.325430645161291
0.327430645161291
0.32943064516129
0.33143064516129
0.333430645161289
0.33543064516129
0.338772580645161
0.345972580645161
0.353172580645161
0.360372580645162
0.367572580645162
0.374772580645161
0.381972580645161
0.389172580645161
0.396372580645162
0.403572580645161
0.410772580645162
0.417972580645161
0.425172580645161
0.432372580645161
0.439262903225807
0.444862903225805
0.450462903225806
0.456062903225806
0.461662903225806
0.467262903225807
0.472862903225805
0.478462903225806
0.484062903225806
0.489662903225805
0.495262903225805
0.500862903225806
0.506462903225806
0.512062903225806
0.51721129032258
0.51931129032258
0.52141129032258
0.52351129032258
0.525611290322579
0.527711290322581
0.529811290322579
0.531911290322579
0.534011290322579
0.536111290322579
0.538211290322579
0.540311290322581
0.542411290322579
0.544511290322579
0.547159677419354
0.557759677419354
0.568359677419356
0.578959677419354
0.589559677419354
0.600159677419354
0.610759677419354
0.621359677419356
0.631959677419354
0.642559677419354
0.653159677419354
0.663759677419354
0.674359677419354
0.684959677419356
