0.749812500000001
0.747612499999998
0.745412500000002
0.743212499999999
0.741012500000003
0.7388125
0.736612500000003
0.734412500000001
0.732212500000001
0.730012500000002
0.727812500000002
0.725612499999999
0.723412500000003
0.7212125
0.719012500000003
0.716812500000001
0.714612500000001
0.712412500000002
0.710212500000002
0.708012500000002
0.7058125
0.703612500000003
0.7014125
0.699212500000004
0.697012500000001
0.694812500000002
0.692612500000002
0.690412499999999
0.688587500000002
0.686887500000002
0.685187500000002
0.683487500000002
0.681787500000002
0.680087500000002
0.678387500000002
0.676687500000002
0.674987500000001
0.673287500000001
0.671587500000001
0.669887500000001
0.668187500000001
0.666487500000001
0.664787500000001
0.663087500000001
0.6613875
0.659687500000003
0.6579875
0.6562875
0.6545875
0.652887500000003
0.6511875
0.649487500000003
0.6477875
0.646087500000002
0.644387499999999
0.641887499999999
0.638587500000001
0.6352875
0.631987500000002
0.628687500000001
0.6253875
0.622087500000002
0.618787500000001
0.6154875
0.612187500000002
0.608887500000001
0.605587500000001
0.602287500000003
0.598987500000002
0.595687500000001
0.592387500000003
0.589087500000002
0.585787500000001
0.582487500000003
0.579187499999999
0.575887500000001
0.5725875
0.569287500000002
0.565987500000001
0.562687500000003
0.559387500000002
0.556087500000002
0.553062500000001
0.550862500000001
0.548662500000002
0.546462499999999
0.544262500000002
0.542062500000003
0.5398625
0.537662500000001
0.535462500000001
0.533262500000001
0.531062499999999
0.528862500000002
0.526662499999999
0.5244625
0.5222625
0.520062499999998
0.517862500000001
0.515662499999998
0.513462499999999
0.511262499999999
0.509062499999999
0.5068625
0.5046625
0.502462499999998
0.500262499999998
0.498062500000001
0.495862499999999
0.493662499999999
0.492362499999999
0.491062499999999
0.489762499999999
0.488462499999996
0.487162499999999
0.4858625
0.4845625
0.4832625
0.4819625
0.4806625
0.4793625
0.478062499999997
0.476762499999997
0.4754625
0.4741625
0.472862499999997
0.471562499999998
0.470262500000001
0.468962499999998
0.467662499999998
0.466362500000001
0.465062500000001
0.463762499999998
0.462462499999998
0.461162500000001
0.459862499999998
0.458562499999998
0.458312499999999
0.458412500000001
0.4585125
0.4586125
0.458712500000002
0.458812499999998
0.458912500000001
0.4590125
0.459112499999999
0.459212500000001
0.459312500000001
0.4594125
0.459512499999999
0.459612499999999
0.459712500000001
0.459812499999997
0.4599125
0.460012500000002
0.460112500000001
0.4602125
0.4603125
0.460412499999999
0.460512499999998
0.460612500000001
0.4607125
0.460812499999999
0.460912500000002
0.4602125
0.458712500000002
0.4572125
0.455712499999999
0.4542125
0.452712499999999
0.4512125
0.449712499999999
0.4482125
0.446712500000002
0.4452125
0.443712499999999
0.4422125
0.440712500000002
0.4392125
0.437712499999999
0.4362125
0.434712500000002
0.4332125
0.431712500000002
0.4302125
0.428712500000002
0.427212500000003
0.425712500000002
0.4242125
0.422712500000002
0.4212125
0.420612500000001
0.422712500000002
0.424812500000002
0.426912499999999
0.429012500000003
0.431112500000003
0.4332125
0.4353125
0.437412500000001
0.439512500000001
0.441612500000001
0.443712499999999
0.445812500000002
0.447912499999999
0.4500125
0.4521125
0.4542125
0.456312500000001
0.458412500000001
0.460512500000001
0.462612500000002
0.464712500000002
0.466812500000002
0.468912500000003
0.4710125
0.473112500000003
0.475212500000001
0.477312500000001
0.476112500000003
0.474912500000003
0.473712499999999
0.472512500000001
0.471312500000001
0.4701125
0.4689125
0.467712500000002
0.466512500000001
0.465312500000001
0.4641125
0.462912500000003
0.461712500000002
0.460512500000001
0.459312500000001
0.4581125
0.456912500000002
0.455712499999999
0.454512500000001
0.453312500000001
0.4521125
0.450912500000002
0.449712500000002
0.448512500000001
0.447312500000001
0.446112500000003
0.444912500000002
0.4436375
0.4423375
0.4410375
0.4397375
0.4384375
0.4371375
0.435837500000001
0.434537500000001
0.433237500000001
0.431937500000001
0.430637500000001
0.429337500000001
0.428037500000001
0.426737500000001
0.425437500000001
0.424137500000001
0.422837500000001
0.421537500000002
0.420237500000002
0.418937499999999
0.417637499999999
0.416337499999999
0.415037500000002
0.413737499999999
0.412437499999999
0.411137499999999
0.409837499999999
0.411787499999999
0.416987499999999
0.422187499999998
0.427387499999998
0.432587500000001
0.4377875
0.4429875
0.4481875
0.453387499999999
0.458587500000002
0.463787500000002
0.468987500000001
0.474187500000001
0.479387500000001
0.4845875
0.4897875
0.4949875
0.500187499999999
0.505387500000002
0.510587500000002
0.515787500000001
0.520987500000001
0.5261875
0.5313875
0.536587500000003
0.541787500000003
0.546987500000002
0.551487500000004
0.553887500000002
0.556287500000003
0.558687500000001
0.561087500000003
0.563487500000004
0.565887500000002
0.5682875
0.570687500000001
0.573087500000003
0.575487500000001
0.577887500000002
0.5802875
0.582687500000002
0.585087500000003
0.587487500000001
0.589887499999999
0.592287500000001
0.594687500000002
0.5970875
0.599487500000001
0.601887499999999
0.604287500000001
0.606687500000002
0.6090875
0.611487500000001
0.613887499999999
0.616287500000001
0.6201875
0.6240875
0.6279875
0.631887500000003
0.635787499999999
0.639687499999999
0.643587499999999
0.647487499999999
0.651387500000001
0.655287500000001
0.659187500000001
0.663087500000001
0.6669875
0.6708875
0.674787500000003
0.678687500000003
0.682587500000002
0.686487500000002
0.690387500000002
0.694287500000002
0.698187500000001
0.702087500000001
0.705987500000001
0.7098875
0.7137875
0.7176875
0.721587500000003
0.720687500000003
0.718187500000002
0.715687500000002
0.713187500000001
0.710687500000001
0.7081875
0.7056875
0.703187500000002
0.700687500000002
0.698187500000001
0.695687500000001
0.6931875
0.6906875
0.688187499999999
0.685687500000002
0.683187500000001
0.680687500000001
0.6781875
0.6756875
0.673187499999999
0.670687499999998
0.668187500000001
0.6656875
0.6631875
0.660687499999999
0.658187499999999
0.655687499999998
0.6565375
0.660737499999998
0.664937500000001
0.669137499999999
0.673337499999999
0.6775375
0.681737500000001
0.685937499999998
0.690137500000002
0.6943375
0.698537499999997
0.702737499999998
0.706937499999999
0.711137499999999
0.7153375
0.7195375
0.723737500000001
0.727937500000002
0.732137499999999
0.7363375
0.740537500000001
0.744737499999998
0.748937499999999
0.7531375
0.7573375
0.761537500000001
0.765737500000002
0.769912499999999
0.7740125
0.778112500000001
0.7822125
0.786312499999998
0.790412499999999
0.794512500000001
0.798612499999999
0.8027125
0.806812499999999
0.8109125
0.815012499999998
0.8191125
0.823212500000001
0.827312499999999
0.831412500000001
0.835512500000002
0.8396125
0.843712500000002
0.847812500000003
0.851912500000001
0.8560125
0.860112500000001
0.864212500000002
0.868312500000004
0.872412500000002
0.876512500000004
