0.592755555555555
0.584355555555557
0.575955555555556
0.567555555555557
0.559155555555556
0.550755555555557
0.542355555555556
0.533955555555557
0.525555555555556
0.517155555555555
0.508755555555556
0.500355555555557
0.491955555555556
0.483555555555555
0.475155555555556
0.466755555555558
0.458355555555556
0.449955555555558
0.441555555555556
0.433155555555558
0.424755555555556
0.416355555555555
0.407955555555557
0.399555555555555
0.391155555555557
0.392322222222222
0.396222222222223
0.400122222222223
0.404022222222223
0.407922222222221
0.411822222222224
0.415722222222222
0.419622222222222
0.423522222222223
0.427422222222223
0.431322222222224
0.435222222222224
0.439122222222224
0.443022222222222
0.446922222222225
0.450822222222223
0.454722222222223
0.458622222222224
0.462522222222222
0.466422222222225
0.470322222222225
0.474222222222225
0.478122222222223
0.482022222222224
0.482311111111111
0.479711111111113
0.477111111111111
0.474511111111113
0.471911111111112
0.469311111111113
0.466711111111112
0.464111111111114
0.461511111111112
0.458911111111111
0.456311111111113
0.453711111111112
0.45111111111111
0.448511111111112
0.445911111111111
0.443311111111112
0.440711111111111
0.438111111111113
0.435511111111112
0.43291111111111
0.430311111111112
0.427711111111111
0.425111111111112
0.422511111111111
0.419644444444445
0.416244444444444
0.412844444444443
0.409444444444445
0.406044444444444
0.402644444444446
0.399244444444445
0.395844444444444
0.392444444444443
0.389044444444445
0.385644444444444
0.382244444444446
0.378844444444445
0.375444444444444
0.372044444444443
0.368644444444445
0.365244444444447
0.361844444444446
0.358444444444445
0.355044444444444
0.351644444444446
0.348244444444445
0.344844444444447
0.341444444444446
0.337344444444446
0.327644444444446
0.317944444444445
0.308244444444444
0.298544444444447
0.288844444444443
0.279144444444446
0.269444444444445
0.259744444444447
0.250044444444447
0.240344444444446
0.230644444444446
0.220944444444445
0.211244444444444
0.201544444444444
0.191844444444446
0.182144444444446
0.172444444444445
0.162744444444445
0.153044444444447
0.143344444444443
0.133644444444446
0.123944444444445
0.114244444444444
0.104544444444444
0.103377777777778
0.103277777777777
0.103177777777776
0.103077777777778
0.102977777777777
0.102877777777779
0.102777777777778
0.102677777777777
0.102577777777779
0.102477777777778
0.102377777777777
0.102277777777778
0.102177777777777
0.102077777777776
0.101977777777778
0.10187777777778
0.101777777777779
0.101677777777778
0.10157777777778
0.101477777777776
0.101377777777778
0.101277777777779
0.101177777777778
0.101077777777777
0.106711111111111
0.115211111111111
0.123711111111113
0.13221111111111
0.140711111111112
0.149211111111109
0.157711111111111
0.166211111111111
0.174711111111113
0.18321111111111
0.191711111111112
0.200211111111112
0.208711111111112
0.217211111111111
0.225711111111111
0.23421111111111
0.24271111111111
0.251211111111109
0.259711111111109
0.268211111111109
0.276711111111111
0.28521111111111
0.29371111111111
0.302211111111112
0.308444444444444
0.311844444444445
0.315244444444446
0.318644444444444
0.322044444444445
0.325444444444446
0.328844444444444
0.332244444444445
0.335644444444443
0.339044444444444
0.342444444444445
0.345844444444446
0.349244444444447
0.352644444444445
0.356044444444443
0.359444444444444
0.362844444444445
0.366244444444446
0.369644444444444
0.373044444444445
0.376444444444446
0.379844444444444
0.383244444444445
0.386644444444446
0.389022222222222
0.387822222222221
0.386622222222223
0.385422222222222
0.384222222222224
0.383022222222223
0.381822222222222
0.380622222222224
0.379422222222223
0.378222222222224
0.377022222222223
0.375822222222223
0.374622222222222
0.373422222222223
0.372222222222222
0.371022222222224
0.369822222222223
0.368622222222225
0.367422222222224
0.366222222222223
0.365022222222225
0.363822222222224
0.362622222222223
0.361422222222225
0.360222222222224
0.356622222222223
0.353022222222223
0.349422222222223
0.345822222222226
0.342222222222223
0.338622222222223
0.335022222222222
0.331422222222225
0.327822222222222
0.324222222222222
0.320622222222222
0.317022222222224
0.313422222222221
0.309822222222224
0.306222222222221
0.302622222222224
0.299022222222223
0.295422222222223
0.291822222222223
0.288222222222223
0.284622222222223
0.281022222222223
0.277422222222225
0.273822222222222
0.269755555555555
0.265555555555555
0.261355555555557
0.257155555555556
0.252955555555555
0.248755555555555
0.244555555555557
0.240355555555556
0.236155555555555
0.231955555555558
0.227755555555554
0.223555555555556
0.219355555555556
0.215155555555555
0.210955555555557
0.206755555555556
0.202555555555556
0.198355555555558
0.194155555555554
0.189955555555556
0.185755555555556
0.181555555555558
0.177355555555557
0.173155555555557
0.170566666666668
0.169266666666666
0.167966666666667
0.166666666666668
0.165366666666666
0.164066666666666
0.162766666666667
0.161466666666668
0.160166666666666
0.158866666666667
0.157566666666668
0.156266666666668
0.154966666666666
0.153666666666667
0.152366666666668
0.151066666666669
0.149766666666667
0.148466666666668
0.147166666666668
0.145866666666669
0.144566666666667
0.143266666666668
0.141966666666669
0.140666666666667
0.141100000000003
0.145000000000001
0.148900000000002
0.152800000000002
0.1567
0.1606
0.1645
0.168400000000001
0.172299999999999
0.176200000000002
0.180099999999999
0.184
0.1879
0.191800000000001
0.195700000000001
0.199599999999999
0.203500000000002
0.2074
0.2113
0.2152
0.219100000000001
0.222999999999999
0.226899999999999
0.230799999999999
0.235099999999998
0.242599999999999
0.250099999999999
0.2576
0.265100000000001
0.272599999999999
0.280099999999999
0.2876
0.2951
0.302600000000001
0.310099999999999
0.317599999999999
0.3251
0.3326
0.340100000000001
0.347600000000002
0.355099999999999
0.3626
0.370100000000001
0.377600000000001
0.385099999999999
0.3926
0.4001
0.407600000000001
0.415100000000001
0.418066666666668
0.420466666666668
0.422866666666667
0.425266666666666
0.427666666666668
0.430066666666667
0.432466666666666
0.434866666666666
0.437266666666665
0.439666666666667
0.442066666666669
0.444466666666668
0.446866666666667
0.449266666666669
0.451666666666665
0.454066666666667
0.456466666666667
0.458866666666666
0.461266666666668
0.463666666666667
0.466066666666666
0.468466666666668
0.470866666666667
0.473266666666667
0.477866666666666
0.483566666666665
0.489266666666667
0.494966666666666
0.500666666666668
0.506366666666667
0.512066666666666
0.517766666666668
0.523466666666667
0.529166666666666
0.534866666666665
0.540566666666667
0.546266666666666
0.551966666666668
0.557666666666667
0.563366666666666
0.569066666666665
0.574766666666667
0.580466666666666
0.586166666666668
0.591866666666668
0.597566666666667
0.603266666666666
0.608966666666668
0.616177777777778
0.625277777777778
0.634377777777778
0.643477777777778
0.652577777777778
0.661677777777778
0.670777777777778
0.679877777777778
0.688977777777778
0.698077777777779
0.707177777777779
0.716277777777779
0.725377777777779
0.734477777777779
0.743577777777779
0.752677777777779
0.761777777777779
0.770877777777779
0.779977777777779
0.789077777777779
0.798177777777777
0.807277777777779
0.816377777777779
0.825477777777779
0.833111111111111
0.835611111111111
0.838111111111111
0.840611111111112
0.843111111111112
0.845611111111112
0.848111111111112
0.850611111111112
0.85311111111111
0.855611111111113
0.85811111111111
0.860611111111113
0.863111111111111
0.865611111111111
0.868111111111111
0.870611111111111
0.873111111111111
0.875611111111109
0.878111111111112
0.880611111111109
0.883111111111112
0.88561111111111
0.88811111111111
0.89061111111111
