0.671403125
0.670803125
0.670203125
0.669603125
0.669121875
0.668721875
0.668321875
0.667640625
0.665740625
0.663840625
0.661940625
0.661446875
0.661346875
0.661246875
0.663696875
0.670396875
0.677096875
0.683796875
0.683134375
0.682234375
0.681334375
0.684821875
0.691721875
0.698621875
0.704475
0.704675
0.704875
0.705075
0.70445
0.70355
0.70265
0.70333125
0.70703125
0.71073125
0.71443125
0.716725
0.718925
0.721125
0.7201375
0.7163375
0.7125375
0.7089625
0.7069625
0.704962499999999
0.7029625
0.7044125
0.7072125
0.7100125
0.712125
0.712725
0.713325
0.713925
0.712621875
0.711121875
0.709621875
0.710721875
0.714421875
0.718121875
0.721175
0.717975
0.714775
0.711575
0.71188125
0.71378125
0.715681249999999
0.71634375
0.71384375
0.71134375
0.70884375
0.71106875
0.71396875
0.71686875
0.71808125
0.71738125
0.71668125
0.71626875
0.72016875
0.72406875
0.72796875
0.73095
0.73345
0.73595
0.73705
0.73395
0.73085
0.72775
0.730303125
0.733903125
0.737503125
0.737646875
0.733346875
0.729046875
0.724940625
0.726840625
0.728740625
0.730640625
0.731290625
0.731190625
0.731090625
0.73166875
0.73466875
0.73766875
0.74066875
0.740175
0.738875
0.737575
0.736721875
0.736521875
0.736321875
0.736121875
0.733521875
0.730921875
0.728321875
0.7259
0.7236
0.7213
0.7191125
0.7174125
0.7157125
0.7140125
0.717078125
0.721478125
0.725878125
0.729640625
0.732340625
0.735040625
0.737740625
0.7296875
0.7212875
0.7128875
0.712925
0.719525
0.726125
0.731475
0.730075
0.728675
0.727275
0.7246
0.7215
0.7184
0.71674375
0.71784375
0.718943749999999
0.72004375
0.72058125
0.72108125
0.72158125
0.717671875
0.709871875
0.702071875
0.695334375
0.696034375
0.696734375
0.697434375
0.69964375
0.70244375
0.70524375
0.70735625
0.70795625
0.70855625
0.70915625
0.708215625
0.707115625
0.706015625
0.706265625
0.707865625
0.709465625
0.710746875
0.708946875
0.707146875
0.705346875
0.702378125
0.698878125
0.695378125
0.6933125
0.6949125
0.6965125
0.6981125
0.6977
0.697
0.6963
0.69419375
0.69049375
0.68679375
0.683
0.6778
0.6726
0.6674
0.661871875
0.656171875
0.650471875
0.646746875
0.648946875
0.651146875
0.653346875
0.65529375
0.65719375
0.65909375
0.66003125
0.65973125
0.65943125
0.658971875
0.653571875
0.648171875
0.642771875
0.639809375
0.638309375
0.636809375
0.635353125
0.634053125
0.632753125
0.631453125
0.630396875
0.629396875
0.628396875
0.6274375
0.6265375
0.6256375
0.6247375
0.6230375
0.6213375
0.6196375
0.619421875
0.620221875
0.621021875
0.621728125
0.622028125
0.622328125
0.622628125
0.622303125
0.621803125
0.621303125
0.622415625
0.626215625
0.630015625
0.633815625
0.634321875
0.634721875
0.635121875
0.635634375
0.636234375
0.636834375
0.63695
0.63445
0.63195
0.62945
0.630925
0.633725
0.636525
0.636128125
0.629628125
0.623128125
0.616628125
0.613503125
0.610603125
0.607703125
0.60528125
0.60328125
0.60128125
0.59890625
0.59390625
0.58890625
0.58390625
0.586525
0.592125
0.597725
0.601325
0.600525
0.599725
0.598925
0.599575
0.600375
0.601175
0.599125
0.594225
0.589325
0.584921875
0.585321875
0.585721875
0.586121875
0.585421875
0.584221875
0.583021875
0.581540625
0.579340625
0.577140625
0.574940625
0.570465625
0.565665625
0.560865625
0.55864375
0.55934375
0.56004375
0.560325
0.554325
0.548325
0.542325
0.541771875
0.544071875
0.546371875
0.547446875
0.544846875
0.542246875
0.539646875
0.538903125
0.538503125
0.538103125
0.536784375
0.534284375
0.531784375
0.529365625
0.529465625
0.529565625
0.529665625
0.532828125
0.537828125
0.542828125
0.546165625
0.543565625
0.540965625
0.538365625
0.537309375
0.536609375
0.535909375
0.5373625
0.5419625
0.5465625
0.5511625
0.5446625
0.5381625
0.5316625
0.53003125
0.53173125
0.53343125
0.53483125
0.53493125
0.53503125
0.53513125
0.53945
0.54495
0.55045
0.5543375
0.5555375
0.5567375
0.5579375
0.55623125
0.55443125
0.55263125
0.55235
0.55325
0.55415
0.5552375
0.5573375
0.5594375
0.5615375
0.5614625
0.5606625
0.5598625
0.561606250000001
0.56820625
0.57480625
0.58140625
0.5830375
0.5843375
0.5856375
0.589540625
0.595740625
0.601940625
0.606453125
0.599153125
0.591853125
0.584553125
0.5845125
0.5873125
0.5901125
0.5921625
0.5925625
0.5929625
0.5933625
0.595303125
0.597403125
0.599503125
0.601903125
0.604603125
0.607303125
0.609703125
0.609203125
0.608703125
0.608203125
0.609353125
0.611253125
0.613153125
0.61508125
0.61708125
0.61908125
0.62108125
0.62176875
0.62226875
0.62276875
0.620971875
0.616571875
0.612171875
0.608034375
0.607834375
0.607634375
0.607434375
0.607496875
0.607696875
0.607896875
0.608021875
0.607921875
0.607821875
0.607721875
0.61209375
0.61729375
0.62249375
0.627125
0.631025
0.634925
0.638703125
0.638703125
0.638703125
0.638703125
0.639453125
0.640653125
0.641853125
0.643359375
0.645959375
0.648559375
0.651159375
0.652378125
0.653278125
0.654178125
0.6560125
0.6592125
0.6624125
