0.287541176470588
0.289841176470589
0.292141176470588
0.294441176470589
0.296741176470588
0.299041176470589
0.301341176470588
0.303641176470589
0.305941176470588
0.308241176470586
0.310541176470588
0.312841176470589
0.315141176470588
0.317441176470586
0.319741176470588
0.322041176470586
0.324341176470588
0.326641176470586
0.328941176470588
0.331241176470589
0.333541176470588
0.335841176470586
0.338141176470588
0.340441176470586
0.342741176470588
0.345041176470586
0.346529411764705
0.346529411764705
0.346529411764705
0.346529411764705
0.346529411764705
0.346529411764705
0.346529411764705
0.346529411764705
0.346529411764705
0.346529411764705
0.346529411764705
0.346529411764705
0.346529411764705
0.346529411764705
0.346529411764705
0.346529411764705
0.346529411764705
0.346529411764705
0.346529411764705
0.346529411764705
0.346529411764705
0.346529411764705
0.346529411764705
0.346529411764705
0.346529411764705
0.346529411764705
0.350976470588235
0.357276470588232
0.363576470588235
0.369876470588233
0.376176470588236
0.382476470588233
0.388776470588234
0.395076470588234
0.401376470588234
0.407676470588234
0.413976470588235
0.420276470588235
0.426576470588235
0.432876470588235
0.439176470588236
0.445476470588233
0.451776470588233
0.458076470588234
0.464376470588234
0.470676470588234
0.476976470588232
0.483276470588235
0.489576470588232
0.495876470588235
0.502176470588233
0.508152941176467
0.508952941176468
0.509752941176467
0.510552941176469
0.511352941176467
0.512152941176469
0.51295294117647
0.513752941176469
0.51455294117647
0.515352941176469
0.516152941176468
0.516952941176469
0.517752941176471
0.518552941176469
0.519352941176468
0.520152941176469
0.520952941176471
0.521752941176469
0.522552941176468
0.52335294117647
0.524152941176471
0.52495294117647
0.525752941176471
0.52655294117647
0.527352941176471
0.528152941176467
0.529529411764707
0.531729411764706
0.533929411764707
0.536129411764705
0.538329411764706
0.540529411764705
0.542729411764706
0.544929411764704
0.547129411764706
0.549329411764704
0.551529411764705
0.553729411764706
0.555929411764705
0.558129411764703
0.560329411764704
0.562529411764706
0.564729411764704
0.566929411764702
0.569129411764704
0.571329411764705
0.573529411764703
0.575729411764704
0.577929411764703
0.580129411764704
0.582329411764702
0.584529411764704
0.588870588235294
0.593870588235292
0.598870588235293
0.603870588235294
0.608870588235294
0.613870588235292
0.618870588235293
0.623870588235291
0.628870588235294
0.633870588235292
0.638870588235293
0.643870588235294
0.648870588235291
0.653870588235292
0.658870588235293
0.663870588235293
0.668870588235294
0.673870588235292
0.678870588235293
0.683870588235293
0.688870588235291
0.693870588235295
0.698870588235293
0.703870588235291
0.708870588235291
0.713364705882352
0.71406470588235
0.714764705882352
0.71546470588235
0.716164705882351
0.716864705882353
0.717564705882351
0.718264705882349
0.718964705882351
0.719664705882352
0.720364705882351
0.721064705882352
0.72176470588235
0.722464705882352
0.723164705882353
0.723864705882354
0.724564705882353
0.725264705882351
0.725964705882352
0.726664705882351
0.727364705882355
0.728064705882351
0.728764705882352
0.729464705882353
0.730164705882352
0.730864705882353
0.734482352941174
0.741382352941178
0.748282352941177
0.755182352941176
0.762082352941174
0.768982352941175
0.775882352941177
0.782782352941175
0.789682352941177
0.796582352941175
0.803482352941177
0.810382352941175
0.817282352941176
0.824182352941175
0.831082352941176
0.837982352941178
0.844882352941176
0.851782352941175
0.858682352941176
0.865582352941177
0.872482352941176
0.879382352941177
0.886282352941176
0.893182352941177
0.900082352941176
0.906982352941174
0.911329411764704
0.915129411764706
0.918929411764707
0.922729411764705
0.926529411764707
0.930329411764705
0.934129411764704
0.937929411764705
0.941729411764703
0.945529411764705
0.949329411764703
0.953129411764705
0.956929411764706
0.960729411764704
0.964529411764703
0.968329411764704
0.972129411764703
0.975929411764704
0.979729411764703
0.983529411764704
0.987329411764702
0.991129411764701
0.994929411764702
0.998729411764704
1.0025294117647
1.00500588235294
1.00130588235294
0.997605882352939
0.993905882352938
0.99020588235294
0.986505882352938
0.98280588235294
0.979105882352939
0.975405882352938
0.97170588235294
0.968005882352941
0.96430588235294
0.960605882352939
0.956905882352938
0.95320588235294
0.949505882352941
0.94580588235294
0.942105882352939
0.938405882352941
0.934705882352939
0.931005882352941
0.92730588235294
0.923605882352939
0.919905882352941
0.916205882352942
0.912505882352938
0.912088235294117
0.914588235294116
0.917088235294118
0.919588235294117
0.922088235294116
0.924588235294117
0.927088235294117
0.929588235294118
0.932088235294114
0.934588235294116
0.937088235294118
0.939588235294117
0.942088235294116
0.944588235294115
0.947088235294116
0.949588235294118
0.952088235294117
0.954588235294116
0.957088235294115
0.959588235294117
0.962088235294118
0.964588235294115
0.967088235294116
0.969588235294115
0.972088235294114
0.974588235294116
0.97876470588235
0.983164705882352
0.987564705882349
0.991964705882349
0.996364705882351
1.00076470588235
1.00516470588235
1.00956470588235
1.01396470588235
1.01836470588235
1.02276470588235
1.02716470588235
1.03156470588235
1.03596470588235
1.04036470588235
1.04476470588235
1.04916470588235
1.05356470588235
1.05796470588235
1.06236470588235
1.06676470588235
1.07116470588235
1.07556470588235
1.07996470588235
1.08436470588235
1.0874
1.086
1.0846
1.0832
1.0818
1.0804
1.079
1.0776
1.0762
1.0748
1.0734
1.072
1.0706
1.0692
1.0678
1.0664
1.065
1.0636
1.0622
1.0608
1.0594
1.058
1.0566
1.0552
1.0538
1.0524
1.05276470588235
1.05436470588235
1.05596470588235
1.05756470588235
1.05916470588235
1.06076470588235
1.06236470588235
1.06396470588235
1.06556470588235
1.06716470588235
1.06876470588235
1.07036470588235
1.07196470588235
1.07356470588235
1.07516470588235
1.07676470588235
1.07836470588235
1.07996470588235
1.08156470588235
1.08316470588235
1.08476470588235
1.08636470588235
1.08796470588235
1.08956470588235
1.09116470588235
1.09276470588235
1.09445882352941
1.09615882352941
1.09785882352941
1.09955882352941
1.10125882352941
1.10295882352941
1.10465882352941
1.10635882352941
1.10805882352941
1.10975882352941
1.11145882352941
1.11315882352941
1.11485882352941
1.11655882352941
1.11825882352941
1.11995882352941
1.12165882352941
1.12335882352941
1.12505882352941
1.12675882352941
1.12845882352941
1.13015882352941
1.13185882352941
1.13355882352941
1.13525882352941
1.13387058823529
1.12507058823529
1.11627058823529
1.10747058823529
1.09867058823529
1.08987058823529
1.08107058823529
1.07227058823529
1.06347058823529
1.05467058823529
1.04587058823529
1.03707058823529
1.02827058823529
1.01947058823529
1.01067058823529
1.00187058823529
0.993070588235293
0.984270588235294
0.975470588235292
0.966670588235292
0.957870588235293
0.949070588235291
0.940270588235292
0.931470588235293
0.922670588235294
0.913870588235294
0.910247058823528
0.909447058823527
0.908647058823531
0.907847058823529
0.907047058823528
0.906247058823529
0.905447058823528
0.904647058823529
0.903847058823528
0.903047058823529
0.902247058823531
0.901447058823529
0.900647058823528
0.899847058823529
0.89904705882353
0.898247058823529
0.897447058823527
0.896647058823529
0.89584705882353
0.895047058823529
0.894247058823527
0.893447058823528
0.89264705882353
0.891847058823528
0.89104705882353
