0.625020000000001
0.624019999999999
0.623020000000003
0.622020000000001
0.621020000000002
0.620020000000001
0.619020000000002
0.618020000000001
0.617020000000002
0.61602
0.615020000000001
0.614020000000002
0.613020000000001
0.612020000000002
0.61102
0.610020000000001
0.60902
0.608020000000001
0.607019999999999
0.606020000000003
0.605020000000001
0.60402
0.60372
0.60622
0.60872
0.61122
0.61372
0.61622
0.618720000000002
0.62122
0.62372
0.62622
0.62872
0.631219999999999
0.633720000000002
0.636219999999999
0.638720000000002
0.641219999999999
0.643719999999999
0.646219999999999
0.648720000000001
0.651219999999999
0.653719999999999
0.656220000000001
0.656399999999998
0.653099999999999
0.6498
0.646500000000001
0.643199999999999
0.6399
0.636600000000001
0.633299999999999
0.63
0.626700000000001
0.6234
0.6201
0.616800000000001
0.6135
0.610200000000001
0.606900000000001
0.6036
0.600299999999998
0.596999999999999
0.5937
0.590400000000001
0.587099999999999
0.589499999999999
0.595700000000001
0.601900000000002
0.6081
0.614299999999999
0.6205
0.626700000000001
0.6329
0.639100000000001
0.645299999999999
0.651500000000001
0.657699999999999
0.6639
0.670099999999999
0.6763
0.682499999999999
0.6887
0.694900000000001
0.701099999999999
0.7073
0.713499999999999
0.7197
0.717739999999998
0.71374
0.709739999999999
0.705740000000001
0.70174
0.697739999999999
0.69374
0.68974
0.685740000000001
0.68174
0.677739999999999
0.673739999999999
0.66974
0.665739999999999
0.661740000000001
0.65774
0.653739999999999
0.649739999999998
0.64574
0.641740000000002
0.637739999999998
0.63374
0.62884
0.62394
0.61904
0.61414
0.60924
0.60434
0.59944
0.59454
0.58964
0.58474
0.57984
0.57494
0.570040000000001
0.565140000000001
0.560240000000001
0.555340000000001
0.550439999999998
0.545540000000001
0.540640000000001
0.535739999999998
0.530839999999999
0.527299999999999
0.529200000000002
0.5311
0.533
0.534899999999998
0.536799999999999
0.538699999999999
0.5406
0.5425
0.544400000000001
0.546299999999999
0.548200000000002
0.5501
0.551999999999998
0.553899999999999
0.555799999999999
0.5577
0.5596
0.561499999999998
0.563400000000001
0.565299999999999
0.5672
0.5667
0.5626
0.558500000000001
0.554400000000001
0.5503
0.546199999999999
0.542100000000001
0.538
0.533900000000002
0.529800000000001
0.5257
0.5216
0.517499999999999
0.513399999999998
0.5093
0.505199999999999
0.501100000000001
0.497
0.492900000000002
0.488799999999998
0.4847
0.480599999999999
0.479320000000001
0.479919999999998
0.48052
0.481120000000002
0.481720000000001
0.48232
0.482920000000002
0.483520000000002
0.484120000000001
0.48472
0.48532
0.485919999999999
0.486520000000001
0.48712
0.48772
0.488320000000002
0.488920000000001
0.489520000000001
0.49012
0.490720000000002
0.491320000000001
0.491920000000001
0.486840000000001
0.48034
0.473840000000002
0.467339999999999
0.460840000000001
0.45434
0.447840000000001
0.441340000000001
0.43484
0.428340000000002
0.421840000000001
0.41534
0.408839999999999
0.402339999999998
0.39584
0.389339999999999
0.382839999999999
0.37634
0.369839999999999
0.363339999999999
0.35684
0.35034
0.352839999999999
0.355339999999999
0.357839999999999
0.360340000000002
0.362839999999999
0.365339999999999
0.367839999999999
0.370340000000001
0.372839999999999
0.375340000000001
0.377840000000001
0.380340000000001
0.382839999999999
0.385340000000001
0.387840000000001
0.390340000000001
0.392840000000001
0.395340000000001
0.397840000000001
0.40034
0.40284
0.404240000000001
0.40124
0.398240000000003
0.395240000000001
0.392240000000001
0.389240000000002
0.38624
0.383240000000001
0.380240000000001
0.377239999999999
0.37424
0.371240000000001
0.368240000000001
0.365240000000002
0.36224
0.35924
0.356240000000001
0.353239999999999
0.350240000000002
0.34724
0.344240000000001
0.341240000000001
0.339640000000001
0.34014
0.34064
0.341140000000001
0.341640000000001
0.34214
0.34264
0.34314
0.343639999999999
0.344140000000001
0.34464
0.34514
0.345639999999999
0.346140000000001
0.346640000000001
0.34714
0.34764
0.348139999999999
0.348639999999999
0.349140000000001
0.34964
0.35014
0.35424
0.360739999999999
0.36724
0.37374
0.380240000000001
0.38674
0.39324
0.399740000000001
0.406239999999999
0.41274
0.419240000000001
0.425739999999999
0.43224
0.438740000000001
0.445239999999999
0.45174
0.458240000000001
0.464740000000002
0.47124
0.477740000000001
0.484240000000001
0.49074
0.4894
0.486100000000001
0.482800000000002
0.4795
0.476200000000001
0.4729
0.469600000000003
0.466300000000001
0.463
0.459700000000001
0.456400000000002
0.4531
0.449800000000001
0.446500000000002
0.4432
0.439900000000001
0.436600000000002
0.4333
0.430000000000004
0.4267
0.423400000000001
0.420100000000002
0.424800000000002
0.429499999999999
0.434200000000002
0.4389
0.443600000000002
0.4483
0.453
0.4577
0.4624
0.467100000000001
0.471800000000001
0.476500000000001
0.481200000000001
0.485900000000001
0.490600000000001
0.495300000000002
0.500000000000002
0.504700000000002
0.5094
0.5141
0.5188
0.522600000000001
0.522800000000001
0.523
0.5232
0.523399999999998
0.5236
0.5238
0.523999999999999
0.524199999999999
0.524399999999999
0.524600000000001
0.524800000000001
0.525000000000001
0.525200000000001
0.525400000000001
0.5256
0.5258
0.526
0.5262
0.5264
0.526599999999999
0.526800000000001
0.528960000000001
0.534060000000001
0.53916
0.54426
0.54936
0.55446
0.559559999999999
0.564659999999999
0.569759999999999
0.574859999999999
0.579959999999998
0.585059999999998
0.59016
0.59526
0.60036
0.60546
0.610559999999999
0.615660000000001
0.620759999999999
0.625859999999999
0.630959999999998
0.636059999999998
0.641219999999999
0.646419999999999
0.651619999999998
0.656819999999998
0.66202
0.66722
0.672420000000002
0.677620000000002
0.682820000000001
0.688020000000001
0.693220000000001
0.69842
0.70362
0.708819999999999
0.714020000000002
0.719220000000001
0.724420000000001
0.72962
0.73482
0.74002
0.745219999999999
0.750420000000001
0.75434
0.757940000000002
0.761540000000001
0.765140000000002
0.768740000000001
0.772340000000002
0.775940000000001
0.779540000000002
0.783140000000001
0.786740000000002
0.790339999999998
0.79394
0.797540000000001
0.80114
0.804740000000001
0.80834
0.811940000000001
0.815540000000002
0.819139999999999
0.82274
0.826339999999999
