0.71134
0.710039999999999
0.708739999999999
0.707440000000002
0.706139999999998
0.704840000000001
0.703540000000001
0.702239999999998
0.70094
0.69964
0.69834
0.697039999999999
0.695739999999999
0.694440000000002
0.693139999999999
0.691840000000001
0.690540000000001
0.689240000000001
0.68794
0.68664
0.68534
0.68404
0.682740000000002
0.681439999999999
0.680140000000002
0.678840000000002
0.677540000000001
0.676240000000001
0.674940000000001
0.67364
0.674860000000002
0.676260000000001
0.677660000000002
0.679060000000001
0.68046
0.681860000000001
0.68326
0.684660000000002
0.68606
0.687459999999999
0.688860000000001
0.690260000000003
0.691660000000001
0.69306
0.694460000000002
0.69586
0.697259999999999
0.698660000000001
0.700059999999999
0.701460000000001
0.70286
0.704260000000002
0.70566
0.707059999999999
0.708460000000001
0.709859999999999
0.711260000000001
0.71266
0.714059999999998
0.714593333333331
0.714993333333334
0.715393333333334
0.715793333333333
0.716193333333333
0.716593333333332
0.716993333333332
0.717393333333332
0.717793333333331
0.718193333333334
0.718593333333334
0.718993333333333
0.719393333333333
0.719793333333332
0.720193333333335
0.720593333333335
0.720993333333334
0.721393333333334
0.721793333333334
0.722193333333333
0.722593333333336
0.722993333333332
0.723393333333332
0.723793333333335
0.724193333333334
0.724593333333334
0.724993333333334
0.725393333333333
0.725793333333333
0.724433333333333
0.722633333333332
0.720833333333334
0.719033333333336
0.717233333333334
0.715433333333336
0.713633333333335
0.711833333333336
0.710033333333335
0.708233333333334
0.706433333333335
0.704633333333334
0.702833333333336
0.701033333333334
0.699233333333333
0.697433333333335
0.695633333333333
0.693833333333335
0.692033333333334
0.690233333333335
0.688433333333334
0.686633333333336
0.684833333333334
0.683033333333336
0.681233333333335
0.679433333333337
0.677633333333332
0.675833333333334
0.674033333333335
0.67348
0.673380000000001
0.67328
0.673180000000002
0.67308
0.672979999999999
0.67288
0.672780000000002
0.672680000000001
0.672580000000002
0.672480000000001
0.672379999999999
0.672280000000001
0.672180000000003
0.672080000000001
0.67198
0.671880000000001
0.671780000000003
0.671680000000002
0.67158
0.671480000000002
0.67138
0.671280000000002
0.67118
0.671079999999999
0.670980000000001
0.670879999999999
0.670780000000001
0.670679999999999
0.668913333333336
0.666313333333332
0.663713333333335
0.661113333333334
0.658513333333337
0.655913333333333
0.653313333333332
0.650713333333332
0.648113333333334
0.645513333333334
0.642913333333333
0.640313333333336
0.637713333333335
0.635113333333334
0.632513333333334
0.629913333333333
0.627313333333332
0.624713333333332
0.622113333333334
0.619513333333334
0.616913333333333
0.614313333333332
0.611713333333335
0.609113333333334
0.606513333333331
0.603913333333333
0.601313333333332
0.598713333333332
0.596113333333331
0.594353333333332
0.593153333333334
0.591953333333335
0.590753333333333
0.589553333333334
0.588353333333332
0.587153333333333
0.585953333333334
0.584753333333332
0.583553333333333
0.582353333333335
0.581153333333333
0.579953333333331
0.578753333333332
0.577553333333333
0.576353333333334
0.575153333333332
0.573953333333333
0.572753333333335
0.571553333333333
0.570353333333334
0.569153333333335
0.567953333333333
0.566753333333334
0.565553333333332
0.564353333333333
0.563153333333331
0.561953333333332
0.560753333333334
0.559766666666667
0.558966666666664
0.558166666666665
0.557366666666666
0.556566666666667
0.555766666666667
0.554966666666668
0.554166666666666
0.553366666666667
0.552566666666667
0.551766666666665
0.550966666666666
0.550166666666667
0.549366666666667
0.548566666666668
0.547766666666666
0.546966666666667
0.546166666666667
0.545366666666665
0.544566666666666
0.543766666666667
0.542966666666667
0.542166666666665
0.541366666666666
0.540566666666667
0.539766666666664
0.538966666666668
0.538166666666669
0.537366666666666
0.537266666666665
0.537966666666666
0.538666666666667
0.539366666666664
0.540066666666665
0.540766666666666
0.541466666666664
0.542166666666665
0.542866666666666
0.543566666666667
0.544266666666664
0.544966666666665
0.545666666666666
0.546366666666667
0.547066666666668
0.547766666666666
0.548466666666667
0.549166666666668
0.549866666666665
0.550566666666666
0.551266666666667
0.551966666666668
0.552666666666669
0.553366666666667
0.554066666666664
0.554766666666665
0.555466666666666
0.556166666666667
0.556866666666668
0.556926666666667
0.556026666666669
0.555126666666669
0.554226666666668
0.553326666666667
0.552426666666667
0.551526666666669
0.550626666666665
0.549726666666668
0.548826666666667
0.547926666666666
0.547026666666669
0.546126666666668
0.545226666666667
0.544326666666667
0.543426666666666
0.542526666666668
0.541626666666668
0.540726666666667
0.539826666666666
0.538926666666666
0.538026666666668
0.537126666666667
0.536226666666667
0.535326666666666
0.534426666666668
0.533526666666664
0.532626666666667
0.531726666666669
0.531926666666666
0.534326666666667
0.536726666666668
0.539126666666669
0.541526666666666
0.543926666666667
0.546326666666665
0.548726666666665
0.551126666666666
0.553526666666667
0.555926666666668
0.558326666666666
0.560726666666666
0.563126666666664
0.565526666666668
0.567926666666666
0.570326666666666
0.572726666666667
0.575126666666665
0.577526666666666
0.579926666666667
0.582326666666667
0.584726666666665
0.587126666666666
0.589526666666663
0.591926666666667
0.594326666666665
0.596726666666666
0.599126666666663
0.601206666666663
0.602406666666665
0.603606666666667
0.604806666666666
0.606006666666665
0.607206666666667
0.608406666666669
0.609606666666665
0.610806666666667
0.612006666666665
0.613206666666664
0.614406666666666
0.615606666666668
0.616806666666667
0.618006666666666
0.619206666666665
0.620406666666667
0.621606666666669
0.622806666666668
0.624006666666666
0.625206666666665
0.626406666666667
0.627606666666666
0.628806666666668
0.630006666666667
0.631206666666669
0.632406666666668
0.63360666666667
0.634806666666665
0.635966666666668
0.636966666666667
0.637966666666666
0.638966666666668
0.639966666666671
0.64096666666667
0.641966666666669
0.642966666666668
0.643966666666667
0.644966666666669
0.645966666666668
0.646966666666667
0.647966666666669
0.648966666666668
0.649966666666667
0.650966666666669
0.651966666666668
0.652966666666667
0.653966666666669
0.654966666666668
0.655966666666667
0.65696666666667
0.657966666666669
0.658966666666668
0.659966666666667
0.660966666666669
0.661966666666668
0.662966666666667
0.663966666666666
0.665166666666671
0.667666666666667
0.670166666666666
0.672666666666669
0.675166666666668
0.67766666666667
0.680166666666666
0.682666666666668
0.685166666666667
0.687666666666666
0.690166666666669
0.692666666666668
0.695166666666667
0.697666666666669
0.700166666666665
0.702666666666668
0.70516666666667
0.707666666666666
0.710166666666668
0.712666666666667
0.715166666666666
0.717666666666669
0.720166666666668
0.722666666666667
0.725166666666669
0.727666666666668
0.730166666666668
0.732666666666667
0.735166666666666
0.737559999999999
0.73846
0.73936
0.740260000000001
0.741159999999999
0.742059999999999
0.74296
0.743860000000001
0.744759999999998
0.745659999999999
0.74656
0.74746
0.748360000000001
0.749259999999999
0.750160000000003
0.75106
0.751960000000001
0.752860000000002
0.753759999999999
0.75466
0.75556
0.756460000000001
0.757359999999999
0.758259999999999
0.75916
0.760060000000001
0.760960000000002
0.761860000000002
0.76276
