0.527543333333334
0.529643333333333
0.531743333333333
0.533843333333334
0.535943333333334
0.538043333333333
0.540143333333333
0.542243333333334
0.544343333333335
0.546443333333334
0.548543333333334
0.550643333333333
0.552743333333333
0.554843333333334
0.556943333333335
0.557503333333335
0.556303333333335
0.555103333333335
0.553903333333334
0.552703333333334
0.551503333333335
0.550303333333334
0.549103333333334
0.547903333333334
0.546703333333335
0.545503333333334
0.544303333333334
0.543103333333334
0.541903333333335
0.540703333333334
0.53941
0.538110000000001
0.536810000000001
0.535510000000001
0.53421
0.532910000000002
0.53161
0.530310000000001
0.529010000000001
0.52771
0.52641
0.52511
0.523809999999999
0.522509999999999
0.523809999999999
0.529010000000001
0.53421
0.53941
0.54461
0.549809999999999
0.555010000000001
0.56021
0.56541
0.570610000000001
0.575810000000001
0.58101
0.586210000000002
0.591410000000001
0.596610000000001
0.599383333333334
0.601783333333335
0.604183333333334
0.606583333333333
0.608983333333334
0.611383333333335
0.613783333333334
0.616183333333334
0.618583333333334
0.620983333333334
0.623383333333333
0.625783333333334
0.628183333333333
0.630583333333334
0.633483333333334
0.637383333333333
0.641283333333333
0.645183333333334
0.649083333333333
0.652983333333334
0.656883333333333
0.660783333333334
0.664683333333335
0.668583333333335
0.672483333333334
0.676383333333333
0.680283333333334
0.684183333333333
0.688083333333333
0.686863333333334
0.684363333333334
0.681863333333334
0.679363333333334
0.676863333333333
0.674363333333334
0.671863333333333
0.669363333333332
0.666863333333333
0.664363333333334
0.661863333333333
0.659363333333333
0.656863333333334
0.654363333333335
0.65365
0.657849999999999
0.66205
0.666249999999999
0.670450000000001
0.67465
0.678849999999999
0.68305
0.68725
0.691449999999999
0.69565
0.699850000000001
0.70405
0.70825
0.712449999999999
0.716576666666666
0.720676666666666
0.724776666666666
0.728876666666666
0.732976666666667
0.737076666666666
0.741176666666667
0.745276666666668
0.749376666666667
0.753476666666668
0.757576666666667
0.761676666666667
0.765776666666667
0.769876666666667
0.772456666666668
0.768956666666667
0.765456666666667
0.761956666666668
0.758456666666668
0.754956666666666
0.751456666666668
0.747956666666667
0.744456666666666
0.740956666666667
0.737456666666666
0.733956666666666
0.730456666666667
0.726956666666667
0.723456666666667
0.721489999999999
0.720289999999999
0.71909
0.71789
0.716690000000001
0.71549
0.71429
0.71309
0.711890000000001
0.71069
0.70949
0.708290000000001
0.707089999999999
0.70589
0.705103333333333
0.707003333333335
0.708903333333334
0.710803333333334
0.712703333333334
0.714603333333333
0.716503333333335
0.718403333333334
0.720303333333334
0.722203333333334
0.724103333333334
0.726003333333333
0.727903333333335
0.729803333333333
0.731703333333334
0.733483333333334
0.735183333333334
0.736883333333334
0.738583333333334
0.740283333333334
0.741983333333334
0.743683333333334
0.745383333333334
0.747083333333334
0.748783333333333
0.750483333333333
0.752183333333333
0.753883333333333
0.755583333333333
0.757123333333334
0.756423333333333
0.755723333333332
0.755023333333333
0.754323333333332
0.753623333333334
0.752923333333333
0.752223333333333
0.751523333333333
0.750823333333334
0.750123333333333
0.749423333333332
0.748723333333333
0.748023333333334
0.747323333333334
0.747583333333333
0.748683333333335
0.749783333333334
0.750883333333335
0.751983333333333
0.753083333333334
0.754183333333335
0.755283333333335
0.756383333333334
0.757483333333333
0.758583333333333
0.759683333333334
0.760783333333334
0.761883333333333
0.762983333333334
0.767583333333334
0.772183333333333
0.776783333333335
0.781383333333333
0.785983333333333
0.790583333333334
0.795183333333334
0.799783333333334
0.804383333333333
0.808983333333333
0.813583333333333
0.818183333333334
0.822783333333334
0.827383333333332
0.831096666666666
0.833796666666666
0.836496666666667
0.839196666666667
0.841896666666666
0.844596666666667
0.847296666666666
0.849996666666668
0.852696666666667
0.855396666666666
0.858096666666668
0.860796666666667
0.863496666666666
0.866196666666666
0.868896666666667
0.869169999999999
0.869270000000001
0.86937
0.86947
0.86957
0.86967
0.86977
0.86987
0.86997
0.87007
0.87017
0.870270000000001
0.870369999999999
0.870469999999999
0.870010000000001
0.868709999999999
0.867409999999999
0.86611
0.864810000000001
0.863510000000001
0.86221
0.86091
0.85961
0.85831
0.857010000000001
0.855709999999999
0.85441
0.85311
0.851810000000001
0.850250000000001
0.84865
0.847050000000001
0.84545
0.84385
0.84225
0.84065
0.83905
0.83745
0.83585
0.83425
0.832649999999999
0.83105
0.829449999999999
0.829216666666666
0.831716666666666
0.834216666666665
0.836716666666666
0.839216666666667
0.841716666666666
0.844216666666667
0.846716666666667
0.849216666666668
0.851716666666667
0.854216666666666
0.856716666666667
0.859216666666666
0.861716666666667
0.864216666666666
0.864716666666667
0.864716666666667
0.864716666666667
0.864716666666667
0.864716666666667
0.864716666666667
0.864716666666667
0.864716666666667
0.864716666666667
0.864716666666667
0.864716666666667
0.864716666666667
0.864716666666667
0.864716666666667
0.862743333333333
0.855343333333334
0.847943333333333
0.840543333333333
0.833143333333334
0.825743333333333
0.818343333333332
0.810943333333333
0.803543333333334
0.796143333333332
0.788743333333333
0.781343333333332
0.773943333333333
0.766543333333332
0.759143333333334
0.75497
0.75197
0.74897
0.745969999999999
0.742969999999999
0.739969999999999
0.73697
0.73397
0.73097
0.72797
0.724969999999999
0.721969999999999
0.718970000000001
0.715969999999999
0.715469999999999
0.724969999999999
0.73447
0.74397
0.75347
0.76297
0.77247
0.781970000000001
0.791469999999999
0.800970000000001
0.81047
0.81997
0.82947
0.83897
0.84847
0.849036666666668
0.845136666666667
0.841236666666668
0.837336666666667
0.833436666666667
0.829536666666667
0.825636666666666
0.821736666666666
0.817836666666667
0.813936666666666
0.810036666666667
0.806136666666667
0.802236666666668
0.798336666666667
0.795063333333333
0.795863333333334
0.796663333333333
0.797463333333334
0.798263333333333
0.799063333333334
0.799863333333333
0.800663333333334
0.801463333333334
0.802263333333334
0.803063333333334
0.803863333333334
0.804663333333333
0.805463333333334
0.806263333333334
0.805203333333333
0.802903333333334
0.800603333333333
0.798303333333334
0.796003333333334
0.793703333333335
0.791403333333334
0.789103333333333
0.786803333333334
0.784503333333335
0.782203333333334
0.779903333333334
0.777603333333335
0.775303333333334
0.772836666666667
0.768036666666668
0.763236666666668
0.758436666666668
0.753636666666668
0.748836666666668
0.744036666666666
0.739236666666668
0.734436666666668
0.729636666666668
0.724836666666666
0.720036666666668
0.715236666666668
0.710436666666668
0.705636666666668
0.702330000000002
0.700330000000002
0.698329999999999
0.696330000000001
0.694330000000002
0.69233
0.690330000000001
0.688330000000001
0.68633
0.68433
0.682330000000001
0.680329999999999
0.67833
0.67633
