0.696052380952381
0.691352380952381
0.686652380952381
0.681952380952381
0.67725238095238
0.672552380952381
0.66785238095238
0.663422222222223
0.662122222222222
0.660822222222223
0.659522222222222
0.658222222222222
0.656922222222223
0.655622222222222
0.654528571428571
0.654528571428571
0.654528571428571
0.654528571428571
0.654528571428571
0.654528571428571
0.654528571428571
0.654290476190476
0.653290476190477
0.652290476190476
0.651290476190476
0.650290476190477
0.649290476190476
0.648290476190476
0.648274603174603
0.650374603174603
0.652474603174604
0.654574603174603
0.656674603174603
0.658774603174603
0.660874603174603
0.661307936507936
0.659207936507937
0.657107936507937
0.655007936507937
0.652907936507936
0.650807936507937
0.648707936507937
0.645703174603175
0.641703174603174
0.637703174603175
0.633703174603174
0.629703174603175
0.625703174603175
0.621703174603175
0.61875873015873
0.61665873015873
0.61455873015873
0.61245873015873
0.61035873015873
0.60825873015873
0.60615873015873
0.60494761904762
0.604247619047619
0.603547619047619
0.602847619047619
0.602147619047619
0.601447619047619
0.600747619047619
0.600547619047619
0.600547619047619
0.600547619047619
0.600547619047619
0.600547619047619
0.600547619047619
0.600547619047619
0.601658730158731
0.60305873015873
0.60445873015873
0.60585873015873
0.60725873015873
0.60865873015873
0.61005873015873
0.612942857142858
0.616042857142857
0.619142857142858
0.622242857142857
0.625342857142858
0.628442857142858
0.631542857142858
0.632166666666667
0.632666666666666
0.633166666666667
0.633666666666667
0.634166666666667
0.634666666666667
0.63509365079365
0.63329365079365
0.631493650793651
0.62969365079365
0.627893650793651
0.626093650793651
0.62429365079365
0.62228253968254
0.61858253968254
0.614882539682539
0.61118253968254
0.60748253968254
0.60378253968254
0.60008253968254
0.596915873015873
0.596015873015873
0.595115873015873
0.594215873015873
0.593315873015873
0.592415873015873
0.591515873015873
0.591371428571429
0.593271428571429
0.595171428571429
0.597071428571429
0.598971428571429
0.600871428571429
0.602771428571429
0.603973015873016
0.603873015873016
0.603773015873016
0.603673015873015
0.603573015873016
0.603473015873017
0.603373015873016
0.601901587301587
0.598601587301587
0.595301587301587
0.592001587301587
0.588701587301588
0.585401587301587
0.582101587301587
0.578801587301587
0.575501587301587
0.572201587301588
0.568901587301587
0.565601587301588
0.562301587301587
0.559001587301587
0.554996825396825
0.550496825396826
0.545996825396825
0.541496825396825
0.536996825396826
0.532496825396825
0.527996825396826
0.528496825396825
0.531496825396825
0.534496825396825
0.537496825396826
0.540496825396826
0.543496825396826
0.546496825396826
0.550392063492064
0.554592063492063
0.558792063492064
0.562992063492064
0.567192063492064
0.571392063492064
0.575592063492064
0.57814126984127
0.58034126984127
0.58254126984127
0.58474126984127
0.58694126984127
0.58914126984127
0.59134126984127
0.589469841269841
0.587169841269842
0.584869841269841
0.582569841269841
0.580269841269842
0.577969841269842
0.575669841269841
0.572779365079366
0.569879365079365
0.566979365079366
0.564079365079365
0.561179365079365
0.558279365079365
0.555855555555556
0.560455555555556
0.565055555555556
0.569655555555555
0.574255555555556
0.578855555555556
0.583455555555555
0.587498412698412
0.588198412698413
0.588898412698413
0.589598412698412
0.590298412698412
0.590998412698412
0.591698412698413
0.592153968253968
0.591753968253968
0.591353968253968
0.590953968253968
0.590553968253968
0.590153968253968
0.589753968253968
0.589173015873017
0.588173015873017
0.587173015873016
0.586173015873016
0.585173015873016
0.584173015873016
0.583173015873016
0.581944444444445
0.580344444444444
0.578744444444445
0.577144444444444
0.575544444444445
0.573944444444445
0.572344444444445
0.569777777777777
0.566077777777778
0.562377777777778
0.558677777777778
0.554977777777777
0.551277777777778
0.547577777777778
0.54474126984127
0.54264126984127
0.540541269841269
0.538441269841269
0.536341269841269
0.53424126984127
0.53214126984127
0.531526984126984
0.531826984126984
0.532126984126984
0.532426984126984
0.532726984126985
0.533026984126984
0.533326984126985
0.537747619047619
0.543947619047619
0.550147619047619
0.556347619047619
0.562547619047619
0.568747619047619
0.57494761904762
0.575625396825397
0.574725396825397
0.573825396825398
0.572925396825397
0.572025396825397
0.571125396825397
0.570225396825397
0.563153968253968
0.555053968253968
0.546953968253968
0.538853968253969
0.530753968253969
0.522653968253968
0.514553968253968
0.514039682539683
0.514039682539683
0.514039682539683
0.514039682539683
0.514039682539683
0.514039682539683
0.514049206349207
0.514649206349207
0.515249206349207
0.515849206349206
0.516449206349207
0.517049206349206
0.517649206349206
0.517801587301588
0.513701587301587
0.509601587301587
0.505501587301587
0.501401587301587
0.497301587301587
0.493201587301587
0.489328571428571
0.486528571428571
0.483728571428571
0.480928571428571
0.478128571428572
0.475328571428572
0.472528571428572
0.47046507936508
0.470565079365079
0.47066507936508
0.47076507936508
0.47086507936508
0.470965079365079
0.471065079365079
0.472431746031746
0.476331746031746
0.480231746031746
0.484131746031746
0.488031746031746
0.491931746031746
0.495831746031747
0.498947619047619
0.50094761904762
0.502947619047619
0.504947619047619
0.50694761904762
0.508947619047619
0.510947619047619
0.514866666666667
0.520766666666667
0.526666666666667
0.532566666666667
0.538466666666667
0.544366666666666
0.550266666666666
0.551823809523809
0.550123809523809
0.54842380952381
0.54672380952381
0.545023809523809
0.543323809523809
0.54162380952381
0.543112698412699
0.546312698412698
0.549512698412699
0.552712698412699
0.555912698412698
0.559112698412699
0.562312698412698
0.56565873015873
0.56905873015873
0.57245873015873
0.57585873015873
0.57925873015873
0.58265873015873
0.58605873015873
0.585573015873016
0.584173015873016
0.582773015873016
0.581373015873016
0.579973015873016
0.578573015873016
0.577173015873016
0.576750793650794
0.576450793650794
0.576150793650794
0.575850793650794
0.575550793650794
0.575250793650794
0.574950793650794
0.572907936507936
0.570807936507937
0.568707936507937
0.566607936507937
0.564507936507937
0.562407936507937
0.560484126984128
0.562084126984127
0.563684126984127
0.565284126984128
0.566884126984128
0.568484126984127
0.570084126984127
0.572484126984126
0.580384126984127
0.588284126984127
0.596184126984127
0.604084126984127
0.611984126984127
0.619884126984127
0.625349206349206
0.621449206349206
0.617549206349206
0.613649206349207
0.609749206349206
0.605849206349206
0.601949206349206
0.598820634920635
0.597620634920635
0.596420634920635
0.595220634920635
0.594020634920636
0.592820634920635
0.591620634920635
0.592136507936508
0.595636507936508
0.599136507936508
0.602636507936508
0.606136507936508
0.609636507936508
0.613136507936508
0.613392063492063
0.609592063492063
0.605792063492064
0.601992063492063
0.598192063492064
0.594392063492064
0.590592063492064
0.587420634920635
0.584820634920636
0.582220634920636
0.579620634920635
0.577020634920635
0.574420634920635
0.571820634920636
0.571271428571428
0.572071428571428
0.572871428571429
0.573671428571429
0.574471428571429
0.575271428571429
0.576071428571429
0.577895238095239
0.580195238095239
0.582495238095238
0.584795238095238
0.587095238095238
0.589395238095239
0.591695238095238
0.596661904761905
0.602461904761904
0.608261904761905
0.614061904761905
0.619861904761905
0.625661904761905
0.631461904761905
0.634569841269841
0.637169841269841
0.639769841269841
0.642369841269841
0.644969841269841
0.64756984126984
0.650169841269841
0.653874603174603
0.657674603174603
0.661474603174603
0.665274603174603
0.669074603174603
0.672874603174603
