188.255970149254
179.636567164179
163.378358208955
139.112686567164
140.160447761194
143.464925373134
159.315671641791
205.651492537313
232.852985074627
227.629104477612
216.673880597015
215.517164179104
217.838059701493
227.509701492537
221.727611940299
202.136567164179
182.584328358209
158.84552238806
148.867910447761
146.308208955224
155.569402985075
195.361940298507
233.45
233.651492537313
225.557462686567
214.203731343284
218.435074626866
224.591791044776
230.435074626866
210.099253731343
187.166417910448
168.958955223881
153.390298507463
147.315671641791
154.569402985075
179.21119402985
223.300746268657
235.987313432836
231.629104477612
218.472388059702
221.987313432836
226.778358208955
230.739552238806
215.121641791045
196.017164179105
179.29328358209
155.390298507463
146.875373134328
152.972388059702
163.599253731343
205.748507462686
225.017164179104
222.226119402985
210.591791044776
207.673880597015
208.920149253731
223.420149253731
223.927611940299
204.300746268657
184.158955223881
161.00223880597
150.300746268657
149.300746268657
157.964925373134
196.375373134328
225.114179104478
227.599253731343
216.218656716418
204.721641791045
206.360447761194
206.479850746269
229.367910447761
209.927611940299
189.338059701492
166.187313432836
154.39776119403
148.55447761194
148.300746268657
165.55447761194
187.979850746268
202.34552238806
195.017164179104
178.136567164179
174.703731343284
174.076865671642
199.479850746269
197.45
179.060447761194
164.076865671642
149.896268656716
142.405223880597
139.464925373134
145.629104477612
147.226119402985
162.814179104477
173.524626865672
167.121641791045
160.330597014925
156.841044776119
177.890298507462
187.748507462687
181.39776119403
171.647014925373
153.539552238806
143.838059701493
143.121641791045
151.852985074627
195.755970149254
229.688805970149
230.539552238806
221.479850746269
212.561940298507
218.703731343284
226.039552238806
229.166417910448
208.755970149254
185.89776119403
172.969402985075
151.629104477612
147.39776119403
151.061940298507
178.644029850747
216.464925373134
226.551492537313
224.942537313433
207.591791044776
206.718656716418
208.188805970149
224.196268656717
213.00223880597
192.703731343284
176.069402985074
156.79328358209
148.34552238806
148.464925373134
167.29328358209
207.957462686567
227.690298507463
223.423134328358
210.942537313433
206.136567164179
207.614179104478
211.435074626866
219.032089552239
201.808208955224
181.151492537313
163.867910447761
152.673880597015
149.539552238806
158.338059701492
194.061940298507
224.629104477612
225.748507462687
211.308208955224
202.136567164179
207.34552238806
205.903731343284
232.89328358209
208.655970149254
185.494776119403
169.688805970149
153.405223880597
147.00223880597
152.293283582089
175.861940298507
212.233582089552
224.688805970149
218.211194029851
202.942537313433
205.539552238806
202.196268656716
217.34552238806
212.584328358209
190.84552238806
175.91567164179
152.912686567164
149.270895522388
149.158955223881
156.360447761194
177.375373134328
194.55447761194
190.957462686567
177.196268656716
168.50223880597
168.936567164179
180.651492537313
194.539552238806
183.032089552239
166.375373134329
151.397761194029
142.300746268657
138.867910447761
141.867910447761
147.024626865672
157.306716417911
168.487313432836
164.596268656716
154.136567164179
151.420149253731
158.121641791046
