213.238095238095
204.738095238095
191.380952380953
173.785714285714
157.8
146.571428571429
135.523809523809
123.52380952381
120.095238095238
120.761904761905
124.904761904762
134.119047619048
153.157142857143
201.057142857143
255.380952380953
278.952380952381
285.971428571429
286.238095238095
280.309523809524
274.809523809524
257.880952380952
257.142857142857
257.928571428571
260.690476190476
269.285714285714
269.785714285714
290.285714285714
287.714285714286
272.285714285714
253.142857142857
234.309523809524
212.738095238095
189.738095238095
173.938095238095
153.404761904762
137.761904761905
133.47619047619
134.880952380952
125.880952380952
134.071428571429
171.928571428572
202.490476190476
225.690476190476
265.404761904762
291.404761904762
294.261904761905
289.333333333333
275.761904761905
260.5
251.166666666667
244.666666666667
248.666666666667
252.666666666667
264.095238095238
282.666666666667
298.714285714286
294.380952380952
263.380952380952
247.809523809524
227.142857142857
205.5
184.771428571429
159.642857142857
145.642857142857
139.333333333333
134.547619047619
131.357142857143
133.02380952381
142.452380952381
154.452380952381
205.119047619047
249.490476190476
280.547619047619
294.404761904762
293.02380952381
290.02380952381
281.02380952381
257.857142857143
249
251
252.761904761905
253.952380952381
258.952380952381
289.495238095238
293.095238095238
276.571428571428
257.5
243.357142857143
218.357142857143
196.97619047619
183.404761904762
170.290476190476
153.357142857143
137.5
146.5
135.976190476191
135.52380952381
145.666666666667
174.119047619047
223.238095238095
270.738095238095
300.738095238095
301.190476190476
297.476190476191
294.619047619048
285.023809523809
258.919047619048
260.719047619048
265.690476190476
268.52380952381
273.119047619048
286.119047619047
308.380952380952
299.880952380952
274.190476190476
254.904761904762
231.047619047619
204.047619047619
185.17619047619
167.07619047619
149.547619047619
139.133333333333
130.761904761905
128.166666666667
135.547619047619
144.547619047619
150.547619047619
192.895238095238
235.5
269.571428571429
294.428571428571
303.547619047619
295.047619047619
292.119047619048
272.119047619048
259.547619047619
262.047619047619
258.047619047619
263.547619047619
267.238095238095
286.523809523809
295.833333333333
283.166666666667
258.238095238095
245.738095238095
222.285714285714
202.095238095238
187.32380952381
172.52380952381
153.095238095238
136.095238095238
131.595238095238
129.52380952381
132.976190476191
139.476190476191
150.857142857142
177.571428571428
198.571428571428
217.857142857143
229.857142857143
229.785714285714
221.571428571429
215.085714285715
194.485714285714
179.495238095238
176.809523809524
176.766666666667
177.133333333333
187.047619047619
227.047619047619
242.761904761905
236.690476190476
223.619047619047
207.452380952381
187.52380952381
170.02380952381
157.023809523809
144.023809523809
134.119047619048
125.904761904762
117.047619047619
108.02380952381
118.523809523809
124.738095238095
131.904761904762
134.428571428571
137.214285714286
155.666666666666
173.666666666667
179.452380952381
186.452380952381
181.357142857143
166.690476190476
158.190476190476
158.690476190476
153.47619047619
162.452380952381
184.238095238096
204.619047619048
211.47619047619
