112.3
112.9
124.347619047619
130.42380952381
131.666666666667
137.371428571429
156.990476190476
172.990476190476
185.561904761905
190.228571428571
184.704761904762
171.633333333333
158.985714285714
159.185714285714
160.471428571429
180.871428571428
199.442857142857
207.47619047619
211.019047619048
211.219047619048
204.561904761905
192.228571428571
175.657142857143
159.633333333333
146.319047619048
127.419047619048
122.419047619048
119.847619047619
120.942857142857
122.657142857143
126.82380952381
145.995238095238
198.595238095238
240.480952380952
278.847619047619
300.395238095238
299.823809523809
288.966666666667
288.966666666667
270.419047619048
267.561904761905
270.609523809524
273.942857142857
281.228571428571
296.228571428571
293.895238095238
289.247619047619
276.204761904762
258.157142857143
240.228571428572
216.228571428571
191.328571428572
170.719047619048
149.942857142857
138.514285714286
136.704761904762
123.466666666667
125.466666666667
135.609523809524
152.109523809524
180.252380952381
221.252380952381
266.585714285714
286.585714285714
297.990476190476
297.919047619048
287.490476190476
271.657142857143
259.085714285714
264.085714285714
267.847619047619
264.919047619048
279.633333333333
298.466666666667
298.347619047619
291.347619047619
270.347619047619
250.966666666667
227.633333333333
204.033333333333
183.490476190476
162.861904761905
149.661904761905
141.347619047619
133.514285714286
129.561904761905
131.919047619048
139.223809523809
149.42380952381
199.704761904762
242.061904761905
272.438095238095
288.871428571429
288.728571428571
278.728571428572
272.919047619048
258.480952380952
249.395238095238
247.919047619048
250.633333333333
260.633333333333
272.633333333333
287.466666666667
293.371428571429
284.371428571429
263.609523809524
243.371428571428
218.371428571429
204.942857142857
180.309523809524
164.061904761905
158.204761904762
138.728571428571
133.728571428571
129.633333333333
137.061904761905
146.07619047619
167.276190476191
217.704761904762
264.704761904762
290.752380952381
296.095238095238
293.180952380952
287.919047619048
278.942857142857
259.442857142857
254.442857142857
258.590476190476
264.642857142857
277.014285714286
294.680952380952
300.895238095238
291.395238095238
271.780952380952
256.014285714286
233.014285714286
205.014285714286
191.347619047619
171.347619047619
156.776190476191
144.204761904762
136.395238095238
135.061904761905
139.633333333333
147.633333333333
156.585714285714
196.061904761905
240.204761904761
275.942857142857
298.133333333333
295.633333333333
296.633333333333
289.133333333333
270.966666666666
254.966666666667
251.8
257.752380952381
264.752380952381
287.609523809524
298.77619047619
294.919047619048
282.704761904762
269.776190476191
243.27619047619
218.133333333334
198.133333333333
181.704761904762
163.371428571429
140.371428571429
129.371428571428
131.704761904762
132.419047619048
133.276190476191
136.757142857143
148.085714285714
179.085714285714
193.585714285714
220.633333333334
234.538095238095
234.680952380952
228.252380952381
217.061904761904
202.061904761905
189.804761904762
180.204761904762
177.419047619048
187.061904761905
211.728571428571
233.228571428572
241.609523809524
234.32380952381
216.871428571429
197.371428571429
182.842857142857
174.142857142857
159.061904761905
140.233333333334
129.133333333333
124.595238095238
118.871428571429
