219.652380952381
214.652380952381
209.652380952381
196.914285714286
181.985714285714
169.057142857143
151.604761904762
135.104761904762
130.604761904762
127.771428571429
124.771428571429
124.485714285714
131.7
145.7
194.985714285715
240.7
276.009523809524
296.342857142857
298.557142857143
290.057142857143
284.890476190476
271.509523809524
261.509523809524
257.72380952381
257.295238095238
259.295238095238
258.295238095238
277.128571428571
286.080952380952
276.652380952381
255.842857142857
238.661904761905
217.861904761905
193.033333333333
171.533333333333
152.985714285714
138.914285714286
133.509523809524
129.009523809524
124.961904761905
129.890476190476
144.67619047619
173.509523809524
217.195238095238
249.995238095238
279.652380952381
288.961904761905
287.961904761905
278.628571428571
261.009523809524
245.009523809524
240.009523809524
241.485714285714
245.104761904762
247.604761904762
255.842857142857
287.271428571429
287.271428571429
273.557142857143
258.223809523809
235.938095238095
212.438095238095
202.995238095238
165.595238095238
148.914285714286
139.057142857143
132.104761904762
129.104761904762
132.247619047619
136.247619047619
158.819047619048
207.842857142857
248.728571428572
273.795238095238
289.17619047619
289.17619047619
296.87619047619
284.580952380952
265.104761904762
252.461904761905
251.628571428571
252.533333333333
245.533333333333
246.247619047619
269.914285714286
286.319047619048
278.819047619048
261.747619047619
248.747619047619
221
202.628571428572
181.295238095238
159.461904761905
149.319047619048
135.319047619048
134.17619047619
131.390476190476
134.461904761905
146.728571428571
171.128571428571
217.628571428571
244.928571428572
267.533333333334
282.533333333333
289.247619047619
285.723809523809
267.771428571428
250.771428571429
245.771428571429
244.104761904762
245.485714285714
247.342857142857
247.509523809524
282.509523809524
288.557142857143
276.557142857143
260.128571428571
240.195238095238
211.795238095238
191.795238095238
168.461904761905
151.057142857143
142.071428571429
135.72380952381
127.819047619048
128.819047619048
134.819047619048
150.533333333333
189.271428571428
232.542857142857
261.795238095238
280.557142857143
284.557142857143
280.842857142857
269.909523809524
253.342857142857
239.842857142857
241.009523809524
239.009523809524
237.914285714286
237.271428571429
254.319047619048
280.652380952381
287.366666666666
256.366666666666
244.414285714286
222.9
203.985714285714
185.866666666667
162.72380952381
143.22380952381
138.723809523809
131.795238095238
130.795238095238
132.509523809524
136.438095238095
153.366666666666
178.866666666667
196.22380952381
215.357142857143
231.2
235.957142857143
225.890476190476
211.390476190476
193.271428571429
181.271428571429
176.480952380952
175.380952380952
173.438095238095
172.438095238095
208.580952380953
232.866666666666
234.580952380952
220.295238095238
203.72380952381
193.22380952381
177.723809523809
161.414285714286
142.747619047619
128.104761904762
120.961904761905
115.271428571429
115.771428571429
117.557142857143
125.22380952381
135.009523809524
139.866666666667
135.985714285714
147.485714285714
162.152380952381
171.795238095238
175.628571428571
170.461904761905
155.604761904762
150.604761904762
150.366666666667
146.557142857143
143.557142857143
153.866666666666
183.271428571428
