90.4857142857143
105.485714285714
120.485714285714
136.104761904762
146.533333333333
149.771428571429
152.87619047619
138.076190476191
132.619047619048
128.652380952381
126.461904761905
124.890476190476
119.890476190476
114.890476190476
120.747619047619
129.890476190476
141.985714285714
157.319047619048
171.747619047619
164.747619047619
151.176190476191
134.914285714286
121.342857142857
111.866666666667
105.819047619048
103.819047619048
108.819047619048
117.704761904762
141.247619047619
180.533333333333
225.009523809524
253.72380952381
256.72380952381
250.295238095238
246.295238095238
239.580952380952
228.82380952381
221.961904761905
224.961904761905
233.028571428571
231.628571428571
230.104761904762
230.338095238095
225.938095238095
214.938095238095
222.033333333333
210.985714285714
195.128571428572
178.566666666667
160.857142857143
149.057142857143
134.057142857143
128.771428571429
125.152380952381
126.295238095238
134.057142857143
143.247619047619
196.247619047619
220.104761904762
252.438095238095
269.533333333333
262.819047619048
257.771428571429
261.771428571429
233.2
226.914285714286
230.390476190476
231.390476190476
229.533333333333
234.533333333333
241.438095238095
240.819047619048
232.104761904762
227.866666666667
230.819047619048
203.819047619048
201.819047619048
179.661904761905
160.066666666667
148.866666666667
140.247619047619
123.814285714286
118.714285714286
119.7
140.033333333333
161.438095238095
184.652380952381
232.17619047619
256.176190476191
260.271428571429
259.414285714286
257.414285714286
249.747619047619
232.17619047619
223.176190476191
230.366666666667
234.557142857143
222.7
206.176190476191
200.938095238095
198.938095238095
202.938095238095
215.842857142857
211.033333333333
197.033333333333
181.319047619047
148.347619047619
135.947619047619
133.490476190476
131.357142857143
128.938095238095
127.509523809524
127.195238095238
123.895238095238
157.509523809524
203.723809523809
241.166666666667
259.033333333333
259.347619047619
255.547619047619
252.319047619048
239.366666666667
230.795238095238
231.604761904762
240.414285714286
256.914285714286
246.414285714286
231.461904761905
221.652380952381
214.366666666667
212.271428571429
230.4
211.1
197.2
175.666666666667
155.009523809524
140.295238095238
126.866666666667
118.866666666667
115.842857142857
113.7
118.090476190476
137.82380952381
178.366666666667
229.366666666667
250.842857142857
254.995238095238
252.652380952381
246.485714285714
235.890476190476
224.890476190476
220.890476190476
222.880952380952
220.523809523809
214.495238095238
207.866666666667
200.247619047619
200.247619047619
189.104761904762
191.438095238095
195.72380952381
193.72380952381
190.009523809524
170.009523809523
151.819047619048
137.390476190476
130.152380952381
126.152380952381
119.72380952381
122.72380952381
117.914285714286
128.866666666666
156.409523809525
190.628571428571
214.2
206.2
202.2
189.133333333333
175.295238095238
164.866666666667
157.628571428572
150.295238095238
156.295238095238
151.152380952381
151.485714285714
153.580952380952
154.152380952381
156.342857142857
160.342857142857
160.72380952381
158.72380952381
149.480952380952
136.747619047619
126.604761904762
103.604761904762
99.6523809523809
101.985714285714
101.871428571428
96.0809523809525
86.652380952381
