112.957185628743
113.457185628743
122.382335329341
132.475149700599
146.861377245509
162.702694610778
157.520059880239
178.52005988024
189.747604790419
196.897305389221
191.579940119761
173.460179640719
165.651796407186
165.651796407186
163.585928143713
165.801497005988
182.873353293413
210.502095808383
219.963173652695
214.963173652695
209.963173652695
196.954191616767
182.112874251497
169.139820359281
151.687724550898
135.187724550898
130.591916167665
127.765568862275
124.765568862275
124.211676646707
131.160778443114
145.160778443114
192.789520958083
239.009880239521
275.130838323353
297.029041916168
300.130838323353
291.630838323353
286.190718562874
273.747604790419
262.77754491018
258.544011976048
257.795508982036
259.795508982036
259.136826347305
275.008083832335
286.969161676647
280.514071856287
258.993113772455
241.993113772455
221.579940119761
197.487125748503
175.005089820359
156.115868263473
139.909281437126
134.409281437126
129.819461077844
125.675748502994
128.112874251497
140.42125748503
163.915269461078
209.415269461078
243.203892215569
273.612874251497
289.14880239521
289.843413173653
283.999101796407
265.999101796407
249.867365269461
241.969161676647
241.280538922156
244.621856287425
248.118862275449
248.618862275449
279.867365269461
288.166766467066
279.352395209581
263.705688622754
246.323652694611
216.023652694611
208.526047904192
178.527245508982
154.017065868264
141.89131736527
134.226646706587
128.226646706587
130.957185628743
134.729640718563
149.939221556886
186.076946107784
238.011077844312
266.811077844311
285.987125748503
290.082934131736
294.601497005988
292.687724550898
274.92125748503
253.92125748503
252.304491017964
253.034431137725
249.364371257485
245.975149700599
254.591916167665
288.864371257485
285.364371257485
270.547005988024
255.795508982036
236.060778443114
210.058982035928
195.80748502994
167.80748502994
154.984131736527
142.681736526946
134.42125748503
133.238622754491
130.082934131737
138.082934131737
155.405089820359
191.933233532934
230.040419161677
255.95119760479
277.011077844311
288.011077844311
290.567964071856
279.280538922156
261.729640718563
248.250598802395
245.358383233533
244.358383233533
247.639820359281
246.699700598802
260.951197604791
287.520059880239
289.136826347305
271.136826347305
255.741616766467
230.815868263473
205.651796407185
184.687724550898
161.810479041916
146.310479041916
140.845209580838
132.717664670659
128.052994011976
130.490119760479
137.567964071856
155.567964071856
203.457185628743
241.620658682635
267.558982035928
282.418263473054
285.502095808383
280.502095808383
267.454790419162
249.597904191617
240.786526946108
241.196706586826
239.310479041916
238.310479041916
237.768562874251
261.340419161676
283.92125748503
282.69371257485
254.20868263473
243.208682634731
219.400299401197
202.124850299401
182.561976047904
160.070958083832
142.636826347305
138.136826347305
130.816467065868
131.112874251497
132.478143712575
138.208682634731
156.055988023952
181.555988023952
198.011077844312
217.557185628742
232.576946107784
235.855389221557
225.463173652695
210.963173652694
192.606886227545
181.081736526946
176.687724550898
175.530838323353
173.621856287425
172.621856287425
209.687724550898
233.675748502994
235.088922155688
220.789520958084
204.181736526946
193.681736526946
178.241616766467
161.95119760479
143.376347305389
128.316467065868
121.112874251497
