210.638922155689
204.138922155689
187.448502994012
180.707185628742
173.84131736527
154.396407185629
133.109580838323
129.409580838323
126.523952095808
125.797604790419
129.231736526946
138.61497005988
155.074850299401
190.274850299401
227.623353293413
256.620958083832
270.591017964072
270.423353293413
266.369461077844
260.869461077844
247.824550898204
240.052095808383
243.363473053892
252.058083832335
249.082035928144
246.582035928144
243.231736526946
266.165868263473
279.046107784431
262.016167664671
242.135928143713
224.135928143713
218.207784431138
187.620958083833
157.165868263473
145.129940119761
141.632934131737
144.632934131737
139.32754491018
141.285628742515
151.836526946108
174.006586826347
212.770658682634
246.770658682634
269.692814371257
276.731736526946
273.5
265.050299401198
253.340718562874
241.540718562874
237.375449101796
240.100598802395
244.092814371257
244.594011976048
241.171856287425
246.671856287425
280.84251497006
276.869461077844
258.686826347305
241.576047904192
222.61497005988
207.61497005988
183.946706586826
164.908383233533
148.962275449102
139.231736526946
140.495209580838
143.495209580838
147.896407185629
156.447305389221
184.878443113773
228.839520958084
268.962275449102
288.962275449102
290.040119760479
286.671856287425
281.78622754491
274.077844311377
264.159880239521
267.159880239521
270.926347305389
270.315568862275
268.653293413174
267.728143712575
271.819760479042
296.719760479042
277.870059880239
260.373652694611
236.602994011976
217.788622754491
209.680838323353
173.680838323353
162.722754491018
148.535928143713
144.602994011976
145.917365269461
145.163473053892
153.463473053892
155.998203592814
183.58502994012
208.602994011976
241.64491017964
283.32754491018
276.87245508982
277.87245508982
269.576047904192
257.549101796407
246.821556886228
240.162275449102
236.833532934132
248.333532934132
243.016167664671
242.423353293413
258.402395209581
280.231736526946
268.962275449102
248.962275449102
226.881437125748
209.459281437126
189.058083832335
164.866467065868
153.08502994012
148.58502994012
143.071856287425
143.450898203593
148.22874251497
155.8125748503
169.402395209581
210.902395209581
247.607185628743
274.878443113772
284.860479041916
279.333532934132
272.004191616766
260.004191616766
249.306586826347
246.519161676647
247.661077844311
251.963473053892
262.707784431138
256.207784431138
258.510179640719
275.662874251497
277.821556886227
259.333532934132
244.710778443114
218.710778443114
207.432335329341
184.665269461077
162.824550898203
151.716766467066
148.953293413174
139.453293413174
131.761676646707
133.447305389222
145.309580838324
162.749101796407
179.495209580838
200.495209580838
223.694011976048
228.84251497006
225.279640718563
217.854491017964
205.22874251497
191.72874251497
179.620958083832
176.387425149701
175.588023952096
175.597005988024
179.161676646707
186.261676646706
231.060479041916
234.674850299401
220.395808383233
203.656886227544
186.282634730539
166.782634730539
156.327544910179
143.309580838323
131.537125748503
120.459281437126
109.884431137725
111.884431137725
119.476047904192
126.816167664671
124.800598802395
125.453293413174
142.540119760479
160.040119760479
174.904790419162
179.740718562874
174.886826347305
167.079640718563
161.477245508982
151.477245508982
146.516167664671
146.516766467066
143.192814371257
143.450898203593
159.959281437127
