157.983012184755
158.886100878436
158.283833947294
155.37462453953
160.456800793426
160.38241711533
155.41287900255
157.196670444885
156.817809577784
156.747959761972
154.823476905639
158.760569566449
160.676126381411
161.950425049589
155.172017568716
160.752918673845
159.873632757155
159.859124397846
155.283947293851
158.708883536413
160.521975063757
157.916987815245
156.566463587418
162.950566732786
161.64297251346
155.843595919524
158.191286483423
156.55116180221
156.874482856333
154.667625389629
159.823476905639
161.692278265798
161.828860867101
155.09295834514
161.212255596486
160.630362708983
157.433848115614
155.359039387929
158.609818645509
160.848554831397
156.107126664777
157.289614621706
161.578364975914
161.641839047889
154.981595352791
158.523533578918
157.141980731085
156.39998583168
154.446599603287
160.790039671295
160.278279965996
161.3601728535
155.416846132049
162.903669594786
160.758019268915
155.993780107679
156.243142533296
157.928095777841
161.953258713517
155.840053839614
158.532742986682
162.606984981581
162.826877302352
155.080631907056
160.061788041938
157.484287333522
156.260994616039
154.784939076226
161.399844148484
161.594941909889
159.924071975064
156.171535845849
162.813842448286
161.05427883253
155.922938509493
156.532176253896
157.819793142533
157.984995749504
154.865415131765
159.413870784925
161.706446585435
162.706134882403
155.037135165769
161.146231226976
157.486554264664
155.836511759705
155.153598753188
162.638863700765
161.512623972797
157.668900538396
156.973661093794
163.624695381128
163.036001700198
155.624270331539
157.857707565883
157.199504108813
162.742434117314
155.156007367526
159.893468404647
158.010357041655
156.132629640125
154.63319637291
158.35195522811
156.898002266931
155.793156701615
155.439657126665
161.013899121564
159.851388495324
155.365840181355
158.749263247379
155.97111079626
159.408911873052
154.523221875885
158.663374893738
156.292164919241
159.099475772173
155.287631056957
159.636738452819
161.415429300085
158.690493057524
156.690861433834
163.580631907056
160.315684329838
155.056829130065
157.542207424199
162.291598186455
163.82772740153
155.680291867385
160.396387078493
161.435689997166
162.88865117597
155.455667327855
160.139997166336
157.475077925758
160.953542079909
156.415287616888
163.153428733352
161.283380561066
156.96136299235
157.449149900822
162.181935392463
160.107835080759
154.986979314253
158.052295267781
160.960626239728
162.889784641542
155.459917823746
161.050170019836
160.780518560499
161.914295834514
155.660824596203
160.807778407481
157.43554831397
158.404349674128
156.419566449419
163.591541513176
162.582502125248
155.911037120997
158.393043355058
160.983097194673
160.487971096628
154.70899688297
158.610668744687
161.133621422499
162.140563899121
155.17343440068
161.40041088127
160.159974497025
159.879073391895
155.968532162086
159.742717483707
156.914154151318
156.09805894021
157.05427883253
160.214239161235
161.871507509209
155.371054122981
158.646514593369
160.310017001984
159.694120147351
154.712964012468
158.627585718334
160.735066591102
161.113530745254
155.436115046755
161.192136582601
160.054420515726
157.826338906205
156.414295834514
157.585590818929
157.036568432984
155.048328138283
157.774454519694
160.102876168886
162.032601303485
154.933281382828
159.84529611788
159.8875177104
159.028067441202
154.528634173987
