90.9571428571429
108.957142857143
126.147619047619
140.671428571429
148.957142857143
150.004761904762
147.719047619048
139.719047619048
132.57619047619
127.242857142857
122.504761904762
118.361904761905
118.07619047619
134.076190476191
176.314285714286
191.314285714286
191.171428571429
183.838095238095
167.838095238095
151.838095238095
129.647619047619
121.166666666667
119.980952380952
119.076190476191
114.885714285714
109.885714285714
112.885714285714
124.790476190476
148.695238095238
185.552380952381
225.361904761905
244.62380952381
249.12380952381
246.338095238095
242.671428571429
235.12380952381
227.409523809524
231.07619047619
241.076190476191
243.838095238095
245.12380952381
246.12380952381
254.457142857143
272.6
261.6
242.980952380952
220.933333333333
204.790476190476
187.580952380952
163.195238095238
151.195238095238
138.195238095238
133.290476190476
132.147619047619
133.004761904762
137.147619047619
148.719047619048
171.719047619048
212.719047619048
239.385714285714
249.766666666667
250.62380952381
248.528571428571
245.528571428571
228.957142857143
222.385714285714
228.242857142857
242.242857142857
255.642857142857
253.442857142857
270.004761904762
281.028571428571
272.885714285714
252.266666666667
231.885714285714
209.885714285714
202.885714285714
183.661904761905
162.861904761905
143.719047619048
130.242857142857
131.052380952381
128.052380952381
133.195238095238
142.561904761905
159.171428571429
188.171428571428
231.123809523809
264.12380952381
271.790476190476
273.219047619048
271.228571428571
261.361904761905
242.576190476191
243.07619047619
245.957142857143
254.290476190476
255.719047619048
260.242857142857
277.195238095238
281.195238095238
265.195238095238
247.57619047619
228.957142857143
209.1
187.147619047619
162.766666666667
150.766666666667
143.052380952381
139.052380952381
134.647619047619
133.033333333333
143.1
148.1
173.004761904762
217.147619047619
250.861904761905
261.861904761905
260.004761904762
265.004761904762
257.62380952381
240.861904761905
233.076190476191
227.409523809524
219.861904761905
250.361904761905
252.361904761905
262.457142857143
275.385714285714
273.671428571429
253.338095238095
238.290476190476
222.290476190476
206.290476190476
184.223809523809
163.885714285714
149.957142857143
139.338095238095
132.338095238095
135.742857142857
135.6
143.028571428571
162.361904761905
192.361904761905
246.361904761905
262.266666666667
261.790476190476
259.076190476191
255.980952380952
247.290476190476
229.290476190476
230.290476190476
232.1
234.1
234.385714285714
235.957142857143
249.433333333333
272.433333333333
259.433333333333
243.1
225.242857142857
206.528571428571
193.176190476191
176.47619047619
150.457142857143
140.6
135.766666666667
131.433333333333
131.433333333333
131.433333333333
141.909523809524
147.423809523809
167.338095238096
195.109523809524
213.171428571429
219.171428571429
215.171428571429
202.266666666667
186.647619047619
174.07619047619
167.671428571429
166.338095238095
164.338095238095
164.052380952381
201.385714285714
225.004761904762
216.433333333333
215.004761904762
200.004761904762
181.385714285714
175.957142857143
162.180952380952
142.314285714286
135.028571428571
126.028571428572
125.6
116.457142857143
113.028571428571
115.266666666667
114.742857142857
