107.628571428571
121.928571428571
123.033333333333
126.604761904762
128.37619047619
129.652380952381
151.352380952381
167.052380952381
174.52380952381
172.557142857143
163.938095238095
154.152380952381
148.690476190476
143.590476190476
138.852380952381
147.866666666667
173.628571428571
199.561904761905
204.561904761905
204.761904761905
195.72380952381
182.795238095238
168.223809523809
153.757142857143
139.890476190476
124.890476190476
124.890476190476
119.22380952381
118.104761904762
120.819047619048
127.628571428572
148.461904761905
205.961904761905
239.033333333333
265.633333333333
277.985714285714
274.557142857143
267.366666666667
258.366666666667
248.461904761905
242.461904761905
241.152380952381
244.752380952381
252.838095238095
262.638095238095
283.104761904762
290.923809523809
276.795238095238
254.438095238095
237.2
206.2
185.2
178.042857142857
165.47619047619
149.247619047619
137.7
134.085714285714
132.185714285714
136.628571428571
151.128571428571
184.366666666667
228.352380952381
260.080952380952
292.080952380952
297.842857142857
300.128571428571
299.509523809524
284.57619047619
251.633333333333
253.833333333333
254.890476190476
261.985714285714
271.842857142857
288.247619047619
308.057142857143
301.557142857143
275.557142857143
255.223809523809
229.104761904762
200.533333333333
178.985714285714
171.504761904762
160.404761904762
142.533333333333
137.266666666667
135.485714285714
132.7
137.414285714286
148.914285714286
201.852380952381
247.866666666666
275.747619047619
287.080952380952
289.152380952381
285.652380952381
274.057142857143
263.2
256.985714285714
254.252380952381
255.438095238095
271.438095238095
287.438095238095
297.771428571429
301.2
289.2
263.580952380952
244.795238095238
210.295238095238
186.938095238095
178.304761904762
167.390476190476
146.176190476191
125.842857142857
130.842857142857
129.509523809524
143.223809523809
156.1
176.2
221.671428571429
254.971428571429
282.271428571428
287.02380952381
284.080952380952
277.533333333333
265.652380952381
252.152380952381
245.152380952381
254.747619047619
260.509523809524
266.652380952381
282.985714285714
308.271428571429
299.271428571429
277.842857142857
256.342857142857
232.509523809524
208.580952380952
193.390476190476
176.390476190476
163.009523809524
144.295238095238
134.295238095238
133.961904761905
134.604761904762
145.104761904762
155.128571428571
198.5
241.557142857142
271.490476190476
290.771428571429
299.771428571429
288.771428571429
281.171428571428
264.342857142857
254.628571428572
260.485714285714
259.614285714286
261.314285714286
269.271428571429
283.604761904762
292.985714285714
287.128571428571
264.814285714286
249.014285714285
218.104761904762
197.747619047619
179.628571428571
159.961904761905
143.961904761905
139.961904761905
133.104761904762
135.628571428571
133.128571428571
131.866666666667
144.938095238095
168.938095238095
194.238095238095
220.914285714286
232.128571428571
233.842857142857
232.033333333334
217.985714285714
202.985714285714
187.985714285714
186.319047619048
193.7
205.414285714286
221.271428571428
235.771428571429
242.580952380952
232.866666666667
216.080952380952
198.580952380952
181.223809523809
164.72380952381
151.461904761905
139.2
128.114285714285
119.276190476191
113.985714285714
