215.151851851852
212.855555555556
206.085185185185
194.596296296296
174.481481481481
150.17037037037
144.581481481481
140.244444444444
139.662962962963
142.42962962963
158.225925925926
205.003703703703
263.603703703703
275.292592592593
275.837037037037
269.874074074074
258.166666666667
243.133333333333
244.262962962963
250.074074074074
257.374074074074
272.374074074074
272.67037037037
253.003703703704
234.262962962963
213.022222222222
199.192592592593
174.992592592593
154.614814814815
145.362962962963
138.762962962963
145.22962962963
157.2
190.485185185185
249.885185185185
275.577777777778
273.577777777778
270.355555555556
258.355555555555
239.288888888889
236.911111111111
241.207407407407
246.240740740741
259.111111111111
272.511111111111
258.855555555556
241.740740740741
224.948148148148
199.003703703704
179.107407407407
160.985185185185
150.166666666667
144.333333333333
146.288888888889
150.077777777778
177.096296296296
231.629629629629
266.474074074074
264.025925925926
255.792592592593
245.688888888889
227.281481481482
222.57037037037
230.177777777778
235.644444444444
244.688888888889
268.614814814815
258.414814814815
235.725925925926
215.692592592592
196.17037037037
176.144444444444
160.8
152.577777777778
151.540740740741
152.003703703704
149.296296296296
165.988888888889
219.8
255.540740740741
267.485185185185
265.707407407407
256.040740740741
238.485185185185
231.751851851852
233.577777777778
242.27037037037
239.837037037037
274.381481481481
267.025925925926
247.151851851852
224.488888888889
202.022222222222
186.974074074074
165.42962962963
153.096296296296
145.777777777778
144.677777777778
147.455555555556
158.151851851852
206.262962962963
255.322222222222
265.637037037037
264.114814814815
257.855555555556
243.559259259259
233.87037037037
235.133333333333
238.085185185185
232.151851851852
261.392592592593
266.059259259259
252.992592592593
227.392592592593
204.281481481481
191.707407407407
175.803703703704
161.337037037037
150.67037037037
140.448148148148
140.059259259259
147.785185185185
173.996296296296
199.22962962963
218.837037037037
232.096296296296
231.685185185186
209.514814814815
188.592592592593
182.574074074074
184.17037037037
188.67037037037
213.022222222222
232.874074074074
223.807407407407
206.911111111111
191.133333333333
176.966666666667
166.251851851852
145.207407407407
138.762962962963
132.688888888889
128.522222222222
135.377777777778
141.977777777778
147.188888888889
165.522222222222
178.211111111111
182.911111111111
186.133333333333
172.003703703704
160.17037037037
157.337037037037
160.781481481482
178.559259259259
203.133333333333
208.555555555556
204.962962962963
194.511111111111
181.744444444444
163.651851851852
146.42962962963
138.551851851852
135.966666666667
136.355555555556
144.225925925926
167.12962962963
229.42962962963
270.3
273.67037037037
271.725925925926
260.985185185185
246.688888888889
240.077777777778
241.966666666667
244.040740740741
250.114814814814
277.3
270.133333333333
244.433333333333
225.244444444444
196.633333333333
176.640740740741
169.733333333333
162.433333333333
157.262962962963
160.207407407407
158.396296296296
173.077777777779
221.944444444445
263.485185185185
274.374074074074
273.707407407407
263.225925925926
245.744444444445
234.966666666667
240.355555555556
241.722222222222
247.688888888889
274.75925925926
