211.422025084124
209.92034261242
206.952768430713
210.382716427042
210.673784031814
207.192138268584
210.123462832671
208.719363719792
207.956745182013
209.860385438972
208.005078005506
210.214775160599
208.263383297645
206.979993881921
210.681737534414
210.50278372591
206.935026001835
208.362220862649
208.612909146528
207.603426124197
210.134169470786
207.923401651881
208.02710308963
206.491618231875
206.572223921689
210.076047721016
209.088895686754
206.702080146834
207.751177730193
209.689079229122
207.17607831141
209.243377179566
207.969593147752
206.491465279902
209.116732945855
207.080483328235
207.663689201591
208.58721321505
206.425695931478
209.932945855002
209.338819210768
206.845702049556
209.557846436219
207.753472009789
208.559987763842
209.546833894157
207.28528602019
210.24460079535
207.566411746712
206.530315081065
210.011807892322
208.69642092383
206.776567757724
207.815264606913
208.022208626491
207.76494340777
209.387763842154
207.38449066993
208.54102171918
206.561823187519
206.818170694402
210.046130315081
208.881186907311
206.917589476904
206.936861425512
208.807311104313
207.474640562863
209.989476904252
207.997124502906
206.892811257265
209.57130620985
207.399388192108
210.739247476292
208.994677271337
206.701927194861
209.47647598654
208.683572958091
207.112144386663
209.57925971245
207.404588559192
207.356561639645
209.02710308963
206.960110125421
209.681431630468
207.55295197308
206.451085959009
209.842948914041
208.189385133068
206.855490975834
207.457815845824
207.339736922606
208.501560110125
209.050045885592
207.182196390333
208.273661670236
206.582624655858
206.879351483634
210.160477210156
208.433955338024
206.530315081065
206.359314775161
208.029244417253
208.300581217498
209.491771183848
207.084307127562
206.842643010095
208.378280819823
206.610767818905
208.974181706944
207.537809727745
206.166595289079
207.45261547874
207.19443254818
206.512664423371
207.225634750688
206.304252064852
206.774120526155
206.428754970939
206.035362496176
206.655735698991
206.169654328541
206.074518201285
207.427531355154
207.270296726828
206.476170082594
206.457968797797
206.665402263689
208.01272560416
207.798898745794
206.45016824717
207.543163046803
206.853961456103
206.536127256042
209.041480575099
208.797369226063
206.723340471092
206.629366778831
207.56732945855
208.979687977975
208.854879167941
206.830406852248
207.207433465892
208.715692872438
206.567941266442
210.087060263077
209.162924441725
206.333007035791
209.408565310492
208.015478739676
209.27243805445
208.77289691037
206.879351483634
209.689385133068
210.190761700826
206.672866319976
209.690608748853
208.72028143163
206.749954114408
209.922973386357
208.35380850413
209.13386356684
207.771979198532
206.922789843989
210.69403487305
209.610461914959
206.949709391251
208.827347812787
208.745365555216
206.936861425512
209.804405016825
208.607708779443
208.018231875191
207.344937289691
207.356561639645
210.281003364944
210.222881615173
206.496971550933
207.769837870909
210.262037320282
206.980146833894
209.546833894157
208.865891710003
206.824900581217
210.531538696849
207.761578464362
210.59761394922
211.273967574182
206.951085959009
210.652982563475
210.705903946161
207.013949219945
209.957356989905
208.68369531967
207.8772713368
210.171489752218
208.091495870297
210.577118384827
209.33392474763
206.89403487305
211.043315998777
