180.657566765579
170.624925816024
155.099703264095
139.476261127597
136.548367952522
137.326706231454
156.093768545994
193.37121661721
213.808902077151
211.623738872404
198.669436201781
199.497329376855
200.574480712166
201.259940652819
209.724629080119
193.113056379822
170.46172106825
151.961721068249
141.725816023739
139.537388724036
153.476557863501
185.199109792285
219.553709198813
217.83471810089
205.808902077151
195.887537091988
197.503264094956
192.745103857567
214.66350148368
197.733234421365
177.541839762611
155.681305637982
146.046290801187
141.605637982196
150.788130563798
173.03590504451
206.544807121662
210.316320474778
200.983976261128
195.319287833828
198.639762611276
191.562908011869
207.773293768546
204.553709198813
180.093768545994
157.69762611276
145.292581602374
141.553709198813
144.776261127596
168.126409495549
199.79703264095
211.028486646884
205.737685459941
194.357863501484
194.883086053412
193.561127596439
199.926409495549
206.794065281899
184.93056379822
162.648664688427
147.986943620178
142.862908011869
144.019584569733
158.353412462908
195.328189910979
213.254005934718
205.856379821958
193.357863501484
193.337685459941
193.345994065282
190.420178041543
209.982492581602
189.440949554896
169.027002967359
151.451632047478
139.529970326409
139.813649851632
147.528486646884
163.316320474778
187.245103857567
184.396439169139
171.66943620178
162.212462908012
161.510682492582
164.722848664688
190.657566765579
182.547774480712
165.649554896142
149.388724035608
155.022551928783
137.630860534125
138.859347181009
145.713946587537
144.475074183976
158.248071216617
161.822255192878
152.645697329377
148.188724035608
146.589317507418
152.926112759644
175.256973293769
171.752818991098
154.090801186944
141.221364985163
137.096735905045
141.213946587537
166.891988130564
195.061127596439
207.684272997033
201.239169139466
189.099703264095
194.99881305638
190.06765578635
184.500296735905
200.159050445104
190.019584569733
165.660534124629
148.960534124629
140.372700296736
142.144213649852
157.808902077151
190.06706231454
209.081305637982
205.06706231454
197.203560830861
191.718397626113
190.245103857567
185.646290801187
191.209495548962
195.874183976261
170.687240356083
149.4353115727
141.595252225519
140.325222551929
147.856379821959
185.653115727003
206.354896142433
205.337091988131
194.880118694362
193.883086053412
193.791097922849
189.817804154303
192.963204747775
199.577448071217
175.921661721068
153.862314540059
143.66350148368
141.400890207715
147.310385756677
178.39940652819
203.624925816024
209.53293768546
204.788130563798
198.585163204748
193.286646884273
191.362314540059
191.495548961424
197.214243323442
177.111572700297
159.181305637982
143.80296735905
139.648664688427
145.117507418398
169.203560830861
201.06112759644
210.583382789318
207.583382789317
194.699109792285
199.482492581603
198.721364985163
198.66943620178
202.007715133531
181.411275964392
161.154302670623
145.221364985163
139.337091988131
138.33115727003
150.452818991098
169.518100890208
185.107121661721
178.93649851632
168.305934718101
160.871216617211
162.00178041543
164.004747774481
174.359347181009
175.73768545994
159.478041543027
146.283679525223
135.972106824926
133.120474777448
134.624925816024
143.007715133531
150.669436201781
157.010682492582
154.854896142433
147.417210682493
146.393471810089
146.571513353116
155.35934718101
