174.476035502959
170.476035502959
164.026331360947
148.162426035503
133.548224852071
126.428698224852
118.594378698225
112.594378698225
111.091420118343
114.387278106509
121.091420118343
134.807396449704
162.783727810651
210.783727810651
229.316272189349
234.535207100592
232.842899408284
227.806213017751
220.01449704142
209.205621301775
215.505621301775
213.606213017751
217.588461538462
217.896153846154
210.239349112426
200.570710059172
198.570710059172
190.783727810651
210.902071005917
212.068343195266
195.126923076923
174.665384615385
144.128106508876
143.028106508876
136.831065088757
131.872485207101
129.363609467456
128.05
127.481952662722
136.481952662722
155.896153846154
195.742307692308
223.765976331361
236.228698224852
242.570710059172
240.334023668639
230.334023668639
218.218639053254
224.805029585799
232.381952662722
230.452366863905
227.429289940828
216.329289940828
210.896153846154
205.150591715976
197.464201183432
199.900887573964
214.422781065089
201.529289940828
197.529289940828
158.736390532544
144.210946745562
140.180177514793
129.01449704142
121.529289940828
128.529289940828
130.061834319527
137.612130177515
149.789644970414
174.257100591716
214.061834319527
239.061834319527
243.28550295858
244.872485207101
239.600295857988
227.493786982249
217.221597633136
222.913905325444
224.913905325444
223.16124260355
209.17426035503
200.696153846154
202.251183431953
202.854733727811
190.854733727811
211.073668639053
204.322189349112
192.150591715976
178.679585798817
162.316272189349
147.310355029586
132.210355029586
125.955325443787
125.801479289941
125.765976331361
126.369526627219
135.777810650888
165.777810650888
207.280769230769
233.002662721894
244.535207100592
246.677218934911
243.777810650888
237.653550295858
228.653550295858
228.233431952663
232.606213017751
233.694970414201
227.541124260355
217.659467455621
215.659467455621
219.304437869822
212.700887573964
206.718639053254
201.375443786982
192.375443786982
182.99674556213
157.99674556213
140.558875739645
134.345266272189
128.08550295858
121.304437869823
126.558875739645
125.558875739645
138.405029585799
159.875443786982
195.600295857988
233.107396449704
253.292603550296
253.268934911243
249.268934911243
229.641715976332
223.257100591716
227.168343195266
228.629881656805
221.694970414201
225.694970414201
220.641715976331
214.641715976331
210.257100591716
207.257100591716
206.487869822485
216.487869822485
196.842899408284
188.109171597633
173.286686390532
153.655917159763
137.783727810651
131.06775147929
128.06775147929
118.854733727811
117.234023668639
120.748224852071
126.422781065089
138.192011834319
176.192011834319
192.842899408284
201.760059171598
203.328106508876
197.126923076923
184.393195266272
169.676627218935
161.776627218935
160.748224852071
158.002662721894
157.422781065089
158.018047337278
155.292603550296
161.292603550296
163.481952662722
177.789644970414
179.387278106509
167.777810650888
155.135207100592
146.973076923077
128.973076923077
117.789644970414
110.464201183432
106.405029585799
104.10325443787
101.694970414201
103.694970414201
92.6062130177516
100.896153846154
115.896153846154
131.280769230769
144.665384615385
147.683136094674
151.683136094675
139.997928994083
132.292603550296
128.345857988166
125.425147928994
124.742307692308
119.742307692308
114.742307692308
118.547041420118
127.197928994083
138.665384615385
153.399112426036
