183.019047619048
178.019047619048
168.161904761905
155.92380952381
139.495238095238
121.828571428571
115.114285714286
114.114285714286
112.257142857143
114.92380952381
127.066666666667
143.066666666667
152.780952380952
197.780952380952
224.685714285714
232.542857142857
232.495238095238
231.161904761905
227.87619047619
216.876190476191
219.209523809524
219.92380952381
222.780952380952
223.590476190476
216.447619047619
204.447619047619
200.747619047619
193.566666666667
207.233333333333
218.804761904762
205.519047619048
178.909523809524
160.109523809524
142.852380952381
131.852380952381
125.280952380952
121.709523809524
122.090476190476
126.090476190476
140.042857142857
153.614285714286
181.804761904762
219.138095238095
243.066666666667
242.566666666667
243.495238095238
244.495238095238
235.780952380952
225.114285714286
224.447619047619
229.447619047619
223.447619047619
219.066666666667
215.685714285714
211.4
203.971428571429
193.733333333333
218.733333333333
218.87619047619
201.542857142857
176.590476190476
154.019047619048
140.4
130.4
125.828571428571
124.685714285714
125.733333333333
129.733333333333
139.447619047619
159.447619047619
201.352380952381
232.92380952381
244.92380952381
244.923809523809
243.4
235.4
228.4
229.495238095238
231.87619047619
231.304761904762
226.590476190476
219.447619047619
209.447619047619
202.019047619048
195.019047619048
197.066666666667
203.352380952381
195.352380952381
187.352380952381
169.4
151.828571428572
139.019047619048
131.685714285714
128.114285714286
127.114285714286
130.87619047619
128.019047619048
146.447619047619
183.209523809523
218.733333333333
243.733333333333
248.733333333333
249.685714285714
250.304761904762
241.876190476191
227.066666666667
232.019047619048
236.019047619048
242.590476190476
236.923809523809
225.87619047619
218.161904761905
216.066666666667
213.066666666667
225.447619047619
218.733333333333
201.114285714286
180.114285714286
158.257142857143
143.257142857143
135.019047619048
128.871428571429
127.442857142857
129.561904761905
133.752380952381
143.852380952381
160.852380952381
202.947619047619
233.614285714286
249.757142857143
258.614285714286
259.92380952381
247.42380952381
237.92380952381
232.923809523809
231.352380952381
230.495238095238
226.92380952381
217.92380952381
212.542857142857
206.828571428571
199.257142857143
198.590476190476
211.019047619048
202.019047619048
193.019047619048
172.590476190476
151.961904761905
137.709523809524
130.280952380952
125.280952380952
123.280952380952
125.328571428571
128.947619047619
136.376190476191
151.471428571428
176.566666666666
203.566666666667
212.566666666667
211.9
204.090476190476
192.37619047619
180.804761904762
163.804761904762
163.090476190476
164.090476190476
162.733333333333
160.4
160.828571428571
163.828571428571
163.019047619048
179.542857142857
184.971428571428
176.447619047619
163.638095238095
143.138095238095
129.138095238095
121.614285714286
116.233333333333
112.519047619048
113.37619047619
122.328571428571
110.328571428572
102.614285714286
111.614285714286
128.614285714286
143.042857142857
150.566666666667
153.566666666667
152.042857142857
142.9
135.090476190476
131.42380952381
129.138095238095
131.138095238095
128.37619047619
129.185714285714
132.328571428572
141.7
160.542857142857
