104.447619047619
113.447619047619
136.209523809524
148.590476190476
150.019047619048
149.209523809524
151.447619047619
138.447619047619
134.019047619048
133.019047619048
128.733333333333
120.590476190476
116.019047619048
125.019047619048
126.780952380952
135.638095238095
159.685714285714
181.352380952381
175.495238095238
164.495238095238
151.590476190476
132.495238095238
119.495238095238
114.780952380952
113.590476190476
111.590476190476
116.590476190476
133.733333333333
145.066666666667
167.780952380952
208.019047619048
231.87619047619
232.876190476191
232.161904761905
230.495238095238
224.209523809524
217.209523809524
219.92380952381
219.92380952381
224.447619047619
221.590476190476
212.447619047619
203.214285714286
198.9
190.9
216.233333333333
215.804761904762
196.519047619048
172.642857142857
154.185714285714
137.185714285714
129.185714285714
123.614285714286
121.709523809524
123.42380952381
130.042857142857
144.947619047619
157.947619047619
195.804761904762
228.471428571429
242.9
242.828571428571
243.828571428571
244.828571428571
230.447619047619
224.447619047619
226.114285714286
227.447619047619
221.733333333333
217.733333333333
214.685714285714
209.4
199.971428571429
202.066666666667
221.542857142857
217.542857142857
193.542857142857
167.923809523809
149.352380952381
137.066666666667
128.495238095238
124.685714285714
124.685714285714
126.4
132.4
146.114285714286
172.685714285714
214.257142857143
242.257142857143
244.92380952381
244.92380952381
240.733333333333
233.066666666667
227.495238095238
230.495238095238
232.542857142857
229.971428571429
224.257142857143
216.114285714286
206.685714285714
199.685714285714
192.685714285714
201.066666666667
200.685714285714
192.685714285714
182.066666666667
163.161904761905
146.161904761905
136.019047619048
130.352380952381
127.780952380952
128.209523809524
131.352380952381
126.352380952381
158.447619047619
195.87619047619
227.066666666667
245.4
249.685714285714
249.685714285714
250.638095238095
234.87619047619
228.733333333333
233.352380952381
237.923809523809
244.92380952381
232.923809523809
222.542857142857
217.495238095238
215.066666666667
216.114285714286
228.733333333333
213.733333333333
194.447619047619
172.447619047619
153.257142857143
140.285714285714
132.604761904762
127.004761904762
128.009523809524
130.495238095238
137.119047619048
149.519047619048
170.947619047619
218.947619047619
240.280952380952
253.42380952381
259.280952380952
255.757142857143
243.92380952381
234.92380952381
231.923809523809
231.352380952381
229.495238095238
223.923809523809
215.876190476191
210.828571428571
204.828571428571
196.257142857143
203.92380952381
208.019047619048
199.019047619048
188.590476190477
164.590476190476
145.928571428572
135.042857142857
128.614285714286
124.614285714286
123.328571428571
126.328571428571
130.280952380952
140.37619047619
159.804761904762
185.566666666666
208.566666666667
214.566666666667
210.566666666667
200.090476190476
188.709523809524
175.138095238095
162.42380952381
163.42380952381
164.42380952381
161.566666666667
160.4
161.828571428571
163.685714285714
164.87619047619
186.876190476191
182.638095238095
172.780952380952
156.804761904762
138.471428571429
125.614285714286
119.614285714286
114.566666666667
111.852380952381
116.709523809524
118.328571428572
107.280952380952
