113.47619047619
115.47619047619
121.523809523809
128.523809523809
131.238095238095
134.380952380952
156.904761904762
173.904761904762
184.904761904762
189.571428571429
184.904761904762
173.533333333333
164.47619047619
162.47619047619
162.285714285714
166.571428571429
186.714285714286
212.714285714286
222.285714285714
217.285714285714
209.904761904762
195.928571428571
180.214285714286
164.904761904762
149.333333333333
131.333333333333
127.333333333333
122.52380952381
120
122
131.571428571429
153.704761904762
198.504761904762
238.333333333333
271.2
283.952380952381
277.952380952381
271.666666666667
262.666666666667
245.071428571429
242.642857142857
245.333333333333
246.333333333333
245.619047619048
240.619047619048
282.761904761905
289.547619047619
269.690476190476
246.119047619048
232.6
210.5
195.5
172.404761904762
152.047619047619
138.190476190476
129.666666666667
123.214285714286
127.714285714286
129.642857142857
146.476190476191
181.357142857143
225.514285714286
263.190476190476
290.190476190476
295.476190476191
292.404761904762
285.595238095238
271.761904761905
249.904761904762
249.904761904762
249.428571428571
253.880952380952
249.595238095238
259.690476190476
295.595238095238
288.595238095238
261.595238095238
247.547619047619
228.747619047619
208.404761904762
189.904761904762
163.880952380952
147.380952380952
133.452380952381
126.952380952381
125.380952380952
127.952380952381
137.428571428571
151.428571428571
187.233333333334
235.97619047619
273.261904761905
288.595238095238
287.738095238095
281.738095238095
269.071428571429
250.738095238095
242.738095238095
242.785714285714
242.619047619048
248.119047619048
246.119047619048
272.857142857143
282.52380952381
270.238095238095
250.5
237.352380952381
211.252380952381
193.809523809524
173.142857142857
153.952380952381
139.52380952381
127.857142857143
128.857142857143
128.047619047619
132.761904761905
147.252380952381
178.052380952381
225.738095238095
260.738095238096
282.404761904762
285.119047619048
283.833333333333
274.119047619048
251.476190476191
240.97619047619
237.97619047619
239.428571428571
242.238095238095
245.238095238095
256.333333333333
291.142857142857
282.142857142857
265.428571428571
250.428571428571
230.452380952381
205.809523809524
186.642857142857
161.142857142857
148.761904761905
140.261904761905
135.904761904762
133.571428571429
131.142857142857
138.142857142857
154.190476190476
187.147619047619
231.761904761904
269.642857142857
285.785714285714
289.785714285714
278.785714285714
272.642857142857
256.5
245.5
248.119047619048
243.261904761905
241.261904761905
236.519047619048
264.119047619048
283.357142857143
272.414285714286
254.742857142857
243.042857142857
228.538095238095
205.738095238095
177.904761904762
153.071428571429
139.071428571429
134.071428571429
127.166666666667
125.119047619048
127.190476190476
134.428571428571
151.5
188
198
216.904761904762
229.238095238095
230.666666666667
223.714285714286
213.47619047619
198.476190476191
185.190476190476
180.190476190476
180.380952380952
184.452380952381
197.571428571428
235.571428571429
242.809523809524
233.595238095238
218.833333333333
203.833333333333
189.190476190476
176.690476190477
155.142857142857
142.285714285714
130.285714285714
121.166666666667
118.5
