205.528571428571
197.528571428571
185.885714285714
174.314285714286
159.028571428571
139.933333333333
127.433333333333
124.933333333333
121.57619047619
116.409523809524
123.742857142857
141.6
152.1
191.1
227.385714285714
256.242857142857
269.671428571429
270.671428571429
267.814285714286
253.814285714286
235.528571428571
229.6
234.457142857143
243.314285714286
247.228571428571
238.028571428571
251.028571428571
268.885714285714
266.219047619048
248.933333333333
227.57619047619
199.57619047619
189.57619047619
166.290476190476
146.923809523809
135.528571428571
130.1
127.052380952381
133.052380952381
135.433333333333
152.433333333333
182.923809523809
218.12380952381
247.195238095238
264.695238095238
270.290476190476
269.576190476191
264.504761904762
254.647619047619
243.004761904762
243.504761904762
247.504761904762
250.695238095238
249.361904761905
255.219047619048
271.361904761905
277.419047619048
264.619047619048
254.219047619048
231.552380952381
200.885714285714
172.528571428571
155.004761904762
142.004761904762
135.338095238095
131.480952380952
128.480952380952
127.647619047619
133.647619047619
154.647619047619
191.361904761905
223.909523809524
253.195238095238
269.385714285714
265.338095238095
256.838095238095
257.838095238095
243.457142857143
233.504761904762
235.147619047619
240.052380952381
227.695238095238
228.195238095238
235.12380952381
260.457142857143
269.219047619048
250.933333333333
233.814285714286
210.814285714286
189.171428571428
167.671428571429
150.361904761905
138.361904761905
130.147619047619
126.647619047619
129.814285714286
132.552380952381
147.338095238095
177.052380952381
213.1
236.6
255.6
264.480952380952
265.1
259.314285714286
246.957142857143
226.480952380952
226.480952380952
226.480952380952
229.147619047619
227.909523809524
224.480952380952
232.885714285714
268.885714285714
255.123809523809
241.12380952381
222.838095238095
200.004761904762
179.290476190476
157.290476190476
145.290476190476
133.790476190476
127.490476190476
126.347619047619
128.314285714286
134.814285714286
149.114285714286
192.314285714286
223.433333333333
246.57619047619
268.147619047619
268.933333333333
265.433333333333
262.361904761905
246.028571428571
233.028571428571
229.314285714286
221.695238095238
217.695238095238
215.957142857143
215.528571428571
238.995238095238
266.061904761905
256.504761904762
240.004761904762
208.742857142857
184.361904761905
165.504761904762
147.480952380953
129.076190476191
119.57619047619
121.07619047619
120.957142857143
123.861904761905
133.790476190476
153.861904761904
184.147619047619
190.147619047619
211.57619047619
221.909523809524
218.504761904762
209.219047619048
203.266666666667
188.266666666666
174.171428571429
167.314285714286
168.814285714286
172.480952380952
172.052380952381
181.052380952381
218.62380952381
224.861904761905
211.719047619047
192.1
174.528571428571
163.028571428571
149.028571428571
134.623809523809
121.361904761905
112.719047619048
109.576190476191
107.814285714286
110.814285714286
120.242857142857
133.409523809524
137.671428571429
137.1
152.552380952381
167.552380952381
169.433333333333
166.004761904762
157.861904761905
148.361904761905
141.361904761905
131.361904761905
122.314285714286
122.457142857143
132.314285714286
157.409523809523
191.861904761905
