204.702823631625
200.82706342311
193.840964378801
186.197176368375
202.370938314509
199.594222415291
192.55338835795
185.324022589053
191.107688966116
186.355299739357
186.475195482189
183.151998262381
180.737576020851
182.172849695917
182.911337966985
183.382232841008
185.470851433536
193.081624674196
189.898305821025
184.721068635969
183.747132927889
193.99561251086
191.067723718506
189.114378801043
182.555125977411
193.790573414422
191.214900086881
189.402215464813
182.235403996525
193.317158992181
191.82706342311
190.635056472632
183.119504778454
191.549044309296
190.078149435274
185.927845351868
181.691529105126
181.548175499566
183.77493483927
182.631146828844
181.349218071242
177.130104257168
180.426542137272
179.853649000869
182.034882710686
182.083362293658
194.087706342311
190.748001737619
187.959122502172
185.240616854909
194.233666377063
190.584665508254
188.365725456125
183.583796698523
192.304908774978
190.198045178106
188.254517810599
184.142006950478
190.659556907037
190.585534317984
187.361381407472
184.365377932233
190.287532580365
190.184144222415
182.370938314509
180.055125977411
178.145047784535
180.600304083406
179.08683753258
180.169635099913
177.595960034752
178.185881841877
176.70977410947
181.03384013901
178.855734144222
182.539487402259
180.772328410078
182.413509991312
177.870503909644
178.246177237185
177.109426585578
182.578062554301
178.828105994787
182.695004344049
183.246698523023
182.074674196351
179.579105125977
181.661989574283
182.541920069505
180.778410078193
179.672415291051
180.467376194613
183.394396177237
181.389965247611
180.85764552563
178.968679409209
180.588140747176
179.402997393571
182.195438748914
177.951303214596
178.864422241529
177.688922675934
184.227584708949
178.887011294526
187.615073848827
186.961728931364
187.184491746308
180.304213727194
186.389009556907
186.602215464813
183.868766290182
180.19022589053
184.473457862728
187.083362293658
185.065986099044
182.266681146829
181.912206776716
188.8522589053
185.594222415291
182.197002606429
181.557732406603
189.431754995656
186.304908774978
184.757558644657
179.96954821894
185.43696785404
182.245829713293
185.986924413553
178.961728931364
180.146785403996
179.747132927889
186.379626411816
179.767984361425
191.39787141616
192.286663770634
187.939139878367
182.412641181581
188.191963509991
193.067723718506
190.129409209383
184.963466550825
184.907428323197
194.426542137272
190.809687228497
188.348349261512
183.343136403128
195.227584708949
192.178062554301
188.257993049522
180.682841007819
196.805343179844
193.194569939183
191.740182450043
181.337141615986
188.987793223284
185.228453518679
188.928714161599
180.90664639444
179.942962641182
181.496046915725
185.171980886186
180.684317984361
188.102649869678
194.0196785404
191.434361424848
185.549913119027
185.321416159861
198.064682884448
193.401346655082
189.360512597741
182.643744569939
198.144178974804
194.680234578627
191.331407471764
181.773197219809
200.067723718506
198.395264986968
193.187619461338
182.325760208514
200.210208514335
195.893092962641
194.781885317115
183.695004344048
186.904821894005
186.068592528236
187.300564726325
182.174587315378
179.127671589922
183.326629018245
183.075543006082
183.469113814075
186.382232841007
198.280582102519
194.590399652476
190.064248479583
183.19109470026
200.678496959166
197.324717636837
192.423066898349
182.483014769765
