111.961904761905
119.961904761905
127.152380952381
135.390476190476
147.947619047619
164.22380952381
177.319047619048
192.319047619048
198.747619047619
202.414285714286
193.985714285714
175.985714285714
166.866666666667
170.866666666667
171.7
186.128571428571
207.280952380952
222.414285714286
222.885714285714
220.185714285714
207.961904761905
198.614285714286
185.342857142857
163.92380952381
139.914285714286
135.414285714286
125.414285714286
121.890476190476
122.985714285714
128.771428571429
138.033333333333
148.747619047619
203.747619047619
263.461904761905
288.961904761905
291.485714285714
287.557142857143
282.747619047619
279.747619047619
264.080952380952
257.795238095238
255.795238095238
255.528571428571
261.128571428571
281.128571428571
294.461904761905
287.652380952381
271.509523809524
252.819047619048
233.342857142857
211.842857142857
197.842857142857
180.2
160.461904761905
145.104761904762
137.914285714286
134.914285714286
131.914285714286
143.742857142857
155.17619047619
180.890476190476
231.604761904762
295.22380952381
298.22380952381
295.342857142857
287.557142857143
276.485714285714
263.152380952381
250.295238095238
250.295238095238
250.771428571429
256.604761904762
274.390476190476
293.033333333333
296.628571428572
283.628571428571
267.628571428571
250.414285714286
226.414285714286
206.342857142857
194.461904761905
174.495238095238
145.195238095238
138.266666666667
139.533333333333
137.795238095238
133.866666666667
140.266666666667
159.966666666667
200.747619047619
246.104761904762
278.104761904762
288.604761904762
282.461904761905
278.461904761905
269.22380952381
254.161904761905
248.67619047619
251.219047619048
253.628571428571
258.628571428571
276.128571428571
291.604761904762
295.771428571429
282.985714285714
258.985714285714
242.67619047619
220.176190476191
200.67619047619
180.409523809524
163.366666666667
151.509523809524
142.342857142857
136.342857142857
133.057142857143
136.128571428571
147.128571428571
174.961904761905
224.747619047619
264.247619047619
282.319047619048
290.176190476191
284.319047619048
272.985714285714
264.709523809524
251.009523809524
255.709523809524
263.080952380952
268.604761904762
280.319047619048
296.842857142857
295.414285714286
285.414285714286
262.985714285714
246.152380952381
230.533333333333
213.461904761905
198.619047619048
171.019047619048
161.42380952381
150.009523809524
138.890476190476
133.057142857143
135.842857142857
146.342857142857
154.652380952381
190.509523809524
242.723809523809
283.580952380952
294.485714285714
296.485714285714
285.985714285714
271.761904761905
258.890476190476
251.033333333333
248.866666666667
249.295238095238
248.295238095238
270.438095238095
275.771428571429
268.628571428571
257.842857142857
243.795238095238
229.295238095238
207.104761904762
196.961904761905
183.214285714286
161.747619047619
142.461904761905
133.461904761905
127.319047619048
137.319047619047
136.033333333333
130.723809523809
142.495238095238
170.295238095238
194.295238095238
207.366666666667
216.319047619047
217.033333333333
208.747619047619
202.414285714285
189.414285714286
182.414285714286
179.347619047619
176.128571428571
181.985714285715
212.604761904762
220.604761904762
222.271428571429
215.414285714286
208.190476190476
200.057142857143
184.628571428571
166.628571428572
157.2
142.866666666667
128.580952380952
117.752380952381
108.928571428571
