200.811111111111
200.162962962963
195.885185185185
182.82962962963
171.837037037037
153.588888888889
137.977777777778
133.755555555556
135.866666666667
142.366666666667
155.07037037037
208.181481481481
245.203703703704
269.67037037037
269.292592592593
254.422222222222
241.533333333333
225.2
234.707407407407
237.292592592593
238.403703703704
257.588888888889
265.551851851852
246.996296296296
236.774074074074
206.551851851852
190.774074074074
166.785185185185
152.596296296296
144.992592592593
146.274074074074
149.907407407407
160.903703703704
200.459259259259
239.792592592593
261.551851851852
264.477777777778
263.533333333333
253.385185185185
232.82962962963
232.385185185185
235.681481481482
239.348148148148
253.662962962963
271.977777777778
256.366666666667
235.014814814815
213.755555555556
202.644444444444
181.696296296296
162.477777777778
145.496296296296
150.496296296296
146.062962962963
152.922222222222
184.792592592593
236.57037037037
270.718518518519
280.311111111111
268.644444444445
260.533333333333
246.162962962963
238.996296296296
249.848148148148
249.237037037037
254.144444444444
268.088888888889
267.255555555556
247.588888888889
222.885185185185
193.496296296296
179.085185185185
161.440740740741
149.162962962963
145.2
141.737037037037
152.311111111111
170.403703703704
223.737037037037
260.922222222222
275.255555555556
271.811111111111
258.496296296296
241.718518518519
234.718518518519
235.07037037037
240.959259259259
237.737037037037
265.07037037037
267.07037037037
245.996296296296
226.585185185185
206.385185185185
190.97037037037
168.959259259259
151.681481481482
149.251851851852
153.551851851852
153.785185185185
167.737037037037
212.940740740741
253.181481481481
273.977777777778
272.7
266.32962962963
252.107407407407
238.462962962963
236.32962962963
238.762962962963
237.662962962963
265.014814814815
269.651851851852
247.996296296296
229.533333333334
206.255555555556
192.82962962963
180.403703703704
165.737037037037
148.237037037037
142.588888888889
143.588888888889
150.051851851852
169.811111111111
199.755555555556
221.033333333333
229.885185185185
228.144444444445
215.144444444445
194.422222222222
187.662962962963
187.848148148148
192.848148148148
212.292592592593
229.348148148148
221.348148148148
211.922222222222
194.144444444445
181.7
161.144444444445
151.477777777778
135.348148148148
132.755555555556
135.588888888889
139.2
143.162962962963
144.607407407407
158.385185185185
173.82962962963
185.218518518519
183.940740740741
173.496296296296
160.496296296296
159.033333333333
153.366666666667
161.551851851852
191.551851851852
208.440740740741
204.792592592593
195.218518518519
181.218518518519
166.088888888889
146.2
141.644444444445
127.355555555556
136.144444444444
145.496296296296
176.048148148148
220.748148148149
258.57037037037
271.037037037037
272.57037037037
267.903703703704
255.681481481482
246.737037037037
252.270370370371
264.237037037037
245.7
271.662962962963
264.996296296296
244.755555555556
221.088888888889
201.7
186.533333333333
165.374074074074
153.140740740741
143.866666666667
140.792592592593
153.07037037037
173.977777777778
212.2
249.514814814815
267.496296296296
263.162962962963
256.185185185185
242.922222222223
231.366666666667
233.237037037037
235.796296296296
231.32962962963
245.774074074074
