141.871641791045
149.95671641791
156.976119402985
174.498507462686
180.737313432836
168.438805970149
164.632835820896
166.162686567164
189.513432835821
192.573134328358
182.170149253731
168.031343283582
150.773134328358
143.75223880597
144.64776119403
160.841791044776
218.707462686567
234.744776119403
231.170149253731
214.714925373134
216.080597014925
217.726865671642
232.420895522388
226.155223880597
208.546268656717
184.364179104478
166.889552238806
156.491044776119
154.844776119403
157.617910447761
202.020895522388
228.453731343283
226.289552238806
218.446268656717
209.573134328358
213.117910447761
221.632835820895
232.005970149254
213.074626865672
191.940298507463
173.692537313433
156.673134328358
150.692537313433
153.353731343283
184.916417910447
226.520895522388
232.379104477612
231.513432835821
212.2
210.423880597015
209.692537313433
234.483582089552
216.737313432836
194.583582089552
179.128358208955
162.826865671642
149.811940298507
153.717910447761
164.331343283582
219.35671641791
232.707462686567
228.711940298507
213.349253731343
213.289552238806
218.886567164179
233.80447761194
225.686567164179
207.289552238806
186.617910447761
163.679104477612
150.588059701493
151.625373134328
157.811940298507
206.170149253731
229.492537313433
225.946268656716
216.283582089552
204.09552238806
207.349253731343
215.759701492537
231.961194029851
212.161194029851
189.280597014925
171.2
154.080597014925
149.282089552239
152.871641791045
171.620895522388
192.140298507463
204.532835820896
192.722388059701
178.538805970149
174.062686567164
178.170149253731
201.75223880597
195.125373134328
178.946268656716
165.737313432836
155.892537313433
144.99552238806
144.588059701493
150.707462686567
149.471641791045
165.640298507463
170.050746268657
163.364179104478
157.289552238806
155.297014925373
178.737313432836
189.2
180.155223880597
173.214925373134
157.94328358209
146.737313432836
145.30447761194
157.550746268657
207.232835820896
224.891044776119
227.185074626866
213.058208955224
206.64776119403
210.237313432836
215.540298507463
229.440298507463
211.023880597015
183.968656716418
167.558208955224
153.270149253731
149.04776119403
151.931343283582
188.035820895522
223.713432835821
230.229850746269
218.841791044776
206.492537313433
209.005970149254
208.2
229.680597014925
217.940298507463
193.697014925373
176.617910447761
156.467164179104
152.826865671642
151.879104477612
166.767164179104
218.54328358209
231.289552238806
222.692537313433
209.931343283582
208.476119402985
208.319402985075
227.535820895523
219.614925373134
202.625373134329
184.931343283582
164.028358208955
150.886567164179
155.2
160.349253731343
202.428358208955
236.916417910448
230.894029850746
218.2
210.662686567164
212.707462686567
219.864179104478
228.050746268657
210.401492537313
188.498507462687
171.289552238806
155.170149253731
151.908955223881
156.229850746269
186.558208955223
222.185074626866
227.14776119403
219.005970149254
205.976119402985
209.334328358209
210.379104477612
228.677611940299
216.602985074627
191.886567164179
176.958208955224
156.737313432836
149.453731343284
151.677611940299
165.252238805971
187.035820895522
202.185074626866
199.30447761194
183.714925373134
172.2
174.282089552239
200.005970149255
200.125373134328
185.185074626866
167.595522388059
153.901492537314
144.259701492537
