223
218
210.976190476191
198.214285714286
182.428571428571
167.047619047619
151.904761904762
133.904761904762
127.904761904762
123.238095238095
120.142857142857
121.142857142857
128.571428571428
149.571428571429
192.104761904762
232.761904761905
266.942857142857
284.809523809524
278.809523809524
272.809523809524
263.952380952381
247.714285714286
242.071428571429
245.119047619048
246.333333333333
246.333333333333
241.333333333333
276.404761904762
290.261904761905
274.119047619048
247.761904761905
235.757142857143
213.657142857143
197.642857142857
175.97619047619
154.547619047619
139.47619047619
130.666666666667
123.666666666667
127.071428571429
129.428571428571
142.97619047619
174.742857142857
219.971428571428
258.771428571429
286.333333333333
295.047619047619
293.190476190476
286.738095238095
275.404761904762
249.904761904762
249.904761904762
249.5
253.02380952381
251.309523809524
253.119047619048
296.595238095238
289.595238095238
265.452380952381
249.119047619048
232.119047619048
210.690476190476
193.690476190476
167.190476190476
149.738095238095
135.380952380952
127.380952380952
125.380952380952
126.666666666667
135.666666666667
149.428571428571
181.790476190476
228.404761904762
269.97619047619
288.595238095238
288.595238095238
282.595238095238
270.928571428571
253.595238095238
242.595238095238
243
241.833333333333
247.333333333333
246.404761904762
268.071428571429
283.238095238095
273.380952380953
252.285714285714
239.785714285714
214.980952380952
196.095238095238
176.428571428571
156.095238095238
141.380952380952
128.380952380952
128.714285714286
128.190476190476
131.761904761905
144.209523809524
170.938095238095
220.738095238095
255.738095238095
279.404761904762
285.547619047619
283.833333333333
277.761904761905
252.97619047619
242.476190476191
238.404761904762
239.071428571429
241.809523809524
244.809523809524
251.047619047619
288.047619047619
283.428571428571
268
252.357142857143
234.32380952381
208.452380952381
189.952380952381
164.785714285714
150.333333333333
141.333333333333
136.119047619048
134.142857142857
130.142857142857
137.142857142857
151.833333333333
181.704761904762
224.690476190476
266.928571428572
285.214285714286
289.214285714286
280.357142857143
273.357142857143
259.785714285714
244.785714285714
248.833333333333
243.833333333333
241.547619047619
237.261904761905
257.833333333333
284.5
275.028571428571
256.728571428571
244.714285714286
230.652380952381
209.452380952381
182.119047619048
155.285714285714
139.785714285714
134.785714285714
128.166666666667
125.190476190476
126.619047619048
132.642857142857
146.285714285714
182.785714285714
196.571428571429
213.904761904762
228.238095238095
231.523809523809
225.142857142857
215.142857142857
200.619047619048
187.047619047619
180.333333333333
180.166666666667
182.952380952381
193.452380952381
230.142857142858
242.238095238095
235.666666666666
220.976190476191
205.976190476191
190.97619047619
178.47619047619
158.285714285714
143.714285714286
132.214285714285
121.452380952381
119.285714285714
113.785714285714
113.428571428571
120.928571428571
131.214285714286
144.142857142857
163.071428571429
157.571428571428
176.047619047619
188.47619047619
195.904761904762
192.904761904762
173.761904761905
165.761904761905
165.380952380952
163.476190476191
165.261904761905
180.928571428571
209.547619047619
