109.239221556886
118.739221556886
114.999700598802
117.676347305389
130.341017964072
146.748203592814
157.000898203593
155.100898203593
158.005688622754
150.903892215569
140.676347305389
135.454790419162
129.730239520958
135.230239520958
137.011676646707
162.532634730539
189.598502994012
197.496706586826
198.245209580838
192.245209580838
179.538622754491
167.140419161677
153.070359281437
135.352994011976
117.320658682635
118.520658682635
117.85
115.544610778443
116.185329341317
123.70868263473
140.556586826347
189.556586826347
223.035628742515
251.376946107784
265.299101796407
265.10748502994
265.957784431138
251.957784431138
230.96377245509
228.924850299401
234.269161676647
236.312275449102
236.113473053892
238.113473053892
267.586526946108
275.796107784431
262.484730538922
241.418862275449
226.652395209581
204.652395209581
192.532634730539
174.10628742515
156.832035928144
146.427844311377
141.442814371258
132.442814371258
131.634431137725
131.990718562874
141.245209580838
160.966766467066
187.442814371257
228.442814371257
251.460778443114
256.658383233533
251.969760479042
245.287125748503
239.70628742515
223.70628742515
232.927844311377
228.166167664671
226.927844311377
231.957784431138
238.987724550898
275.987724550898
278.927844311377
263.460778443114
246.317065868264
228.430838323353
204.676347305389
187.676347305389
173.742215568862
155.987724550898
145.430838323353
137.412874251497
125.766167664671
130.766167664671
131.885928143713
142.927844311377
166.700299401198
201.472754491018
239.778143712575
265.778143712575
265.263173652695
255.006886227545
246.490718562874
237.682335329341
225.981736526946
223.981736526946
228.840419161677
232.067964071856
231.99371257485
246.041616766467
276.569760479042
277.73622754491
256.73622754491
238.969760479042
216.472754491018
198.116467065868
186.951796407185
162.624251497006
147.724251497006
139.387125748503
135.85
133.924850299401
133.586526946108
140.376946107784
140.376946107784
175.33502994012
214.161377245509
245.915868263473
265.167365269461
265.878143712575
259.978143712575
250.447604790419
235.203293413174
226.634431137725
229.131437125748
230.07754491018
230.07754491018
242.750598802395
268.287125748503
285.047604790419
277.933832335329
252.126047904192
243.226047904192
217.742215568862
201.143413173653
182.952994011976
161.766167664671
153.376946107784
140.376946107784
130.897904191617
128.724251497006
132.634431137725
141.646407185629
157.173353293413
188.173353293413
227.203293413174
255.394910179641
264.975748502994
260.975748502994
255.041616766467
232.041616766467
228.029640718563
227.654790419162
227.802095808383
228.673952095808
231.781137724551
237.281137724551
274.388922155689
280.616467065868
265.281137724551
245.191317365269
230.059580838323
207.059580838323
192.876946107784
176.235628742515
161.526646706587
148.520658682635
135.724251497006
136.724251497006
132.083532934132
134.508682634731
145.502694610779
156.987724550898
163.161377245509
187.361377245509
214.512874251498
221.59251497006
216.078143712575
207.323053892216
200.514670658683
189.514670658682
169.838023952096
164.400898203593
167.382934131737
171.897904191617
179.281137724551
212.281137724552
228.688323353293
225.227245508982
212.161377245509
195.778143712575
179.33502994012
165.33502994012
146.790119760479
136.568562874251
129.161377245509
122.556586826347
116.358982035928
