116.43224852071
118.43224852071
120.43224852071
126.864201183432
134.065384615385
140.929289940829
153.053550295858
166.553550295858
176.006213017752
185.364201183432
190.870118343195
186.760650887574
172.586094674556
165.086094674556
160.532840236686
158.029881656805
163.41449704142
182.48550295858
207.148224852071
212.290236686391
212.290236686391
206.118639053254
193.183727810651
182.316863905325
169.918639053254
147.142307692308
133.142307692308
121.553550295858
120.988461538462
118.707396449704
121.491420118343
137.145266272189
157.805029585799
201.805029585799
257.899704142012
289.36124260355
299.41449704142
299.00325443787
295.047633136095
288.047633136095
273.473668639053
270.686686390533
274.006213017752
279.997337278106
286.112721893491
287.37899408284
297.37899408284
292.571301775148
276.787278106509
258.704437869822
237.674852071006
207.597928994083
200.597928994083
182.91449704142
163.668934911243
148.384911242604
140.171893491124
137.683727810651
133.248816568047
134.248816568047
151.816863905326
188.296153846154
243.911538461539
295.225147928994
302.846449704142
306.846449704142
309.479585798817
299.242899408284
280.976627218935
269.36124260355
274.53875739645
280.53875739645
279.381360946746
285.558284023669
298.413313609467
306.313905325444
296.242899408284
264.550591715976
248.550591715976
225.402662721894
213.473668639053
191.254142011835
163.247633136095
149.293195266272
129.793195266272
131.284319526627
129.716272189349
132.39674556213
143.509171597633
169.757692307692
221.254733727811
264.75473372781
289.601479289941
300.03224852071
297.497337278106
289.157100591716
281.686686390532
258.686686390532
254.858284023669
255.734023668639
259.805029585799
266.407396449704
279.509171597633
307.802662721894
296.602662721894
275.278402366864
255.313905325444
232.639349112426
211.48550295858
201.124556213018
174.124556213018
154.651183431953
143.225147928994
135.947041420118
130.142307692308
127.645266272189
136.787278106509
151.787278106509
197.455917159763
251.911538461539
288.50325443787
300.168934911243
303.189644970414
302.189644970414
292.420414201183
271.935207100592
260.56124260355
261.609763313609
266.988461538461
273.976627218935
278.976627218935
295.902662721893
295.911538461539
280.583136094675
260.627514792899
241.550591715976
216.550591715976
201.05650887574
183.019230769231
162.757692307692
146.018047337278
138.390828402367
137.390828402367
134.908579881657
131.201479289941
144.287278106509
176.982544378698
224.154142011835
276.825147928994
299.025147928994
299.745857988166
297.112130177515
291.296153846154
277.231065088758
256.154142011834
256.654142011834
258.803846153846
260.452958579882
263.461834319527
274.603846153846
290.278402366864
287.526923076923
262.526923076923
247.529881656805
223.73402366864
203.532840236686
190.094970414202
172.982544378698
151.982544378698
142.41449704142
135.337573964497
131.180769230769
129.284319526627
132.006213017752
148.46775147929
177.46775147929
193.686686390533
217.047633136095
235.100887573964
236.41449704142
224.420414201183
219.920414201183
197.657100591716
184.302071005917
180.266568047337
181.151183431953
182.148224852071
181.893786982248
222.893786982249
237.195562130177
233.177810650887
219.606804733728
203.390828402367
187.739940828403
170.739940828402
155.941124260355
142.588461538461
127.707396449704
117.627514792899
116.609763313609
