79.709580838323
101.709580838323
122.907185628742
140.278443113772
149.089221556886
148.302395209581
145.194610778443
133.194610778443
126.080838323353
115.763473053892
109.47005988024
111.583832335329
110.631736526946
111.631736526946
118.416167664671
123.27245508982
133.170658682635
151.937125748503
169.117964071856
164.317964071856
146.35628742515
130.661676646707
117.661676646707
107.853293413174
107.709580838323
104.709580838323
108.511976047904
110.90119760479
131.01497005988
170.925149700599
201.685628742515
228.685628742515
236.025748502994
238.630538922156
234.171856287425
222.329341317365
211.007784431138
214.907784431138
217.234131736527
217.236526946108
210.967065868263
200.655688622755
194.831736526946
190.931736526946
186.943113772455
188.452095808383
189.505988023952
185.745508982036
176.423353293413
154.623353293413
140.72754491018
131.931137724551
123.422155688623
118.61377245509
124.751497005988
123.751497005988
118.200598802395
153.52994011976
195.230538922156
222.7874251497
239.230538922156
244.230538922156
237.24251497006
231.416167664671
224.308383233533
219.919161676647
224.260479041916
224.260479041916
222.29880239521
218.062874251497
210.907185628742
205.62754491018
205.673652694611
194.673652694611
202.595808383234
200.368263473054
187.867664670659
172.152095808383
160.267664670659
148.467664670659
133.601796407186
128.488023952096
128.176646706587
126.619760479042
122.631736526946
128.631736526946
152.092814371258
192.314371257485
225.817365269461
243.27245508982
247.01497005988
245.01497005988
235.158682634731
225.943113772455
222.811377245509
222.254491017964
220.404191616766
223.404191616766
217.955089820359
207.676646706587
202.464071856287
199.458083832335
196.511976047904
205.452095808383
204.452095808383
191.326347305389
174.593413173653
160.65748502994
149.050898203593
129.517964071856
135.517964071856
127.571856287425
122.176646706587
120.601796407186
128.931137724551
168.751497005988
202.751497005988
230.092814371258
240.224550898204
240.350299401198
238.87125748503
235.284431137725
218.284431137724
217.326347305389
221.266467065868
226.715568862275
230.200598802395
224.907185628742
196.907185628743
186.889221556886
192.404191616766
201.268862275449
202.991017964072
195.254491017964
191.254491017964
171.625748502994
149.961077844311
135.793413173653
129.24251497006
121.787425149701
120.787425149701
118.026946107784
126.085628742515
150.344311377246
190.109580838324
238.2125748503
276.212574850299
282.092814371258
276.452095808383
269.937125748503
261.146706586826
243.17245508982
243.07245508982
241.254491017964
235.721556886228
229.281437125748
223.007784431138
216.613173652695
215.713173652695
209.224550898203
215.805389221557
211.086826347305
192.380239520958
175.248502994011
150.248502994012
152.071856287425
142.895209580838
136.35628742515
136.054491017964
133.90119760479
123.901197604791
118.601796407186
128.303592814371
151.822155688623
178.87125748503
197.074850299401
205.074850299401
200.697604790419
194.188622754491
182.176646706587
168.943113772455
161.516167664671
158.616167664671
159.476047904192
158.943113772455
156.236526946108
155.169461077844
158.20119760479
157.10119760479
161.955089820359
168.511976047904
166.799401197605
158.032934131737
147.271856287425
133.171856287425
124.110778443114
115.110778443114
110.260479041916
108.260479041916
103.494011976048
