208.97619047619
205.97619047619
202.166666666667
192.595238095238
178.738095238095
163.761904761905
148.761904761905
131.761904761905
124.190476190476
119.52380952381
119.333333333333
123.190476190476
128.547619047619
151.547619047619
194
246.714285714285
276.052380952381
279.619047619048
279.761904761905
277.761904761905
262.428571428571
249.47619047619
244.333333333333
245.095238095238
246.809523809524
247.309523809524
262.309523809524
287.023809523809
290.5
276.928571428571
259.690476190476
241.390476190476
217.090476190476
195.190476190476
181.290476190476
169.333333333333
154.104761904762
137.738095238095
139.738095238095
135.857142857143
137.428571428571
146.090476190476
170.72380952381
220.380952380952
279.380952380952
288.380952380952
292.214285714286
292.357142857143
289.595238095238
281.404761904762
255.404761904762
251.904761904762
261.357142857143
271.071428571429
282.928571428571
297.071428571429
301.666666666667
298.166666666667
274.52380952381
254.857142857143
234.333333333333
211.547619047619
194.404761904762
166.404761904762
164.914285714286
151.357142857143
136.1
128.666666666667
131.152380952381
145.552380952381
151.952380952381
189.190476190476
243.047619047619
287.533333333333
304.509523809524
304.809523809524
304.809523809524
299.385714285714
284.452380952381
270.666666666667
269.5
281.547619047619
280.547619047619
294.97619047619
301.309523809524
297.309523809524
284.380952380952
263.690476190476
250.690476190476
222.761904761905
200.761904761905
177.990476190476
157.357142857143
147.471428571429
135.271428571429
138.023809523809
135.428571428571
137.214285714286
145.428571428571
162.638095238095
206.238095238095
263.238095238095
286.238095238095
293.252380952381
291.452380952381
285.642857142857
282.380952380952
253.880952380953
252.809523809524
258.309523809524
266.476190476191
277.047619047619
288.771428571429
297.871428571429
294.214285714286
278.857142857143
258.257142857143
236.190476190476
214.619047619048
201.619047619048
180.238095238095
162.4
149.857142857143
140.166666666667
132.642857142857
135.642857142857
144.142857142857
155.476190476191
183.261904761905
231.690476190476
283.261904761905
297.809523809524
303.309523809524
298.952380952381
290.952380952381
276
261.214285714286
263.119047619048
264.119047619048
273.714285714286
288.857142857143
295.642857142857
291.809523809524
282.309523809524
254.809523809524
243.5
220.428571428571
202.857142857143
187.214285714286
165.309523809524
152.309523809524
141.809523809524
132.119047619048
129.738095238095
129.595238095238
131.595238095238
149.642857142857
168.642857142857
205.642857142857
220.97619047619
229.214285714286
237.928571428571
233.285714285714
227.285714285714
207.261904761905
195.404761904762
191.333333333333
191.666666666667
194.738095238095
204.238095238095
222.785714285715
235.309523809524
231.523809523809
218.357142857143
205.452380952381
184.452380952381
173.452380952381
158.080952380952
143.785714285715
132.285714285714
123.142857142857
115.619047619048
117.619047619048
117.904761904762
125.238095238095
131.47619047619
135.761904761905
147.214285714286
148.714285714286
148.857142857143
166.714285714286
181.238095238095
179.904761904762
166.119047619048
153.619047619048
151.595238095238
148.571428571429
152.785714285715
172.880952380952
203.285714285714
