114.411518324607
126.411518324607
133.170680628272
137.859162303665
142.359162303665
157.814659685864
173.82722513089
181.40890052356
180.882722513089
171.029319371728
157.893193717278
152.003141361257
148.149738219895
146.233507853403
163.275392670157
191.479581151833
202.641884816754
201.649738219895
196.762303664922
183.249214659686
174.191623036649
156.068586387435
137.63664921466
125.63664921466
128.086910994764
129.712565445026
137.730890052356
150.840837696335
202.034554973822
243.584816753926
271.42722513089
281.666492146597
272.401047120419
261.602617801047
242.076439790576
231.662827225131
241.391623036649
242.107853403141
247.249214659686
251.510994764398
277.762303664921
271.516230366492
250.243979057592
240.610471204189
208.966492146597
193.966492146597
168.741361256545
152.693717277487
141.791623036649
139.067015706806
143.128795811518
145.528272251309
159.751832460733
201.003141361257
241.767539267016
266.296335078534
274.997905759162
274.270157068063
269.594764397906
254.898429319372
238.80942408377
238.610471204188
241.709947643979
246.98219895288
249.322513089005
285.367015706806
280.238743455497
255.738743455497
236.160209424084
214.317277486911
204.778010471204
183.965445026178
164.187434554974
145.287434554974
144.558115183246
142.723036649215
141.871204188482
152.346073298429
190.139267015707
241.615706806282
277.657591623037
292.992670157068
286.798952879581
273.128795811518
265.479581151832
250.903664921466
247.353926701571
258.196858638743
257.343455497382
259.843455497382
275.275392670157
285.089528795812
266.673298429319
249.013612565445
219.113089005236
191.047643979058
178.218848167539
161.144502617801
146.867015706806
141.076439790576
137.814659685864
140.984816753927
151.914136125654
180.421989528796
232.401047120419
269.778010471204
286.442931937173
286.634031413613
274.620942408377
259.322513089005
242.186387434555
240.699476439791
241.699476439791
248.448167539267
244.971727748691
269.843455497382
279.332984293194
263.552879581152
245.165445026178
221.884293193717
207.08167539267
188.504712041885
166.950785340314
149.64554973822
142.792670157068
147.932460732984
149.981151832461
154.414136125654
178.704712041885
224.979581151832
263.80942408377
285.560732984293
284.840837696335
280.715183246073
268.715183246073
250.903664921466
241.934031413613
243.96387434555
245.974869109948
244.398429319372
271.437696335078
281.323036649215
264.94554973822
244.495287958115
222.956020942408
203.92722513089
190.607329842932
178.555497382199
163.605235602094
144.775392670157
137.369633507853
136.835602094241
140.757068062827
151.183769633508
176.196858638743
207.382722513089
226.882722513089
235.123560209424
234.73612565445
224.887958115183
202.579057591623
191.518848167539
185.877486910995
190.626178010471
193.783246073298
216.361780104712
234.715183246073
229.335602094241
218.369633507853
205.406282722513
188.521465968586
173.859685863874
155.971727748691
145.107853403141
128.867015706806
125.825130890052
126.537172774869
134.597382198953
131.097382198953
142.935078534031
137.029319371728
159.573821989529
172.851308900524
184.251832460733
184.442931937173
175.641884816754
162.662827225131
156.932460732984
152.757068062827
148.867015706806
162.474345549738
192.474345549738
211.353926701571
209.215183246073
200.725654450262
188.665445026178
173.259685863874
157.411518324608
138.15497382199
135.032984293193
