106.6
117.6
133.457142857143
146.557142857143
153.742857142857
154.695238095238
150.6
144.6
136.542857142857
132.409523809524
128.266666666667
124.195238095238
127.242857142857
140.242857142857
182.195238095238
192.909523809524
193.57619047619
192.576190476191
180.433333333333
161.433333333333
148.528571428571
134.1
123.671428571429
118.195238095238
116.338095238095
119.338095238095
126.338095238095
140.62380952381
156.747619047619
183.919047619048
221.719047619048
245.480952380952
244.480952380952
240.909523809524
238.242857142857
229.1
217.814285714286
221.290476190476
229.290476190476
228.242857142857
219.814285714286
227.147619047619
251.147619047619
269.004761904762
250.004761904762
264.338095238095
227.004761904762
199.290476190476
178.680952380952
145.6
146.6
139.6
131.790476190476
129.361904761905
131.219047619048
136.838095238095
151.028571428571
169.028571428572
204.171428571429
238.838095238095
254.076190476191
249.290476190476
243.585714285714
240.685714285714
221.409523809524
211.12380952381
215.07619047619
225.742857142857
231.171428571429
233.171428571429
246.6
268.980952380952
262.552380952381
240.933333333333
231.219047619048
214.219047619048
200.219047619048
170.838095238095
150.9
139.385714285714
130.766666666667
129.861904761905
130.861904761905
132.719047619048
138.719047619048
152.909523809524
179.909523809524
220.280952380952
245.180952380952
246.014285714286
244.1
241.052380952381
232.052380952381
215.62380952381
214.62380952381
219.338095238095
219.766666666667
220.309523809524
229.361904761905
249.790476190476
267.790476190476
247.790476190476
234.266666666667
212.980952380953
195.62380952381
186.838095238095
164.457142857143
144.457142857143
133.885714285714
134.219047619048
136.838095238095
134.838095238095
129.838095238095
143.838095238095
165.980952380952
204.766666666666
234.1
244.433333333333
244.57619047619
239.57619047619
233.62380952381
220.766666666667
216.62380952381
220.242857142857
223.242857142857
226.242857142857
222.242857142857
252.242857142857
268.57619047619
262.57619047619
244.338095238095
225.290476190476
205.290476190476
195.57619047619
176.709523809524
154.457142857143
138.742857142857
133.933333333333
130.933333333333
128.838095238095
129.695238095238
135.885714285714
149.552380952381
173.695238095238
216.695238095238
233.980952380952
241.6
242.028571428571
239.028571428571
233.076190476191
214.576190476191
207.57619047619
217.980952380952
219.171428571428
215.171428571429
224.695238095238
262.885714285714
264.885714285714
248.885714285714
229.885714285714
210.409523809524
191.552380952381
176.12380952381
166.123809523809
155.038095238095
135.409523809524
127.966666666667
132.433333333333
131.290476190476
123.290476190476
129.576190476191
136.195238095238
156.695238095239
183.314285714286
200.052380952381
205.052380952381
193.052380952381
187.528571428571
177.338095238096
163.766666666666
154.457142857143
156.885714285714
157.885714285714
159.742857142857
187.742857142857
213.028571428571
215.6
204.409523809524
191.409523809524
176.6
168.742857142857
155.309523809524
136.542857142857
123.028571428571
113.028571428572
108.742857142857
109.314285714286
108.457142857143
105.838095238095
103.457142857143
