114.351497005988
121.951497005988
126.261676646707
127.523952095808
128.830538922156
136.564071856287
160.183832335329
177.183832335329
182.782634730539
183.192215568862
174.866467065868
158.749101796407
150.088023952096
147.088023952096
143.674850299401
144.261676646707
149.07245508982
164.702994011976
206.573053892215
210.073053892216
205.189820359282
190.552694610779
180.480838323353
176.897005988024
157.872455089821
136.372455089821
130.007784431138
126.960479041916
125.716766467066
128.019161676647
136.028143712575
152.028143712575
184.583832335329
221.511976047904
252.773053892215
270.429341317365
271.07005988024
267.07005988024
261.758682634731
250.168862275449
240.69880239521
241.34251497006
252.543113772455
249.543113772455
246.98622754491
243.797604790419
260.183832335329
281.632934131737
265.249700598802
245.249700598802
227.046107784431
218.854491017964
194.734730538922
159.591017964072
145.776646706587
141.776646706587
144.147904191617
140.378443113772
140.315568862275
149.330538922156
167.668862275449
206.868862275449
241.273652694611
266.216766467066
276.650898203593
274.647904191617
266.941916167665
255.241916167665
243.448502994012
237.908982035928
239.24371257485
243.65628742515
245.321556886228
240.821556886228
245.782634730539
274.860479041916
280.183832335329
261.273652694611
244.72874251497
225.22874251497
210.040119760479
187.891616766467
167.656886227545
151.387425149701
139.07005988024
140.07005988024
143.010179640719
147.168862275449
154.830538922156
177.732335329341
221.806586826348
265.306586826347
285.72874251497
290.040119760479
287.399401197605
282.626946107784
276.066467065868
263.766467065868
266.674850299401
270.311976047904
270.638922155689
268.879640718563
267.744311377245
267.794011976048
292.694011976048
281.135928143713
263.073652694611
241.291616766467
218.111976047904
215.50119760479
179.501197604791
164.420359281437
150.993413173653
143.95628742515
146.38622754491
143.821556886228
152.121556886228
155.594011976048
178.088023952096
205.531137724551
232.914371257485
284.378443113773
277.878443113772
277.710778443114
271.273652694611
259.650898203593
248.034131736527
240.744311377245
237.144311377246
246.474251497006
244.47125748503
241.695808383234
253.309580838323
282.010179640718
271.010179640719
252.195808383234
230.519161676647
211.803592814371
193.58502994012
166.822754491018
154.722754491018
149.312574850299
143.993413173653
142.852694610778
147.24251497006
153.87245508982
165.87245508982
204.192814371258
241.802994011977
271.192215568862
285.668862275449
280.465269461078
273.465269461078
261.944311377246
251.004191616766
246.35748502994
247.450898203593
249.991017964072
262.191017964072
257.25868263473
257.944311377245
271.863473053892
281.135928143712
261.51616766467
248.016167664671
222.914371257485
208.968263473054
189.289221556886
165.249700598802
152.040119760479
150.040119760479
140.989221556886
132.974251497006
132.558083832335
142.399401197605
160.12994011976
176.329940119761
197.1
219.910778443114
229.165868263473
226.088023952096
219.875449101797
207.375449101796
193.911377245509
181.561077844312
176.387425149701
175.830538922156
175.111976047904
178.111976047904
185.11377245509
223.429341317366
236.534131736527
223.079640718563
206.405389221557
189.405389221557
169.935329341318
157.944311377245
145.573053892215
133.153892215569
122.561077844311
