84.9468531468531
97.9468531468532
113.953846153846
130.534265734266
141.534265734266
146.904895104895
149.282517482518
149.21958041958
140.21958041958
133.044755244755
128.093706293706
127.093706293706
120.415384615385
115.716083916084
115.73006993007
116.73006993007
123.268531468531
133.051748251748
142.051748251748
150.233566433566
162.00979020979
178.506293706294
171.506293706294
155.170629370629
136.07972027972
127.07972027972
114.779020979021
107.324475524476
107.408391608392
110.408391608392
112.779020979021
113.625174825175
110.625174825175
141.744055944056
187.548251748251
242.254545454545
261.254545454545
268.290909090909
267.206993006993
262.006993006993
251.100699300699
242.184615384615
237.772027972028
246.772027972028
245.478321678322
240.583216783217
242.183216783217
232.613986013986
222.625174825175
215.016783216783
215.016783216783
207.862937062937
199.38041958042
198.38041958042
204.205594405594
203.023776223776
191.911888111888
178.911888111888
158.089510489511
138.338461538462
133.338461538462
128.338461538462
129.338461538462
136.394405594406
129.394405594406
121.73006993007
125.156643356643
160.156643356643
205.475524475524
239.772027972028
258.373426573427
258.373426573427
257.030769230769
254.485314685315
250.485314685315
237.569230769231
231.072727272727
232.688111888112
229.688111888112
232.793006993007
235.212587412587
228.412587412587
218.793006993007
211.205594405594
205.86993006993
196.86993006993
195.408391608392
199.415384615385
208.415384615385
204.271328671329
190.737062937063
169.500699300699
151.900699300699
137.485314685315
127.128671328671
123.128671328671
120.918881118881
121.451048951049
123.65034965035
117.55034965035
143.688111888112
183.688111888112
223.688111888112
251.960839160839
266.373426573427
267.827972027972
264.627972027972
254.365034965035
242.888111888112
235.288111888112
236.415384615385
240.457342657343
245.34965034965
241.44965034965
236.051748251748
230.366433566434
225.366433566434
213.037762237762
202.107692307692
194.890909090909
200.890909090909
206.170629370629
208.275524475524
204.275524475525
186.429370629371
167.953846153846
150.07972027972
133.07972027972
127.788811188811
128.203496503496
131.303496503496
125.93986013986
121.481118881119
124.107692307692
164.107692307692
212.184615384616
252.779020979021
272.779020979021
275.724475524476
273.432167832168
267.744055944056
262.744055944056
250.331468531468
239.443356643357
236.443356643357
240.806993006993
242.770629370629
241.841958041958
237.841958041958
232.56993006993
230.016783216783
233.316783216783
233.478321678322
234.583216783217
233.352447552448
214.352447552447
208.946853146853
199.387412587413
174.387412587413
172.476223776224
158.093706293706
135.827972027972
127.827972027972
129.737062937063
130.373426573426
123.373426573427
119.268531468531
137.359440559441
173.886713286714
217.986713286714
245.855944055944
260.331468531469
260.331468531469
260.331468531469
255.744055944056
247.569230769231
238.569230769231
238.883916083916
240.751048951049
240.751048951049
246.625174825175
245.07972027972
236.261538461539
219.261538461538
216.359440559441
215.436363636364
211.436363636364
223.212587412588
223.464335664335
214.123776223776
199.023776223776
181.632167832168
165.081118881119
150.781118881119
140.155244755245
133.537762237762
129.441958041958
124.541958041958
121.953846153846
116.366433566434
