167.27619047619
167.27619047619
151.085714285714
132.942857142857
121.557142857143
118.109523809524
115.919047619048
109.919047619048
112.490476190476
115.157142857143
132.395238095238
168.966666666666
210.252380952381
235.252380952381
245.77619047619
247.633333333333
242.442857142857
232.442857142857
223.871428571429
235.871428571428
231.680952380952
228.966666666667
224.109523809524
220.157142857143
221.347619047619
223.347619047619
204.347619047619
202.347619047619
203.728571428571
200.871428571429
188.109523809524
161.204761904762
156.204761904762
139.204761904762
130.204761904762
127.157142857143
126.871428571429
130.395238095238
129.395238095238
156.261904761905
193.133333333333
225.133333333333
244.466666666667
251.038095238095
249.038095238095
242.27619047619
229.942857142857
229.085714285714
236.523809523809
241.633333333333
247.633333333333
243.633333333333
231.538095238095
220.014285714286
212.928571428571
212.395238095238
219.195238095238
201.995238095238
196.966666666667
183.566666666667
160.966666666667
140.538095238095
136.633333333333
133.633333333333
132.442857142857
142.871428571429
146.871428571429
151.804761904762
181.147619047619
225.747619047619
255.871428571428
265.157142857143
267.071428571429
264.895238095238
255.585714285714
238.585714285714
235.785714285714
238.328571428571
241.633333333333
238.633333333333
225.014285714286
205.204761904762
229.204761904762
224.919047619048
223.919047619048
216.919047619047
201.97619047619
194.038095238095
180.038095238095
160.157142857143
142.871428571429
132.109523809524
129.409523809524
133.166666666667
136.066666666667
130.490476190476
160.3
206.442857142857
245.014285714286
261.395238095238
262.395238095238
260.395238095238
255.966666666667
241.061904761905
229.061904761905
229.538095238095
231.633333333333
235.633333333333
226.776190476191
199.109523809524
192.157142857143
208.014285714286
201.680952380952
201.680952380952
207.109523809524
203.966666666667
185.014285714286
159.714285714286
145.5
141.4
128.82380952381
118.109523809524
122.395238095238
127.871428571429
128.157142857143
172.157142857143
217.157142857143
250.82380952381
261.395238095238
258.109523809524
252.157142857143
242.395238095238
217.395238095238
220.680952380952
226.680952380952
229.77619047619
227.061904761905
215.252380952381
205.252380952381
196.157142857143
187.157142857143
182.871428571429
190.204761904762
206.061904761905
185.061904761905
173.109523809524
153.609523809524
140.180952380952
133.942857142857
129.133333333333
125.133333333333
123.033333333333
115.347619047619
121.761904761905
145.461904761905
176.204761904762
195.538095238095
201.538095238095
199.82380952381
189.490476190476
177.395238095238
167.109523809524
156.680952380952
151.680952380952
153.919047619048
154.347619047619
155.633333333333
157.633333333333
158.061904761905
161.061904761905
172.252380952381
171.204761904762
163.347619047619
151.519047619048
137.633333333333
127.633333333333
122.633333333333
115.204761904762
110.919047619048
108.490476190476
103.585714285714
93.0619047619047
92.0619047619048
103.061904761905
119.395238095238
134.061904761905
143.061904761905
146.680952380952
146.680952380952
138.538095238095
131.680952380952
128.3
124.966666666667
118.109523809524
118.109523809524
119.061904761905
126.919047619047
136.347619047619
144.966666666667
154.680952380952
