117.342857142857
124.342857142857
129.723809523809
136.271428571429
139.485714285714
146.628571428572
182.604761904762
178.104761904762
186.890476190476
189.890476190476
185.557142857143
177.7
170.438095238095
165.438095238095
162.247619047619
158.533333333333
163.7
180.266666666667
201.438095238095
213.438095238095
204.961904761905
190.509523809524
179.938095238095
168.104761904762
149.319047619048
137.819047619048
127.319047619048
118.842857142857
119.509523809524
126.795238095238
138.580952380952
160.266666666667
201.666666666667
233.380952380952
263.747619047619
278.866666666667
277.609523809524
276.576190476191
264.77619047619
253.247619047619
247.67619047619
245.890476190476
246.557142857143
248.128571428571
241.128571428571
245.080952380952
257.580952380952
262.009523809524
256.22380952381
242.152380952381
208.652380952381
195.652380952381
173.504761904762
155.890476190476
146.033333333333
140.67619047619
134.67619047619
138.67619047619
140.104761904762
147.571428571429
176.366666666667
220.238095238095
251.266666666667
274.966666666667
280.028571428571
280.342857142857
275.509523809524
262.009523809524
242.195238095238
244.495238095238
234.128571428571
238.366666666667
239.938095238095
240.7
253.961904761905
287.461904761905
268.961904761905
258.961904761905
239.2
216.271428571429
198.842857142857
181.366666666667
158.366666666667
142.909523809524
140.77619047619
142.580952380952
142.22380952381
144.014285714286
162.814285714286
204.414285714286
241.271428571428
266.366666666667
274.866666666667
267.438095238095
266.438095238095
262.580952380952
250.961904761905
244.219047619048
244.17619047619
246.938095238095
252.938095238095
246.938095238095
248.466666666667
273.247619047619
287.033333333333
269.842857142857
256.033333333333
226.033333333334
211.461904761905
195.795238095238
176.247619047619
156.676190476191
143.980952380952
143.680952380952
135.961904761905
140.319047619048
153.747619047619
179.380952380952
220.02380952381
247.12380952381
275.080952380952
281.747619047619
275.747619047619
266.580952380952
259.676190476191
253.17619047619
244.67619047619
246.7
246.742857142857
244.128571428571
243.533333333333
250.580952380952
288.580952380952
273.438095238095
259.104761904762
241.747619047619
219.633333333333
205.833333333333
178.733333333333
164.752380952381
148.652380952381
137.7
135.7
140.414285714286
149.414285714286
157.938095238095
193.104761904762
234.033333333333
269.3
291.604761904762
284.604761904762
275.904761904762
268.257142857143
251.509523809524
238.480952380952
238.414285714286
239.619047619048
244.919047619048
247.561904761905
253.561904761905
267.461904761905
278.361904761905
265.176190476191
251.17619047619
227.133333333334
206.819047619048
194.757142857143
181.923809523809
158.438095238095
149.438095238095
146.533333333333
138.219047619048
134.461904761905
140.033333333333
154.233333333333
173.533333333333
203.433333333333
232.604761904762
239.380952380953
232.652380952381
225.557142857143
215.914285714285
193.414285714286
182.914285714286
180.414285714286
181.485714285714
183.871428571429
188.866666666666
202.366666666667
229.438095238095
233.580952380952
222.428571428571
205.095238095238
186.780952380952
176.180952380953
159.866666666666
148.142857142857
137.6
128.819047619048
122.690476190476
