212.166666666667
209.166666666667
194.02380952381
178.809523809524
162.309523809524
144.166666666667
133.738095238095
126.738095238095
123.595238095238
121.761904761905
125.738095238095
139.738095238095
164.861904761905
200.661904761905
228.5
261.928571428571
277.761904761905
276.428571428571
275
259
241.095238095238
235.285714285714
237
238.642857142857
235.261904761905
230.261904761905
247.761904761905
273.761904761905
271.428571428572
251.5
231.023809523809
204.285714285714
178.785714285714
161.428571428571
149.428571428571
141.095238095238
134.452380952381
127.880952380952
125.380952380952
129.214285714286
144.785714285714
183.119047619047
228.052380952381
253.166666666667
280.166666666667
283.357142857143
286.119047619048
281.119047619048
266.385714285714
249.738095238095
250.738095238095
247.738095238095
246.357142857143
243.5
247.128571428571
263
283.690476190476
268.190476190476
253.97619047619
231.442857142857
205.261904761905
180.733333333333
159.404761904762
145.404761904762
139.095238095238
131.809523809524
128.785714285714
131.119047619048
136.476190476191
149.97619047619
202.523809523809
238.204761904762
264.690476190476
278.97619047619
278.333333333333
281.333333333333
266.333333333333
245.828571428571
239.071428571429
238.357142857143
235.738095238095
240.119047619048
232.119047619048
239.37619047619
266.976190476191
274.428571428571
253.785714285714
240.995238095238
211.195238095238
190.714285714286
170.142857142857
152.02380952381
139.02380952381
131.738095238095
128.738095238095
129.071428571429
134.52380952381
149.238095238095
179.452380952381
220.5
240.5
270.5
272.97619047619
270.214285714286
265.214285714286
254.547619047619
239.238095238095
237.738095238095
229.380952380952
231.547619047619
232.642857142857
230.657142857143
242.309523809524
276.309523809524
259.642857142857
243.714285714286
225.080952380952
203.214285714286
184
163.5
145.857142857143
136.357142857143
129.071428571428
125.380952380952
127.97619047619
130.97619047619
154.976190476191
195.976190476191
226.119047619048
250.119047619048
272.285714285714
275.47619047619
272.47619047619
261.761904761905
243.761904761905
232.761904761905
231.47619047619
227.97619047619
233.97619047619
232.104761904762
238.47619047619
256.071428571428
267.238095238095
250.952380952381
229.952380952381
210.095238095238
198.523809523809
182.380952380953
162.252380952381
147
143
131.5
128.095238095238
131.238095238095
141.52380952381
159.904761904762
185.047619047619
193.047619047619
221.619047619048
228.619047619048
224.309523809524
217.880952380952
202.547619047619
184.047619047619
173.238095238095
170.738095238095
169.928571428571
167.928571428571
168.071428571429
181.071428571429
219.785714285715
222.071428571429
208.285714285714
194.333333333333
186.47619047619
183.47619047619
160.97619047619
152.642857142857
139.904761904762
119.619047619047
104.428571428571
116.880952380952
118.380952380952
124.595238095238
132.595238095238
134.666666666667
136.809523809524
155.857142857143
165.857142857143
166.809523809524
166.809523809524
160.52380952381
149.357142857143
140.714285714286
137.214285714286
134.666666666667
134.071428571429
144.928571428572
171.928571428571
204.5
