102.257142857143
118.257142857143
134.257142857143
146.542857142857
154.4
157.733333333333
155.542857142857
149.542857142857
143.542857142857
135.542857142857
127.495238095238
123.638095238095
127.638095238095
131.638095238095
141.971428571429
156.542857142857
176.209523809524
188.209523809524
177.995238095238
166.495238095238
151.661904761905
136.661904761905
124.233333333333
116.209523809524
112.780952380952
111.780952380952
118.780952380952
129.019047619048
149.923809523809
185.280952380952
226.780952380952
251.114285714286
252.114285714286
250.542857142857
246.542857142857
235.828571428571
224.542857142857
227.304761904762
227.804761904762
225.138095238095
217.138095238095
209.495238095238
206.328571428571
207.185714285714
204.185714285714
225.471428571429
212.542857142857
190.828571428572
171.209523809524
152.685714285714
136.185714285714
126.185714285714
121.852380952381
120.4
122.685714285714
130.828571428572
145.87619047619
161.876190476191
207.87619047619
236.876190476191
249.161904761905
252.161904761905
247.42380952381
240.423809523809
227.542857142857
220.828571428571
222.328571428571
225.995238095238
222.280952380952
208.280952380952
200.947619047619
198.519047619048
197.519047619048
204.9
219.804761904762
208.804761904762
180.804761904762
170.209523809524
153.495238095238
136.709523809524
129.4
125.947619047619
123.447619047619
128.661904761905
138.495238095238
153.328571428572
179.685714285714
223.542857142857
247.042857142857
248.37619047619
247.37619047619
241.92380952381
230.757142857143
218.185714285714
217.185714285714
221.9
223.090476190476
219.661904761905
214.804761904762
212.185714285714
211.185714285714
208.185714285714
218.947619047619
214.376190476191
195.37619047619
172.257142857143
149.433333333333
140.133333333333
129.033333333333
123.366666666667
120.852380952381
120.566666666667
125.038095238095
129.238095238095
156.328571428572
197.971428571428
230.852380952381
246.519047619048
250.804761904762
244.804761904762
237.852380952381
227.042857142857
222.185714285714
223.638095238095
226.638095238095
229.638095238095
216.638095238095
211.733333333333
210.590476190476
208.019047619048
207.733333333333
223.780952380953
200.780952380952
188.92380952381
173.590476190476
152.923809523809
133.495238095238
125.066666666667
122.066666666667
119.971428571429
123.685714285714
135.971428571429
152.804761904762
172.161904761905
220.661904761905
230.590476190476
236.304761904762
239.590476190476
237.971428571429
229.995238095238
219.995238095238
218.095238095238
222.185714285714
224.280952380952
220.423809523809
212.019047619048
205.757142857143
204.257142857143
196.328571428571
208.661904761905
212.138095238095
195.395238095238
181.090476190477
160.090476190476
142.709523809524
132.066666666667
125.014285714286
121.280952380952
122.42380952381
124.42380952381
132.138095238095
136.17619047619
156.233333333334
183.138095238095
196.9
196.9
196.9
189.614285714286
176.9
166.185714285714
162.614285714286
163.471428571429
161.471428571429
155.185714285714
152.185714285714
155.471428571429
161.185714285714
162.804761904762
179.804761904762
177.804761904762
172.376190476191
155.9
136.233333333333
129.090476190476
121.090476190476
114.995238095238
110.519047619048
109.376190476191
111.9
113.947619047619
