197.980952380952
183.980952380952
169.819047619048
151.533333333333
134.076190476191
122.504761904762
115.695238095238
112.695238095238
111.409523809524
115.409523809524
127.147619047619
153.790476190476
200.480952380952
220.480952380952
244.733333333333
252.57619047619
249.904761904762
243.671428571429
236.214285714286
223.014285714286
220.004761904762
221.314285714286
222.385714285714
220.671428571429
215.790476190476
209.290476190476
207.290476190476
212.57619047619
221.742857142857
216.6
193.338095238095
178.004761904762
146.004761904762
136.804761904762
129.338095238095
123.12380952381
120.480952380952
121.242857142857
129.242857142857
146.742857142857
177.385714285714
215.242857142857
251.242857142857
275.671428571429
278.671428571429
274.528571428571
269.647619047619
254.647619047619
239.57619047619
239.147619047619
249.647619047619
239.147619047619
236.742857142857
230.671428571429
221.385714285714
214.242857142857
214.085714285714
234.785714285714
216.314285714286
193.647619047619
170.004761904762
148.147619047619
136.904761904762
128.104761904762
126.361904761905
125.219047619048
126.480952380952
134.314285714286
154.8
199.2
224.171428571428
243.6
253.885714285714
254.576190476191
250.314285714286
251.314285714286
230.314285714286
224.695238095238
226.409523809524
227.62380952381
225.361904761905
223.242857142857
208.742857142857
208.814285714286
218.314285714286
228.933333333333
228.076190476191
205.266666666667
184.266666666667
161.27619047619
143.861904761905
133.004761904762
126.671428571429
122.242857142857
121.242857142857
129.766666666667
140.290476190476
160.147619047619
189.504761904762
223.504761904762
257.504761904762
257.504761904762
255.07619047619
245.266666666667
232.12380952381
222.980952380952
222.885714285714
220.885714285714
222.742857142857
223.242857142857
220.361904761905
218.433333333333
224.385714285714
220.385714285714
227.695238095238
211.552380952381
190.790476190476
171.457142857143
147.457142857143
135.457142857143
125.361904761905
121.457142857143
121.171428571429
125.6
136.361904761905
150.361904761905
188.061904761905
212.647619047619
242.814285714286
263.528571428571
264.052380952381
262.219047619048
243.719047619048
235.07619047619
230.742857142857
227.266666666667
225.266666666667
227.552380952381
223.052380952381
217.195238095238
221.909523809524
219.12380952381
211.62380952381
213.195238095238
197.195238095238
179.290476190476
160.909523809524
141.552380952381
126.885714285714
121.361904761905
117.861904761905
117.861904761905
120.695238095238
131.933333333334
144.547619047619
153.695238095238
166.57619047619
187.07619047619
197.290476190476
195.790476190476
188.1
177.385714285714
163.62380952381
161.623809523809
163.695238095238
165.480952380952
165.671428571429
166.904761904762
172.319047619048
176.019047619048
177.147619047619
185.538095238095
180.695238095238
165.719047619048
153.504761904762
142.504761904762
129.504761904762
119.580952380952
112.980952380952
108.538095238095
106.790476190476
111.361904761905
117.361904761905
111.190476190476
116.790476190476
129.766666666667
142.209523809524
150.885714285714
148.885714285714
147.338095238095
134.266666666667
121.385714285714
114.719047619048
112.861904761905
117.861904761905
115.242857142857
118.338095238095
124.480952380953
133.004761904762
146.290476190476
