105.052380952381
111.552380952381
117.647619047619
126.433333333333
131.361904761905
134.195238095238
153.909523809524
169.909523809524
175.195238095238
181.361904761905
178.147619047619
163.290476190476
150.266666666667
151.266666666667
152.266666666667
168.266666666667
184.766666666667
195.433333333333
202.861904761905
200.861904761905
189.62380952381
179.219047619048
169.219047619048
156.361904761905
140.080952380952
128.980952380952
120.780952380952
115.738095238095
113.852380952381
116.923809523809
126.6
144.266666666667
195.266666666667
235.980952380952
268.314285714286
285.885714285714
289.257142857143
288.242857142857
284.242857142857
265.766666666667
260.480952380952
262.338095238095
267.438095238095
277.123809523809
289.123809523809
290.647619047619
280.980952380952
268.552380952381
256.933333333333
241.266666666667
205.766666666667
185.266666666667
172.7
153.147619047619
136.290476190476
132.433333333333
135.195238095238
133.195238095238
135.052380952381
145.219047619048
175.647619047619
218.290476190476
246.814285714286
280.314285714286
283.595238095238
278.266666666667
270.504761904762
258.838095238095
242.695238095238
243.695238095238
249.933333333333
252.242857142857
258.385714285714
272.004761904762
287.028571428571
283.028571428571
265.028571428571
246.219047619048
219.790476190476
195.647619047619
179.528571428571
159.938095238095
142.538095238095
136.62380952381
136.62380952381
135.766666666667
133.338095238095
135.190476190476
140.390476190476
193.180952380953
229.338095238095
257.571428571428
277.504761904762
278.190476190476
270.990476190476
258.266666666667
243.361904761905
236.147619047619
238.57619047619
245.62380952381
248.62380952381
257.62380952381
280.790476190476
284.695238095238
274.695238095238
261.123809523809
236.219047619047
213.219047619048
192.790476190476
173.723809523809
158.266666666667
145.238095238095
131.038095238095
130.138095238095
127.428571428571
130.528571428571
140.114285714286
164.647619047619
211.004761904762
253.504761904762
277.147619047619
289.028571428571
288.671428571429
282.357142857143
273.385714285714
248.385714285714
248.385714285714
254.861904761905
259.766666666667
262.766666666667
272.433333333333
301.290476190476
287.290476190476
267.719047619048
248.219047619048
225.885714285714
203.942857142857
190.257142857143
158.657142857143
147.957142857143
134.957142857143
130.266666666667
131.933333333333
129.004761904762
132.504761904762
146.004761904762
180.195238095238
224.409523809523
261.504761904762
276.695238095238
267.195238095238
260.695238095238
251.766666666667
240.719047619047
233.004761904762
233.147619047619
239.933333333333
242.433333333333
254.361904761905
273.861904761905
283.504761904762
274.290476190476
254.719047619048
248.719047619048
213.314285714286
193.742857142857
179.280952380952
161.814285714286
144.242857142857
135.242857142857
134.814285714286
129.480952380952
129.052380952381
133.552380952381
142.147619047619
168.147619047619
185.647619047619
211.647619047619
222.62380952381
219.995238095238
213.1
205.338095238095
186.338095238095
174.109523809524
170.67619047619
171.457142857143
175.742857142857
189.933333333333
224.933333333334
231.614285714286
226.957142857143
210.576190476191
191.642857142857
182.171428571429
168.671428571429
152.885714285714
140.338095238095
130.266666666666
121.838095238095
114.528571428571
