201.832608695652
196.05
190.615217391304
191.136956521739
174.876086956522
162.45
162.754347826087
195.015217391304
201.797826086957
189.689130434783
190.667391304348
184.841304347826
182.49347826087
164.258695652174
161.084782608696
175.389130434783
200.128260869565
190.65
190.997826086957
184.389130434783
188.128260869565
170.09347826087
161.919565217391
163.676086956522
198.354347826087
196.702173913043
192.00652173913
187.963043478261
189.310869565217
176.528260869565
163.971739130435
163.536956521739
189.45
197.580434782609
191.189130434783
191.597826086957
185.902173913043
183.554347826087
167.154347826087
160.89347826087
165.067391304348
184.719565217391
176.371739130435
171.589130434783
171.676086956522
175.415217391304
167.241304347826
159.023913043478
153.589130434783
164.241304347826
169.502173913043
164.458695652174
161.241304347826
169.936956521739
171.502173913043
159.919565217391
159.397826086957
184.636956521739
196.00652173913
192.032608695652
188.684782608696
184.076086956522
183.945652173913
164.684782608696
163.119565217391
171.597826086957
198.684782608696
193.641304347826
193.380434782609
188.423913043478
185.597826086957
171.989130434783
162.076086956522
162.29347826087
195.128260869565
196.49347826087
191.85
189.315217391304
184.945652173913
181.20652173913
165.902173913043
163.815217391304
185.032608695652
198.315217391304
193.554347826087
194.510869565217
187.902173913043
188.728260869565
166.25
162.641304347826
170.597826086957
198.119565217391
194.25
193.215217391304
186.997826086957
185.041304347826
173.867391304348
163.928260869565
161.189130434783
178.710869565217
181.45
174.536956521739
171.276086956522
175.580434782609
175.710869565217
162.536956521739
160.40652173913
158.319565217391
169.45
166.971739130435
163.363043478261
167.580434782609
175.710869565217
166.319565217391
159.363043478261
165.841304347826
196.65
192.084782608696
192.197826086957
184.297826086957
181.345652173913
175.997826086957
163.867391304348
163.432608695652
192.823913043478
198.345652173913
191.69347826087
190.65
184.128260869565
184.263043478261
167.189130434783
163.710869565217
181.623913043478
198.45
192.40652173913
193.884782608696
188.058695652174
185.797826086957
169.015217391304
161.667391304348
170.354347826087
197.710869565217
194.580434782609
195.276086956522
188.058695652174
183.015217391304
175.884782608696
164.015217391304
163.536956521739
192.580434782609
197.60652173913
192.771739130435
190.423913043478
183.119565217391
182.336956521739
167.163043478261
163.815217391304
169.336956521739
186.336956521739
175.380434782609
175.467391304348
176.423913043478
180.163043478261
167.119565217391
161.241304347826
155.154347826087
167.936956521739
171.936956521739
167.328260869565
166.458695652174
180.023913043478
171.197826086957
162.458695652174
161.045652173913
189.676086956522
196.719565217391
190.80652173913
189.371739130435
182.89347826087
182.458695652174
166.632608695652
163.284782608696
177.328260869565
197.458695652174
191.676086956522
193.980434782609
187.241304347826
185.197826086957
171.154347826087
163.110869565217
166.284782608696
196.654347826087
192.545652173913
193.328260869565
190.197826086957
183.89347826087
178.980434782609
163.971739130435
164.928260869565
194.058695652174
