205.37619047619
194.37619047619
180.947619047619
167.195238095238
152.780952380952
137.757142857143
124.519047619048
116.519047619048
115.97619047619
114.27619047619
117.042857142857
130.042857142857
153.3
179
214.652380952381
243.138095238095
256.185714285714
256.185714285714
251.785714285714
244.985714285714
224.947619047619
220.780952380952
226.92380952381
232.161904761905
230.709523809524
233.709523809524
235.209523809524
259.37619047619
257.552380952381
240.780952380952
225.852380952381
198.780952380952
180.280952380952
158.866666666667
144.233333333333
133.233333333333
124.947619047619
123.571428571429
123.371428571429
131.314285714286
150.257142857143
176.923809523809
206.590476190476
234.090476190476
252.590476190476
260.138095238095
257.233333333333
251.233333333333
241.233333333333
228.257142857143
230.257142857143
233.757142857143
234.42380952381
225.757142857143
222.042857142857
239.780952380953
279.352380952381
260.352380952381
245.638095238095
225.638095238095
201.685714285714
177.171428571429
154.766666666667
140.866666666667
132.304761904762
128.590476190476
127.114285714286
127.114285714286
131.685714285714
151.685714285714
181.971428571428
222.447619047619
257.090476190476
272.9
269.280952380952
267.280952380952
260.280952380952
243.161904761905
232.019047619048
231.37619047619
237.280952380952
240.9
236.9
240.614285714286
265.614285714286
274.423809523809
256.138095238095
241.138095238095
216.638095238095
188.428571428571
165.257142857143
147.92380952381
137.02380952381
132.380952380952
128.080952380952
128.828571428571
133.257142857143
143.042857142857
167.090476190476
208.519047619047
247.519047619048
272.519047619048
270.966666666667
267.995238095238
261.995238095238
247.995238095238
234.709523809524
235.709523809524
237.566666666667
238.233333333333
236.328571428571
235.757142857143
246.185714285714
279.685714285714
265.685714285714
249.542857142857
229.304761904762
203.304761904762
176.347619047619
155.647619047619
152.566666666667
137.947619047619
128.87619047619
126.495238095238
125.114285714286
130.614285714286
151.614285714286
177.471428571429
214.995238095238
248.495238095238
263.114285714286
261.876190476191
255.876190476191
249.019047619048
238.019047619048
230.257142857143
229.4
231.87619047619
238.87619047619
231.852380952381
228.280952380952
247.947619047619
268.280952380952
251.852380952381
238.852380952381
215.376190476191
190.614285714286
169.214285714286
152.571428571429
139.519047619048
127.519047619048
124.019047619048
121.733333333333
124.685714285714
134.542857142857
149.780952380952
166.257142857143
192.257142857143
210.542857142857
218.209523809524
216.923809523809
208.923809523809
195.92380952381
182.923809523809
170.828571428572
170.257142857143
170.328571428571
166.895238095238
164.566666666667
168.066666666667
224.42380952381
229.328571428572
215.042857142857
197.9
179.452380952381
163.352380952381
152.252380952381
137.185714285714
124.9
117
112.87619047619
112.071428571429
115.171428571429
123.328571428571
119.328571428571
120.257142857143
135.328571428572
153.852380952381
167.852380952381
169.185714285714
167.042857142857
159.328571428571
148.995238095238
142.352380952381
137.852380952381
130.019047619048
126.971428571429
132.042857142857
155.757142857142
193.757142857143
