207.436390532544
195.936390532544
184.028106508876
175.510355029586
161.230473372781
139.773668639053
125.602071005917
120.602071005917
119.199704142012
121.063609467456
125.501479289941
137.241124260355
160.406804733728
184.406804733728
228.051775147929
256.874260355029
267.720414201183
265.31449704142
255.697928994083
242.123372781065
233.223372781065
234.991420118343
236.515680473373
240.198520710059
242.522781065089
236.963017751479
233.363017751479
272.297337278107
269.370118343195
254.80798816568
234.477810650888
209.054733727811
195.157100591716
173.257100591716
153.430473372781
143.116863905325
136.570118343195
133.452958579882
139.326331360947
147.026331360947
163.531065088757
183.202662721894
218.489644970414
254.380177514793
268.596153846154
259.744082840237
255.744082840237
252.59023668639
240.908579881657
234.921597633136
239.359467455621
242.110946745562
242.110946745562
234.21449704142
234.288461538462
256.681952662722
273.164201183432
257.019230769231
248.297928994083
221.097928994083
199.199704142012
174.723372781065
154.131065088757
142.628106508876
137.140532544379
134.640532544379
134.87426035503
143.380177514793
155.968934911243
174.341715976331
204.71449704142
250.71449704142
269.377218934911
270.042899408284
266.542899408284
261.711538461538
251.957100591716
234.841715976331
240.341715976331
241.82100591716
244.241124260355
239.763017751479
232.509763313609
238.784911242604
276.484911242604
260.779585798817
250.519230769231
231.963017751479
211.223372781065
194.112721893491
170.690828402367
151.690828402367
139.258875739645
134.681952662722
133.690828402367
137.747041420118
150.849408284024
161.549408284024
190.07899408284
228.448224852071
258.323964497041
268.806213017751
263.76775147929
263.233431952663
250.333431952663
235.80325443787
233.010355029586
235.519230769231
236.596153846154
235.07426035503
229.87426035503
230.695562130178
258.480177514793
267.746449704142
256.673076923077
241.963017751479
215.218639053255
199.018639053255
175.592603550296
157.886094674556
147.199704142012
140.489644970414
135.341715976331
137.341715976331
150.418639053254
161.829881656805
179.560650887574
210.106213017751
247.69674556213
264.62100591716
268.82100591716
270.964792899408
261.353550295858
245.581360946746
233.320414201183
230.270710059172
232.870710059172
229.948224852071
231.140532544379
229.832840236686
240.631656804734
271.380177514793
259.880177514793
247.194378698225
218.963017751479
196.717455621302
179.58550295858
164.158875739645
156.269526627219
140.669526627219
130.483727810651
133.094970414201
136.941715976331
139.501479289941
147.270710059172
159.270710059172
188.252958579881
210.670118343195
218.797337278107
215.646449704142
207.554733727811
197.181952662722
180.181952662722
169.705621301775
163.637573964497
162.406804733728
163.76775147929
164.312130177515
168.312130177515
212.895562130178
221.341715976331
207.797337278106
188.406804733728
173.048816568047
163.215088757396
144.315088757396
132.146449704142
124.155325443787
121.051775147929
119.529881656805
114.335798816568
116.635798816568
121.460059171598
129.09023668639
128.217455621302
132.717455621301
154.300295857988
164.193786982248
168.193786982249
163.850591715976
159.80325443787
154.465976331361
147.460059171598
142.758875739645
136.258875739645
133.886094674556
131.886094674556
136.764792899408
159.554733727811
195.850591715976
