87.3633136094674
91.3633136094674
128.842603550296
140.919526627219
142.014201183432
149.818934911243
148.984615384615
149.984615384615
142.889940828402
137.753846153846
136.416568047337
133.227218934911
123.552662721893
120.552662721893
119.517159763314
118.517159763314
126.132544378698
136.972781065089
148.203550295858
167.836686390533
167.836686390533
150.203550295858
132.298224852071
122.04201183432
118.771597633136
116.179881656805
110.179881656805
113.824852071006
116.262721893491
137.386982248521
175.114792899408
213.960946745562
238.203550295858
247.203550295858
247.56449704142
241.120710059172
230.629585798817
226.156213017751
235.943195266272
230.943195266272
228.783431952663
222.966863905325
220.605917159763
222.002366863905
219.52899408284
201.150295857988
203.150295857988
204.304142011834
199.339644970414
181.753846153846
160.558579881657
153.984615384615
134.984615384615
129.919526627219
127.410650887574
128.783431952663
130.889940828402
135.904142011834
165.821301775148
205.521301775148
233.043786982249
247.079289940828
250.463905325444
247.073372781065
239.410650887574
225.410650887574
232.369230769231
238.385207100592
243.884023668639
246.274556213018
240.499408284024
226.499408284024
216.47573964497
211.988165680473
215.813017751479
212.629585798817
199.126627218935
194.926627218935
176.326627218935
150.221301775148
139.552662721894
136.079289940828
133.765680473373
135.321893491124
150.321893491124
144.818934911243
164.826035502959
202.474556213018
240.598816568047
263.594082840237
266.481656804734
267.581656804734
261.150295857988
247.073372781065
237.299408284024
236.647337278107
240.333727810651
243.333727810651
232.913609467456
213.386982248521
218.605917159763
229.132544378698
222.830769230769
224.960946745562
206.960946745562
198.141420118343
186.321893491124
169.129585798816
150.014201183432
135.256804733728
129.256804733728
132.57100591716
135.713609467456
133.505325443787
145.860355029586
188.724260355029
238.014201183432
258.014201183432
262.049704142012
261.079289940828
257.659171597633
248.020118343195
229.256804733728
229.256804733728
231.102958579882
234.58224852071
230.239053254438
209.919526627219
185.469822485207
210.280473372781
203.280473372781
202.037869822485
205.872189349112
206.040236686391
192.925443786982
164.176923076923
148.276923076923
143.059763313609
132.534911242604
121.150295857988
120.026035502959
130.736094674556
120.736094674556
164.097041420119
208.901775147929
245.203550295858
261.753846153846
258.990532544379
253.70650887574
244.70650887574
221.505325443787
219.742011834319
226.179881656805
229.830769230769
228.830769230769
216.830769230769
206.771597633136
197.558579881657
188.558579881657
183.339644970414
188.54674556213
208.256804733728
187.256804733728
174.520118343195
155.81301775148
141.357396449704
134.996449704142
130.132544378698
126.132544378698
123.942603550296
116.534911242603
122.121301775148
145.344378698225
176.357396449704
195.860355029586
201.860355029586
200.191715976331
189.836686390533
177.777514792899
167.47573964497
157.185798816568
152.185798816568
154.665088757396
154.959763313609
156.404733727811
158.250887573964
158.854437869823
162.007100591716
173.607100591716
171.357396449704
163.102958579882
150.859171597633
137.4224852071
127.925443786982
122.925443786982
115.173964497042
111.576331360947
109.026035502959
103.091124260355
93.9254437869822
