182.857142857143
175.857142857143
161.571428571429
146.809523809524
133.238095238095
121.428571428571
113.714285714286
111.714285714286
111.428571428571
114.761904761905
116.904761904762
125.590476190476
159.357142857143
201.357142857143
226.166666666667
232.738095238095
234.309523809524
234.97619047619
229.547619047619
215.547619047619
215.833333333333
219.880952380952
222.02380952381
218.214285714286
208.785714285714
201.785714285714
197.785714285714
188.119047619048
191.97619047619
201.547619047619
199.642857142857
175.609523809524
150.909523809524
137.952380952381
129.619047619048
124.047619047619
121.190476190476
121.666666666667
126.666666666667
125.333333333333
145.333333333333
180.523809523809
217.52380952381
242.380952380952
242.380952380952
242.380952380952
240.095238095238
229.666666666667
218.428571428571
217.5
227.5
226
218.428571428571
211.285714285714
205.285714285714
198.333333333333
189.190476190476
197.190476190476
198.333333333333
190.466666666667
173.809523809524
153.809523809524
139.285714285714
129.285714285714
124.714285714286
122.142857142857
123.285714285714
125.619047619048
128.590476190476
155.390476190476
199.523809523809
230.809523809524
244.095238095238
246.333333333333
246.190476190476
241.190476190476
226.190476190476
224.142857142857
228.238095238095
230.809523809524
224.761904761905
206.761904761905
208.761904761905
207.333333333333
204.666666666667
205.952380952381
206.238095238095
193
187
163.990476190476
146.047619047619
133.67619047619
125.809523809524
122.52380952381
123.52380952381
126.428571428571
121.809523809524
140.980952380953
180.619047619047
218
240
240
239.190476190476
238.809523809524
230.666666666667
217.380952380952
222.428571428571
228.428571428571
227.571428571429
220.238095238095
212.619047619048
207.047619047619
199.666666666667
188.666666666667
195.309523809524
205.595238095238
199.938095238095
179.738095238095
160.738095238095
141.738095238095
133.214285714286
129.023809523809
127.166666666667
128.452380952381
130.214285714286
118.214285714286
166.014285714286
204.261904761905
231.595238095238
243.952380952381
242.142857142857
236.52380952381
238.52380952381
225.952380952381
224.285714285714
227.857142857143
229
227.142857142857
217.142857142857
208.047619047619
202.619047619048
196
191
195.142857142857
206.142857142857
190.476190476191
171.190476190476
153.476190476191
140.142857142857
131.942857142857
127.142857142857
122.142857142857
123.619047619048
118.571428571428
121.428571428572
143.809523809523
173.47619047619
196.47619047619
203.190476190476
202.390476190476
196.904761904762
187.190476190476
173.571428571429
163.571428571428
158.095238095238
160.238095238095
162.095238095238
160.895238095238
159.952380952381
162.952380952381
162.142857142857
164.952380952381
174.095238095238
175.666666666667
160.380952380952
152.380952380952
134.380952380952
124.47619047619
119.385714285714
114.928571428571
110.119047619048
108.738095238095
99.7380952380953
97.5095238095238
109.809523809524
125.476190476191
136.904761904762
146.428571428571
151.428571428572
150.095238095238
140.952380952381
135.238095238095
134.238095238095
131.238095238095
128.238095238095
129.047619047619
131.571428571429
138
146.619047619048
156.904761904762
