172.747619047619
165.747619047619
153.161904761905
137.342857142857
122.914285714286
112.866666666667
106.104761904762
104.104761904762
108.104761904762
116.304761904762
136.676190476191
173.533333333333
220.723809523809
250.72380952381
256.295238095238
251.438095238095
246.580952380952
241.280952380952
229.952380952381
222.052380952381
224.533333333333
231.8
232.4
229.819047619048
230.809523809524
227.509523809524
216.509523809524
220.890476190476
213.414285714286
197.271428571429
181.295238095238
162.542857142857
150.742857142857
136.2
129.2
125.72380952381
125.152380952381
133.057142857143
140.057142857143
188.67619047619
217.390476190476
246.866666666667
270.533333333333
263.676190476191
257.67619047619
261.2
237.771428571429
226.342857142857
229.961904761905
231.819047619048
228.819047619048
233.819047619048
240.438095238095
241.247619047619
233.961904761905
226.438095238095
234.67619047619
207.67619047619
202.104761904762
183.504761904762
162.22380952381
149.72380952381
142.676190476191
125.67619047619
119.442857142857
119.414285714286
135.819047619048
159.652380952381
177.509523809524
227.509523809524
252.747619047619
259.985714285714
259.7
257.7
252.461904761905
233.461904761905
224.461904761905
229.22380952381
234.128571428571
225.985714285714
207.033333333333
201.22380952381
199.22380952381
202.366666666667
213.7
213.461904761905
198.461904761905
186.176190476191
152.17619047619
137.719047619048
133.604761904762
131.757142857143
129.22380952381
127.509523809524
127.509523809524
124.366666666667
152.152380952381
196.62380952381
237.409523809524
258.890476190476
259.890476190476
256.090476190476
252.77619047619
241.652380952381
231.22380952381
230.604761904762
238.057142857143
254.557142857143
247.914285714286
233.747619047619
222.509523809524
215.652380952381
209.414285714286
229.414285714286
213.857142857143
199.057142857143
179.352380952381
157.152380952381
142.295238095238
128.295238095238
120.009523809524
116.2
113.985714285714
116.633333333333
132.280952380952
171.080952380952
222.080952380953
247.985714285714
255.109523809524
253.152380952381
247.985714285714
237.461904761905
226.461904761905
221.461904761905
222.395238095238
221.366666666667
215.380952380952
209.009523809524
201.009523809524
200.247619047619
190.961904761905
190.009523809524
196.009523809524
194.009523809524
192.009523809524
172.866666666667
154.390476190476
139.247619047619
130.438095238095
127.295238095238
119.295238095238
122.295238095238
118.657142857143
126.580952380953
151.238095238096
186.2
215.342857142857
207.342857142857
202.771428571429
191.304761904762
177.152380952381
165.866666666667
158.771428571429
150.771428571428
155.438095238095
152.152380952381
150.914285714286
153.580952380952
153.866666666667
155.866666666667
159.771428571429
160.72380952381
159.123809523809
151.638095238095
137.890476190476
129.890476190476
106.890476190476
100.080952380952
101.414285714286
102.328571428571
97.5095238095239
87.6523809523808
80.652380952381
98.5095238095238
119.842857142857
137.985714285714
148.642857142857
148.176190476191
145.17619047619
134.033333333333
126.319047619048
116.652380952381
108.985714285714
111.414285714286
110.414285714286
111.319047619048
117.652380952381
122.795238095238
131.890476190476
150.7
