196.532634730539
185.532634730539
168.113473053893
152.984131736527
139.406886227545
126.083532934132
119.131437125749
116.131437125749
118.017664670659
123.484730538922
134.257185628742
150.301497005988
167.114670658682
208.914670658682
236.832035928144
245.484730538922
243.191317365269
239.658383233533
237.119461077845
220.119461077844
219.885928143713
226.089520958084
229.658383233533
225.44880239521
216.125449101796
240.125449101796
264.125449101796
260.059580838323
256.987724550898
254.96377245509
203.718263473054
195.718263473054
159.176946107785
146.059580838323
143.323053892216
136.053592814371
128.700299401198
129.700299401198
132.44880239521
142.891916167665
158.808083832335
182.436826347305
220.017664670658
253.017664670658
252.961377245509
247.490718562874
243.012874251497
234.802095808383
215.239221556886
209.239221556886
220.305089820359
228.400898203593
232.388922155689
238.053592814371
253.239221556886
278.239221556886
253.179341317365
238.855988023952
226.22125748503
210.173353293413
193.897904191617
160.897904191617
147.355389221557
136.10748502994
130.376946107784
130.035628742515
131.167365269461
133.167365269461
140.772155688623
158.347005988024
190.664371257485
226.827844311377
247.905089820359
246.205089820359
244.22125748503
240.724251497006
228.460778443114
215.82005988024
215.754191616766
220.754191616766
220.005688622755
221.058982035928
233.62245508982
253.526646706587
265.155389221557
245.155389221557
232.915868263473
209.329041916168
195.263173652695
183.972754491018
161.921856287425
141.921856287425
132.724251497006
134.70628742515
136.772155688623
134.047604790419
131.071556886227
145.071556886228
168.017664670659
208.618263473054
235.694311377245
245.07754491018
244.855988023952
239.85
233.85
220.574550898204
217.179341317365
220.766167664671
223.766167664671
226.640419161677
222.640419161677
253.095508982036
269.299101796407
263.370958083832
245.143413173653
226.113473053892
206.113473053892
196.101497005988
177.755389221557
155.33502994012
138.927844311377
134.011676646707
131.011676646707
128.855988023952
129.442814371257
135.035628742515
147.802095808383
169.987724550898
212.987724550898
232.867964071856
241.62245508982
242.933832335329
239.933832335329
235.912874251497
217.412874251497
208.897904191617
216.317065868264
220.646407185629
215.574550898204
218.688323353293
258.688323353294
265.239221556886
252.903892215569
233.903892215569
214.616467065868
194.975748502994
178.975748502994
168.329041916168
157.495508982036
140.430838323353
126.323053892216
132.341017964072
132.341017964072
125.10748502994
127.70628742515
134.451796407186
148.580538922155
178.272155688623
197.772155688623
203.987724550898
196.772155688623
188.939820359281
181.706287425149
167.832035928143
154.832035928144
156.218263473054
157.62245508982
159.155389221557
174.233233532934
210.688323353293
218.688323353293
208.826047904192
196.341017964072
182.25119760479
170.724251497006
163.314071856287
142.214071856287
127.77874251497
116.772155688623
110.113473053892
108.269161676647
109.460778443114
106.460778443114
104.424850299401
100.891916167665
107.700299401198
124.556586826347
142.472754491018
150.472754491018
152.323652694611
154.257185628743
149.867964071856
140.867964071856
132.981736526946
129.981736526946
130.439820359281
128.96377245509
154.233233532934
184.005688622755
190.523652694611
