113.099112426036
116.199112426035
124.116863905325
120.770710059172
121.063609467456
136.028106508876
154.613905325444
168.613905325444
170.022189349112
167.87426035503
160.081360946746
149.826923076923
143.241124260355
138.741124260355
130.80325443787
127.995562130178
133.572485207101
159.122781065089
194.684911242604
198.39201183432
197.89201183432
183.726331360947
174.010355029586
159.031065088757
138.983136094675
124.78550295858
115.78550295858
115.948224852071
114.495562130177
119.667159763314
138.158284023669
164.619822485207
178.897928994083
218.897928994083
251.986686390533
258.468934911243
251.974852071006
246.042899408284
241.199704142012
220.699704142012
226.708579881657
229.247041420118
227.927514792899
224.134615384615
220.62573964497
223.602071005917
258.602071005917
261.448224852071
247.181952662722
224.306213017751
198.602071005917
174.332840236686
155.832840236686
141.048816568047
131.76775147929
126.516272189349
124.531065088757
126.495562130178
134.613905325444
152.613905325444
176.412721893491
210.442307692308
241.596153846154
258.034023668639
259.087278106509
251.087278106509
245.82100591716
233.17899408284
225.844674556213
225.705621301775
227.71449704142
236.71449704142
235.773668639053
229.909763313609
252.389053254438
266.205621301775
247.726331360947
230.226331360947
206.726331360947
185.460059171598
165.454142011834
145.380177514793
130.542899408284
127.022189349112
126.022189349112
125.022189349112
127.590236686391
141.146449704142
164.128698224852
196.344674556213
242.80325443787
256.80325443787
259.418639053254
254.880177514793
247.880177514793
237.137573964497
221.264792899408
221.264792899408
227.016272189349
226.427514792899
224.815088757396
223.815088757396
232.483727810651
272.031656804734
254.831656804734
236.087278106509
218.099112426036
195.933431952662
171.241124260355
152.586094674556
139.886094674556
130.667159763314
123.560650887574
122.226331360947
126.483727810651
134.726331360947
148.010355029586
173.010355029586
218.176035502958
247.471893491124
257.004437869822
255.424556213018
252.424556213018
249.424556213018
232.578402366864
227.89201183432
227.057692307692
227.235207100592
228.909763313609
224.948224852071
227.448224852071
260.380177514793
255.465976331361
235.352958579882
224.684911242603
207.480769230769
188.180769230769
160.099112426036
141.999704142012
132.353550295858
128.128698224852
127.300295857988
127.300295857988
131.747041420118
147.915680473373
171.264792899408
201.643491124261
235.862426035503
262.448224852071
257.448224852071
255.110946745562
248.886094674556
236.720414201184
225.948224852071
225.525147928994
225.525147928994
222.128698224852
220.910946745562
220.673076923077
238.696153846153
267.773668639053
252.113905325444
233.613905325444
211.199704142011
185.454142011835
165.495562130177
151.85650887574
137.945266272189
130.945266272189
124.897928994083
119.667159763314
121.403846153846
128.507396449704
138.083727810651
153.844674556213
184.844674556213
206.727514792899
212.116863905325
209.389053254438
204.229289940828
193.9275147929
173.9275147929
163.276627218935
160.866568047337
158.29674556213
156.619822485207
159.82100591716
164.602071005916
212.602071005918
209.708579881657
197.684911242603
185.530473372781
172.431656804734
158.831656804734
145.231656804734
129.797337278107
122.708579881657
117.387869822485
113.299112426036
112.575443786982
