190.790828402367
187.790828402367
174.175443786982
158.175443786982
139.252366863905
121.651775147929
117.97426035503
118.97426035503
115.477218934911
110.76124260355
110.021597633136
116.861834319527
133.512721893491
163.512721893491
209.228698224852
234.459467455621
244.92100591716
245.749408284024
241.873668639053
237.820414201183
225.820414201183
227.045266272189
234.932840236686
240.81449704142
242.483136094675
243.483136094675
244.483136094675
266.702071005917
263.145857988166
247.364792899408
226.70798816568
206.477218934911
194.705621301775
167.405621301775
153.323372781065
140.642899408284
132.613313609467
130.554142011834
130.81449704142
132.81449704142
143.335207100592
163.494970414201
198.672485207101
232.364792899408
246.95650887574
248.838165680473
246.838165680473
243.992011834319
231.051183431953
220.719822485207
223.157692307692
236.494970414201
252.494970414201
251.587278106509
264.074852071006
276.79674556213
274.435798816568
253.631065088757
233.607396449704
211.607396449704
202.033431952663
185.294378698225
164.163609467456
144.719822485207
128.518639053254
129.518639053254
126.873668639053
130.787869822485
139.628698224852
154.83224852071
181.560059171598
225.560059171598
258.625147928994
268.926923076923
270.790828402367
269.104437869823
260.565976331361
240.29674556213
240.79674556213
243.530473372781
251.500887573964
253.601479289941
257.181360946746
274.625147928994
278.625147928994
263.098520710059
245.512721893491
226.90325443787
207.051183431953
185.080769230769
160.85
148.85
141.228698224852
137.344082840237
132.808579881657
131.873668639053
141.678402366864
146.678402366864
172.767159763314
218.370710059172
249.844082840237
259.270118343195
258.068934911243
262.530473372781
254.530473372781
236.663609467456
230.99201183432
223.397337278106
221.358875739645
248.317455621302
250.317455621302
261.72573964497
274.861834319527
267.986094674556
248.719822485207
233.512721893491
217.512721893491
201.512721893491
177.866568047337
159.334615384615
146.175443786982
136.335207100592
130.560059171598
135.060059171598
133.560059171598
144.873668639053
166.435798816568
202.873668639053
249.299704142012
263.187278106509
258.187278106509
256.477218934911
251.962426035503
240.222781065089
227.394378698225
228.483136094675
230.483136094675
232.483136094675
231.595562130177
237.672485207101
254.222781065089
270.015680473373
251.015680473373
235.968343195266
216.139940828402
200.110355029586
185.49023668639
166.169526627219
140.873668639053
137.873668639053
131.767159763314
129.844082840237
129.844082840237
133.554142011834
143.446449704142
147.246449704142
178.412130177515
201.676627218935
213.583727810651
215.382544378698
208.77899408284
193.725739644971
177.725739644971
168.684319526627
165.283136094675
163.631065088757
162.270118343195
169.891420118344
225.891420118344
217.110355029586
214.341124260355
205.554142011834
188.944674556213
174.104437869822
173.170710059172
146.870710059172
137.015680473373
128.678402366864
124.045266272189
120.423964497041
110.199112426035
113.199112426035
114.329289940828
109.317455621302
112.542307692308
125.85
141.582544378698
152.136982248521
154.636982248521
151.713905325444
146.412130177515
139.290236686391
132.70798816568
130.255325443787
123.755325443787
125.051183431953
135.122189349112
165.731656804734
193.122189349112
191.406213017751
