107.804761904762
111.304761904762
122.090476190476
130.566666666667
133.566666666667
139.471428571429
166.471428571429
173.471428571429
181.328571428571
181.995238095238
176.614285714286
167.185714285714
155.328571428571
154.328571428571
156.042857142857
171.614285714286
193.661904761905
212.495238095238
220.352380952381
212.352380952381
204.352380952381
186.828571428571
174.614285714286
164.042857142857
146.614285714286
131.614285714286
118.014285714286
116.233333333333
116.985714285714
121.742857142857
134.828571428571
158.042857142857
205.542857142857
248.328571428571
281.328571428572
294.114285714286
288.9
282.090476190476
277.090476190476
252.638095238095
243.995238095238
244.590476190476
250.590476190476
265.447619047619
291.447619047619
303.161904761905
293.209523809524
274.709523809524
259.090476190476
246.628571428572
217.328571428571
201.828571428571
177.747619047619
158.642857142857
145.257142857143
138.638095238095
147.161904761905
146.161904761905
141.304761904762
148.938095238095
180.328571428571
229.4
272.352380952381
286.352380952381
292.209523809524
288.280952380952
280.257142857143
264.823809523809
241.609523809524
254.909523809524
270.304761904762
281.614285714286
294.185714285714
306.4
311.947619047619
304.947619047619
279.447619047619
266.495238095238
240.4
215.757142857143
202.257142857143
176.361904761905
158.561904761905
138.447619047619
139.614285714286
143.37619047619
141.219047619048
147.766666666667
162.366666666667
210.261904761905
253.019047619047
283.257142857143
296.590476190476
292.304761904762
286.304761904762
280.780952380952
263.852380952381
258.209523809524
262.680952380952
268.280952380952
285.780952380952
293.480952380952
304.904761904762
303.709523809524
287.695238095238
266.114285714286
254.042857142857
232.542857142857
212.328571428571
186.461904761905
162.566666666667
147.495238095238
141.280952380952
137.780952380952
135.638095238095
144.352380952381
155.519047619048
180.619047619048
237.519047619048
298.019047619048
299.947619047619
302.376190476191
305.304761904762
304.376190476191
294.352380952381
269.352380952381
275.352380952381
282.971428571429
287.87619047619
293.876190476191
304.233333333333
314.519047619048
300.519047619048
277.090476190476
257.423809523809
234.709523809524
210.995238095238
198.466666666667
166.666666666667
155.404761904762
142.804761904762
132.995238095238
130.328571428571
134.8
142.1
149.590476190476
198.995238095238
255.495238095237
292.447619047619
303.328571428571
307.328571428571
299.328571428571
285.661904761905
272.828571428571
263.557142857143
259.995238095238
265.566666666667
278.566666666667
294.138095238095
296.138095238095
293.519047619048
285.461904761904
258.233333333334
240.233333333333
216.804761904762
201.733333333333
190.338095238095
173.471428571429
148.328571428571
140.328571428571
139.471428571429
135.161904761905
135.947619047619
141.447619047619
152.433333333333
186.733333333333
215.233333333333
236.447619047619
248.828571428571
251.257142857143
244.114285714286
229.87619047619
210.876190476191
200.019047619048
194.852380952381
196.614285714286
209.9
236.252380952381
237.452380952381
246.795238095238
238.709523809524
220.9
202.833333333333
188.161904761905
170.661904761905
157.923809523809
148.014285714286
137.257142857143
126.780952380952
118.780952380952
