212.969230769231
212.969230769231
205.620118343195
193.454437869823
181.25325443787
167.924852071006
146.460355029586
136.460355029586
128.708875739645
122.139644970414
119.773964497041
123.566863905325
129.501775147929
120.001775147929
195.760946745562
239.27100591716
265.04023668639
276.617159763314
273.886390532544
262.395266272189
265.395266272189
247.23550295858
241.596449704142
244.655621301775
248.992899408284
250.809467455621
245.809467455621
269.744378698225
284.590532544379
275.673372781065
256.401183431953
239.216568047337
211.809467455621
192.309467455621
167.539644970414
149.697041420118
139.572781065089
133.886390532544
129.34201183432
127.84201183432
132.495857988166
142.839053254438
178.208284023669
222.460355029586
253.395266272189
279.714792899408
283.714792899408
283.060946745562
273.276923076923
256.880473372781
243.353846153846
242.460355029586
238.460355029586
242.821301775148
240.365680473373
257.569822485207
280.140828402367
278.063905325444
255.265088757396
249.265088757396
227.691124260355
209.856804733728
188.933727810651
161.602366863905
140.16449704142
133.66449704142
131.265088757396
134.359763313609
136.365680473373
142.904142011834
167.939644970415
220.939644970414
245.90650887574
272.489940828402
285.063905325444
286.401183431953
280.495857988166
263.726627218935
249.726627218935
247.34201183432
247.407100591716
246.590532544379
245.448520710059
247.945562130178
260.945562130178
274.921893491124
263.549112426035
246.463313609467
227.492307692308
207.205917159763
192.584615384615
168.084615384616
144.985798816568
136.555029585799
132.519526627219
127.170414201183
125.229585798817
135.729585798817
154.377514792899
188.880473372781
225.986982248521
259.418934911243
284.697041420118
293.407100591716
295.407100591716
279.389349112426
258.365680473373
243.732544378698
237.655621301775
234.276923076923
235.276923076923
234.865680473373
251.785798816568
269.120118343195
269.537278106509
250.055029585799
232.500591715976
212.700591715976
201.134911242604
176.356804733728
152.614201183432
140.643786982248
133.750295857988
127.750295857988
136.05798816568
139.27100591716
146.389349112426
171.623076923077
215.771597633136
245.489940828402
261.489940828402
270.910059171598
270.602366863905
261.501775147929
246.685207100592
231.194082840237
231.194082840237
238.889349112426
238.004733727811
231.620118343195
241.726627218935
273.143786982249
248.643786982248
260.211834319527
242.839053254438
222.191124260355
204.0224852071
184.750295857988
162.176331360947
145.176331360947
137.495857988166
134.868639053254
133.608284023669
132.951479289941
135.489940828402
146.489940828402
173.98698224852
189.395266272189
209.844970414201
226.392307692308
227.880473372781
221.975147928994
199.975147928994
186.673372781065
177.418934911243
172.185207100592
170.803550295858
172.347928994083
177.347928994083
191.398224852071
222.436686390533
230.318343195266
215.904142011834
199.874556213018
190.413017751479
168.413017751479
151.525443786982
138.601183431953
128.365680473373
120.874556213018
116.756213017752
111.756213017752
117.04023668639
125.294674556213
131.454437869823
131.223668639053
130.862721893492
156.543195266272
164.543195266272
171.291715976331
173.560946745562
167.016568047338
154.578698224852
146.631952662722
143.631952662722
141.549112426036
141.750295857988
149.904142011834
174.543195266272
209.839053254438
