147.337276848966
150.355695664494
152.4140691414
153.512680646075
147.885874185322
153.761192972514
152.777911589685
153.386695947861
149.012538962879
152.484485689997
149.768560498725
149.395650325871
150.234414848399
153.654080476056
155.61015868518
148.647846415415
151.889274582035
153.135860017002
153.295905355625
147.579980164352
151.499929158402
153.991286483423
154.904803060357
148.866605270615
155.371280816095
153.521748370643
152.346344573534
149.695735335789
152.130136015868
150.089189572117
148.751275148767
150.743340889771
156.130702748654
155.510413714933
148.280886936809
152.915344290167
154.24178237461
152.674766222726
147.695168603004
151.905426466421
153.367313686597
152.819679795976
148.775077925758
155.444956078209
153.834301501842
149.694176820629
150.063828279966
151.932346273732
150.14373760272
148.070912439785
151.524015301785
153.944247662227
157.133819778974
148.284995749504
153.806531595353
154.121068291301
151.977684896571
148.605624822896
152.04257580051
153.748724851233
152.058160952111
149.621635024086
156.547534712383
155.439288750354
149.116817795409
151.262609804477
151.747591385662
150.834868234627
147.904009634457
152.965358458487
154.796897137999
155.717837914423
148.567086993483
154.669948994049
153.595933692264
151.627444035137
148.510187021819
152.037078492491
150.920161518844
149.751416831964
150.516647775574
156.870289033721
155.688367809578
148.485420799093
152.48321054123
151.208061773874
150.809931992066
147.847478039105
154.039685463304
155.017781241145
155.830901105129
148.768560498725
155.785109096061
155.185080759422
150.641725701332
149.243482572967
152.573887786909
155.144304335506
148.895508642675
151.136370076509
152.420869934826
149.991428166619
147.49256163219
150.972584301502
150.051926891471
149.277628223293
147.836455086427
153.089897988099
152.007155001417
151.140478889204
150.44608954378
150.562411448002
152.952465287617
147.981113629923
150.656914139983
149.925828846699
152.912793992632
148.010130348541
152.296302068575
155.105624822896
156.098965712667
148.789246245395
155.033791442335
151.622768489657
149.327869084727
149.251416831964
156.85782091244
156.404378010768
149.918177954095
151.3132757155
154.942830830264
156.420728251629
148.456007367526
151.789671294985
149.944247662227
156.0585860017
149.41831963729
154.257650892604
154.106049872485
154.189302918673
148.997803910456
156.006871635024
151.826083876452
148.659322754321
149.667228676679
155.283578917541
155.981992065741
148.685959195239
152.151105128932
154.37694814395
156.293071691697
148.499362425616
152.562553131199
149.998795692831
155.171790875602
148.690918107113
155.160456219892
154.211830546897
152.467342023236
149.508288466988
155.982218758855
152.567086993482
148.321805043922
150.369297251346
154.479130065174
155.798597336356
148.561986398413
152.622343440068
153.930646075375
155.532232927175
148.405568149617
152.714720884103
149.216562765656
152.868447152168
148.898342306602
155.25311703032
153.739090393879
150.390266364409
150.342094077642
153.523731935392
152.811915556815
147.884854066308
150.606871635024
154.530221025786
155.136653442902
148.293071691697
153.558869368093
153.043850949277
153.340110512894
148.40585151601
152.913077359025
149.624043638425
151.389416265231
149.053485406631
154.488311136299
154.524865400963
148.918234627373
150.718404647209
152.815882686313
152.451331822046
