206.352080237741
196.300074294205
193.255497771174
191.463521545319
181.157429420505
170.493982169391
179.530386329866
204.289673105498
194.161887072808
193.23543833581
190.037072808321
186.032615156018
171.612109955423
175.346136701337
203.05044576523
197.481352154532
196.170802377415
189.74955423477
186.794873699851
172.044502228826
172.860252600297
200.830534918277
198.441233283804
194.722511144131
189.252526002972
189.546731054978
173.077191679049
171.615081723626
187.255497771174
188.886998514116
179.866196136701
179.496953937593
186.916716196137
172.204977711739
166.659658246657
169.691604754829
180.09353640416
172.026671619614
171.240638930163
186.109138187221
172.467979197623
166.5073551263
185.90720653789
200.728751857355
194.043016344725
192.065304606241
194.782986627043
177.937518573551
170.667087667162
181.813447251114
201.077191679049
192.075705794948
194.346136701337
191.700520059435
179.47838038633
171.998439821694
179.802303120357
201.116567607727
193.089078751857
192.606166419019
191.49323922734
184.0073551263
170.001411589896
176.518499257058
202.762184249629
196.953863298663
194.702748885587
189.972436849926
187.386255572065
171.115824665676
174.829049034175
201.415230312036
196.991010401189
192.771099554235
188.46500742942
186.344650817236
171.77852897474
171.201263001486
189.557132243685
189.133655274889
179.338707280832
179.472436849926
184.24955423477
171.976894502229
166.937518573551
169.145542347697
178.833506686478
173.008098068351
174.690861812779
186.0779346211
170.728008915305
167.601708766716
188.506612184249
203.448662704309
194.610624071322
190.063075780089
196.432317979197
176.234695393759
170.619539375929
184.9352897474
201.47838038633
192.832020802377
191.629940564636
193.02072808321
177.543759286776
169.684175334324
182.23618127786
202.420430906389
192.961292719168
194.071248142645
189.301560178306
180.456092124814
170.369910846954
175.557132243685
203.386255572065
194.190118870728
193.089078751857
184.826077265973
181.615081723626
168.35059435364
168.967236255572
177.413001485884
177.404086181278
170.576448736999
173.115824665676
177.559361069837
167.384769687964
166.150742942051
180.723551263002
180.100222882615
173.291158989599
177.846879643388
179.404086181278
167.809732540862
164.09353640416
168.112852897474
175.041530460624
170.297102526003
172.141084695394
182.524442793462
168.788930163447
167.448662704309
190.295616641903
198.337964338782
192.860252600297
188.595765230312
192.169316493314
173.460549777118
168.59279346211
184.626225854383
199.346136701337
192.988038632987
190.280757800892
193.684918276375
175.751188707281
168.573476968796
178.467979197623
198.597251114413
192.069762258544
189.794873699852
190.542273402675
178.087592867756
166.967236255572
165.387741456166
175.546731054978
171.604680534918
167.424888558692
172.248068350669
175.24955423477
165.690861812779
170.586849925706
190.370653789004
185.757726597325
185.383283803863
183.490267459138
181.326077265973
168.20646359584
169.183432392273
184.352080237742
179.976151560178
175.297102526003
176.515527488856
180.182689450223
168.681946508172
166.256983655275
167.889970282318
173.411515601783
168.934546805349
168.818647845468
181.297102526003
168.395170876672
167.583878157504
193.032615156017
199.766641901932
195.695319465082
191.396656760773
190.696805349183
173.904829123329
168.693833580981
190.092050520059
