168.404761904762
163.604761904762
146.095238095238
130.238095238095
117.238095238095
107.333333333333
107.190476190476
104.190476190476
108.047619047619
110.380952380952
131.380952380953
170.952380952381
201.571428571429
228.571428571429
234.942857142857
237.428571428571
232.209523809524
220.309523809524
210.152380952381
214.052380952381
216.238095238095
215.97619047619
208.690476190476
198.976190476191
193.37619047619
189.47619047619
185.47619047619
187.952380952381
188.238095238095
183.666666666667
172.380952380952
151
138
130.142857142857
121.142857142857
119.238095238095
123.952380952381
122.47619047619
116.47619047619
162.952380952381
200.666666666667
225.333333333333
239
242.142857142857
234.142857142857
229
220.952380952381
219.952380952381
223.047619047619
222.647619047619
220.547619047619
215.547619047619
207.309523809524
205.057142857143
201.428571428571
195.190476190476
203.47619047619
197.47619047619
181.361904761905
167.495238095238
155.642857142857
142.928571428571
129.166666666667
127.166666666667
127.880952380952
123.880952380952
124.166666666667
136.166666666667
163.166666666667
208.166666666667
234.119047619048
243.880952380952
244.880952380952
239.833333333333
230.02380952381
221.02380952381
222.02380952381
219.785714285714
220.5
219.857142857143
212.928571428571
201.928571428571
200.928571428571
195.642857142857
199.642857142857
203.880952380952
198.595238095238
182.480952380952
165.280952380952
155.228571428571
138.285714285714
131.904761904762
132.238095238095
122.52380952381
120.52380952381
119.47619047619
149.714285714286
186.285714285714
217.238095238095
238.47619047619
239.47619047619
238.47619047619
235.857142857143
224.190476190476
215.333333333333
218.047619047619
223.095238095238
229.095238095238
226.52380952381
206.523809523809
188.523809523809
186.952380952381
198.304761904762
203.504761904762
196.761904761905
191.619047619048
178.190476190476
156.357142857143
137.071428571429
131.071428571429
123.166666666667
120.5
118.357142857143
121.528571428571
139.071428571428
175.071428571429
224.171428571429
264.285714285715
280
277.285714285714
269.47619047619
264.714285714286
244.714285714286
241.771428571429
240.404761904762
236.023809523809
229.338095238095
223.32380952381
216.22380952381
214.733333333333
209.476190476191
212.37619047619
213.642857142857
194.214285714286
178.214285714286
153.642857142857
150.661904761905
144.333333333334
135.666666666667
135.495238095238
134.595238095238
124.595238095238
118.642857142857
125.9
147.557142857143
175.785714285714
195.214285714286
203.214285714286
200.071428571429
193.738095238095
182.452380952381
168.652380952381
160.866666666667
157.966666666667
158.595238095238
158.166666666667
155.595238095238
154.228571428571
157.414285714286
156.314285714286
161.02380952381
167.547619047619
165.97619047619
157.214285714286
146.433333333333
132.333333333333
123.333333333333
114.333333333333
109.666666666667
107.666666666667
102.333333333334
87.2857142857144
91.2857142857142
130.428571428571
140.761904761905
142.333333333333
149.904761904762
149.095238095238
150.095238095238
142.952380952381
137.809523809524
136.428571428571
133.428571428571
123.571428571429
120.571428571429
119.47619047619
118.47619047619
125.476190476191
136.571428571428
147.047619047619
