115.619047619048
117.619047619048
118
124.809523809524
131.52380952381
135.261904761905
147.238095238095
148.738095238095
148.952380952381
165.619047619048
181.095238095238
180.666666666667
166.809523809524
154.309523809524
151.761904761905
148.833333333333
152.404761904762
171.238095238095
203.166666666667
207.666666666667
203.595238095238
201
191.285714285714
177.5
166.042857142857
152.642857142857
137.042857142857
127.595238095238
121.142857142857
118.428571428571
121.095238095238
129.309523809524
141.809523809524
185.166666666667
236.666666666667
272.047619047619
283.904761904762
284.97619047619
281.97619047619
273.547619047619
258.833333333333
252.833333333333
258.066666666667
264.309523809524
261.809523809524
266.452380952381
281.738095238095
287.380952380952
275.761904761905
253.285714285714
237.285714285714
216.285714285714
197.714285714286
178.785714285714
159.757142857143
144.071428571429
137.166666666667
132.166666666667
130.595238095238
133.928571428571
144.428571428571
168.342857142857
213.147619047619
268.447619047619
275.97619047619
278.833333333333
276.595238095238
268.761904761905
258.047619047619
240.047619047619
239.666666666667
245.5
247
247.047619047619
257.190476190476
289.190476190476
286.190476190476
268.214285714286
250.119047619048
230.47619047619
209.428571428571
199.161904761905
183.561904761905
159.047619047619
142.047619047619
133.547619047619
131.333333333333
133.595238095238
133.595238095238
148.071428571429
189.071428571428
237.714285714286
276.714285714286
296.714285714286
292.714285714286
284.904761904762
278.428571428572
263.571428571428
247.404761904762
241.809523809524
244.309523809524
253.309523809524
262.147619047619
281.904761904762
291.47619047619
278.238095238095
264.190476190476
249.190476190476
229.047619047619
210.047619047619
190.571428571428
168.7
146.404761904762
138.404761904762
134.928571428571
135.714285714286
137.595238095238
138.095238095238
146.809523809524
216.809523809524
276.333333333333
294.571428571429
298.071428571429
295.690476190476
286.190476190476
276.690476190476
260.690476190476
249.142857142857
250.095238095238
256.380952380952
260.261904761905
265.061904761904
295.861904761905
299.833333333333
281
258.952380952381
238.452380952381
207.928571428571
200.928571428571
178.909523809524
162.166666666667
151.309523809524
141.809523809524
130.738095238095
128.238095238095
143.357142857143
158.595238095238
190.45238095238
242.380952380952
295.619047619048
303.119047619048
301.619047619048
294.452380952381
286.261904761905
273.333333333333
256.452380952381
248.333333333333
247.833333333333
254.619047619048
262.619047619048
278.714285714286
297.285714285714
296.928571428572
269.428571428571
255.047619047619
227.404761904762
208.571428571429
196.438095238095
172.666666666667
158.666666666667
143.714285714285
138.238095238095
133.452380952381
133.047619047619
143.119047619048
155.619047619048
181.419047619048
217.661904761905
237.542857142857
244.942857142857
248.238095238095
241.666666666666
223.666666666667
202.238095238095
188.571428571429
183.833333333333
185.819047619048
191.642857142857
198.642857142857
228.261904761904
242.047619047619
240.428571428571
227.261904761905
206.97619047619
193.976190476191
175.261904761905
158.242857142857
148.471428571428
141.119047619048
129.238095238095
