203.771428571429
194.271428571429
181.128571428572
166.509523809524
152.109523809524
138.17619047619
123.890476190476
123.890476190476
117.890476190476
117.22380952381
119.961904761905
127.533333333333
150.2
207.7
239.414285714286
265.842857142857
276.890476190476
273.22380952381
265.938095238095
256.938095238095
246.985714285714
241.252380952381
240.22380952381
244.123809523809
252.304761904762
262.104761904762
283.104761904762
290.1
274.485714285714
252.771428571429
234.723809523809
204.2
183.2
176.857142857143
163.623809523809
147.580952380952
136.52380952381
132.995238095238
131.095238095238
135.890476190476
151.033333333333
185.695238095238
228.861904761905
260.604761904762
292.604761904762
296.985714285714
299.223809523809
298.366666666667
281.728571428571
250.738095238095
252.938095238095
253.938095238095
261.414285714286
271.342857142857
288.485714285714
306.747619047619
299.319047619048
273.319047619048
253.319047619048
226.652380952381
198.295238095238
177.638095238095
169.976190476191
158.87619047619
140.628571428571
136.342857142857
134.22380952381
131.890476190476
136.961904761905
148.461904761905
203.580952380952
248.842857142857
275.485714285714
286.22380952381
287.985714285714
284.485714285714
272.485714285714
261.7
255.842857142857
253.142857142857
255.2
271.2
287.2
297.2
300.2
286.866666666666
261.72380952381
242.152380952381
207.652380952381
184.914285714286
177.2
165.414285714286
144.080952380952
125.080952380952
130.080952380952
128.414285714286
143.17619047619
155.404761904762
177.461904761904
222.257142857143
255.557142857143
282.557142857143
285.919047619048
282.914285714286
275.985714285714
264.009523809524
250.819047619048
243.819047619048
254.390476190476
259.557142857143
266.271428571429
283.271428571428
306.842857142857
297.842857142857
275.723809523809
254.366666666667
230.2
206.866666666667
191.580952380952
174.580952380952
161.390476190476
142.295238095238
133.295238095238
132.914285714286
134.104761904762
144.604761904762
154.604761904762
200.061904761905
242.223809523809
271.52380952381
290.2
298.247619047619
287.247619047619
279.847619047619
262.247619047619
254.009523809524
259.438095238095
258.695238095238
260.395238095238
268.7
283.414285714286
292.033333333333
285.033333333333
263.061904761905
247.261904761905
215.557142857143
196.009523809524
177.652380952381
158.104761904762
142.771428571429
138.771428571429
131.771428571429
134.890476190476
131.723809523809
131.366666666667
145.080952380952
169.142857142857
194.442857142857
221.2
231.2
232.938095238095
230.366666666667
216.271428571429
201.271428571428
186.271428571429
185.557142857143
193.17619047619
205.17619047619
220.961904761905
235.461904761905
241.866666666667
231.104761904762
214.247619047619
196.747619047619
179.438095238095
162.938095238095
149.838095238095
137.628571428571
126.619047619048
117.97619047619
112.938095238095
112.014285714286
112.614285714286
124.7
130.166666666667
131.414285714286
138
157.438095238095
173.438095238096
185.819047619047
189.961904761905
183.785714285714
170.652380952381
158.680952380952
158.880952380952
160.22380952381
181.890476190476
199.604761904762
207.357142857143
210.714285714286
