196.066666666667
196.066666666667
191.209523809524
178.4
160.971428571429
143.566666666667
128.542857142857
123.042857142857
117.114285714286
114.780952380952
117.852380952381
128.566666666667
149.757142857143
182.257142857143
219.280952380953
248.209523809524
255.9
248.9
241.971428571428
217.471428571429
218.4
220.67619047619
221.090476190476
218.947619047619
215.138095238095
212.138095238095
217.138095238095
248.852380952381
252.804761904762
237.947619047619
222.614285714286
197.090476190476
181.090476190476
147.519047619048
134.819047619048
133.447619047619
130.304761904762
125.161904761905
128.161904761905
132.971428571429
144.4
165.733333333333
199.4
241.114285714286
263.114285714286
257.971428571429
258.328571428571
254.714285714286
242.780952380952
227.828571428571
225.828571428571
234.828571428571
231.280952380952
226.328571428571
222.757142857143
231.42380952381
274.423809523809
257.423809523809
241.280952380952
220.747619047619
195.709523809524
170.780952380952
152.566666666667
137.066666666667
135.590476190476
128.804761904762
125.328571428571
128.161904761905
134.447619047619
151.447619047619
182.733333333333
217.4
248.5
264.37619047619
260.590476190476
255.590476190476
247.590476190476
231.495238095238
220.92380952381
218.780952380952
222.733333333333
228.876190476191
217.876190476191
227.704761904762
255.471428571429
264.757142857143
246.9
230.947619047619
205.947619047619
185.471428571428
164.042857142857
148.066666666667
137.9
129.685714285714
129.185714285714
128.209523809524
131.4
143.328571428572
163.114285714286
190.614285714286
235.114285714286
254.114285714286
256.519047619048
253.780952380952
247.495238095238
235.471428571429
217.971428571429
220.471428571429
225.114285714286
229.447619047619
227.257142857143
222.257142857143
230.542857142857
270.042857142857
257.519047619048
243.090476190476
226.42380952381
203.590476190476
178.304761904762
172.304761904762
141.161904761905
133.447619047619
130.87619047619
127.519047619048
127.352380952381
132.852380952381
149.852380952381
184.661904761905
219.638095238095
251.923809523809
275.352380952381
271.161904761905
263.161904761905
257.304761904762
243.804761904762
232.019047619048
227.233333333333
224.804761904762
227.804761904762
225.376190476191
225.233333333333
245.352380952381
265.685714285714
251.542857142857
236.542857142857
210.590476190476
190.947619047619
170.019047619048
152.385714285714
143.733333333333
132.733333333333
128.233333333333
124.542857142857
128.471428571429
138.9
152.614285714286
168.852380952381
189.852380952381
213.423809523809
217.757142857143
213.92380952381
209.352380952381
197.685714285715
179.685714285714
168.019047619048
163.804761904762
160.471428571429
157.804761904762
160.804761904762
169.804761904762
212.138095238096
218.804761904762
209.804761904762
196.280952380953
180.090476190476
163.090476190476
150.690476190476
137.804761904762
130.995238095238
125.038095238095
116.638095238095
113.304761904762
115.304761904762
125.019047619048
127.352380952381
125.828571428571
132.828571428572
158.019047619047
166.019047619048
168.590476190476
170.590476190476
164.733333333333
153.733333333333
145.87619047619
132.876190476191
133.209523809524
130.4
134.114285714286
157.519047619047
196.090476190476
