204.9
203.4
199.309523809524
186.376190476191
172.447619047619
161.185714285714
141.342857142857
126.642857142857
119.4
115.4
114.304761904762
116.447619047619
123.257142857143
147.257142857143
192.971428571429
227.542857142857
256.166666666667
274.733333333333
273.704761904762
269.504761904762
257.4
240.1
233.471428571429
236.161904761905
238.87619047619
240.37619047619
237.37619047619
269.590476190476
280.685714285714
269.4
252.4
234.819047619048
205.619047619048
193.733333333333
172.733333333333
154.780952380952
146.495238095238
137.4
127.4
129.161904761905
135.019047619048
144.37619047619
170.542857142857
222.614285714286
254.114285714286
275.804761904762
277.804761904762
271.519047619048
263.519047619048
253.614285714286
235.614285714286
233.614285714286
236.87619047619
239.209523809524
243.209523809524
257.4
289.638095238095
286.638095238095
268.638095238095
248.471428571429
224.185714285714
201.328571428571
191.809523809524
163.109523809524
149.428571428571
137.614285714286
128.428571428571
126.161904761905
132.161904761905
132.161904761905
147.87619047619
189.519047619048
227.419047619048
254.447619047619
272.9
269.9
262.9
253.066666666667
239.161904761905
232.161904761905
235.971428571429
236.304761904762
243.304761904762
250.304761904762
278.638095238095
293.352380952381
281.066666666667
267.495238095238
248.495238095238
215.019047619047
196.090476190476
178.142857142857
157.142857142857
141.842857142857
137.942857142857
128.519047619048
129.942857142857
128.785714285714
133.828571428571
162.233333333333
215.733333333333
257.233333333333
285.376190476191
290.257142857143
284.471428571429
277.87619047619
261.352380952381
244.352380952381
247.066666666667
247.733333333333
250.019047619048
257.304761904762
266.638095238095
288.638095238095
288.019047619048
270.733333333333
250.090476190476
228.590476190476
202.633333333333
185.933333333333
170.947619047619
152.161904761905
137.304761904762
130.114285714286
128.733333333333
125.733333333333
136.733333333333
146.114285714286
182.352380952381
226.480952380952
256.376190476191
277.733333333333
282.233333333333
274.733333333333
265.566666666667
251.090476190476
238.733333333333
247.104761904762
259.004761904762
264.209523809524
277.638095238095
287.2
287.733333333333
281.019047619048
258.019047619047
236.92380952381
213.104761904762
198.519047619048
184.661904761905
161.280952380952
144.780952380952
136.780952380952
131.209523809524
128.685714285714
130.9
136.447619047619
140.280952380952
170.780952380952
196.052380952381
216.519047619048
223.352380952381
219.352380952381
220.352380952381
221.352380952381
206.519047619048
191.447619047619
184.019047619048
185.352380952381
193.066666666667
211.066666666667
224.780952380953
229.519047619048
224.37619047619
214.066666666667
201.4
177.4
164.9
148.028571428571
135.328571428572
125.185714285714
116.090476190476
112.9
105.9
110.471428571429
116.638095238095
124.780952380952
131.566666666667
131.2
151.1
167.471428571428
174.542857142857
180.138095238095
180.138095238095
165.209523809524
150.709523809524
150.971428571429
151.971428571429
164.971428571429
182.971428571428
193.995238095238
