191.447619047619
181.447619047619
170.233333333333
156.566666666667
141.566666666667
127.638095238095
117.447619047619
113.447619047619
112.019047619048
116.352380952381
125.257142857143
140.828571428571
169.685714285714
216.185714285714
243.685714285714
251.685714285714
251.114285714286
248.114285714286
241.4
224.4
226.447619047619
227.542857142857
226.042857142857
220.376190476191
211.233333333333
205.733333333333
207.233333333333
205.090476190476
217.87619047619
220.447619047619
197.4
177.447619047619
158.447619047619
141.590476190476
129.423809523809
122.757142857143
120.471428571429
120.590476190476
126.590476190476
140.733333333333
156.447619047619
190.780952380952
230.780952380952
247.066666666667
253.066666666667
249.066666666667
242.661904761905
231.947619047619
222.066666666667
220.066666666667
226.566666666667
224.566666666667
212.852380952381
203.185714285714
198.757142857143
197.757142857143
197.804761904762
218.804761904762
212.376190476191
190.042857142857
172.280952380952
161.066666666667
139.447619047619
130.947619047619
126.971428571429
124.185714285714
126.4
134.566666666667
147.066666666667
165.566666666667
210.257142857143
239.114285714286
248.614285714286
247.614285714286
244.995238095238
235.495238095238
220.995238095238
217.42380952381
220.138095238095
222.995238095238
221.566666666667
215.709523809524
212.709523809524
211.42380952381
209.090476190476
214.185714285714
219.614285714286
202.947619047619
179.947619047619
156.495238095238
143.138095238095
132.738095238095
124.204761904762
121.490476190476
119.290476190476
123.471428571429
127.742857142857
146.4
182.37619047619
223.923809523809
244.42380952381
250.42380952381
246.709523809524
240.090476190476
230.947619047619
221.92380952381
222.542857142857
225.542857142857
228.542857142857
220.87619047619
212.638095238095
210.495238095238
209.92380952381
203.92380952381
219.638095238095
208.352380952381
192.161904761905
179.495238095238
160.695238095238
137.095238095238
127.4
122.971428571429
120.542857142857
121.590476190476
129.87619047619
147.87619047619
162.376190476191
204.4
227.828571428571
234.542857142857
238.828571428571
240.376190476191
232.876190476191
223.233333333333
218.633333333333
220.257142857143
224.185714285714
223.328571428571
214.328571428571
207.590476190476
204.661904761905
199.233333333333
200.9
218.042857142857
200.042857142857
186.233333333333
166.995238095238
148.280952380953
134.671428571429
126.952380952381
120.852380952381
121.852380952381
123.661904761905
129.376190476191
135.147619047619
145.138095238095
177.37619047619
194.37619047619
196.804761904762
196.804761904762
192.519047619048
181.804761904762
167.757142857143
162.757142857143
163.185714285714
162.042857142857
157.42380952381
152.42380952381
152.709523809524
160.709523809524
161.090476190476
174.042857142857
179.042857142857
174.280952380952
164.471428571429
138.471428571429
131.471428571429
123.661904761905
116.9
111.757142857143
108.947619047619
110.138095238095
115.138095238095
106.852380952381
109.352380952381
126.447619047619
146.161904761905
149.590476190476
147.590476190476
150.114285714286
141.685714285714
133.92380952381
131.92380952381
130.638095238095
121.638095238095
115.495238095238
120.923809523809
125.352380952381
130.542857142857
146.923809523809
