214.009523809524
204.509523809524
189.747619047619
179.628571428571
167.128571428571
148.771428571429
137.319047619048
126.819047619048
118.461904761905
119.795238095238
127.22380952381
139.566666666667
162.238095238095
203.638095238095
234.814285714286
265.2
278.780952380952
277.614285714286
276.014285714286
264.214285714286
252.7
247.52380952381
245.866666666667
246.7
247.795238095238
240.795238095238
245.295238095238
258.295238095238
261.842857142857
255.771428571429
240.557142857143
208.033333333333
195.033333333333
172.347619047619
155.247619047619
145.795238095238
140.366666666667
134.866666666667
138.866666666667
140.152380952381
148.080952380952
178.685714285714
221.752380952381
252.395238095238
276.095238095238
280.17619047619
280.304761904762
275.104761904762
260.890476190476
242.304761904762
244.604761904762
233.604761904762
238.795238095238
239.747619047619
241.104761904762
255.557142857143
286.580952380952
268.080952380952
258.580952380952
237.914285714286
215.438095238095
198.023809523809
180.271428571429
157.271428571429
142.233333333333
140.961904761905
142.557142857143
142.22380952381
144.909523809524
163.709523809524
206.509523809524
242.890476190476
267.176190476191
274.461904761905
267.390476190476
266.390476190476
262.390476190476
250.295238095238
244.157142857143
244.271428571429
247.22380952381
252.652380952381
246.652380952381
248.62380952381
275.057142857143
286.152380952381
269.22380952381
254.604761904762
224.604761904762
210.890476190476
194.961904761905
175.209523809524
156.009523809524
143.966666666667
143.666666666667
135.557142857143
140.771428571429
154.557142857143
181.423809523809
221.314285714286
248.414285714286
276.414285714286
281.747619047619
275.247619047619
266.247619047619
259.366666666667
252.771428571428
244.271428571429
246.914285714286
246.614285714286
244.009523809524
243.795238095238
252.390476190476
290.390476190476
272.295238095238
258.652380952381
240.509523809524
219.042857142857
204.542857142857
177.442857142857
164.152380952381
147.819047619048
137.461904761905
135.890476190476
140.842857142857
149.842857142857
158.342857142857
195.176190476191
235.890476190476
270.690476190476
291.271428571429
284.190476190476
275.490476190476
267.904761904762
250.438095238095
238.461904761905
238.461904761905
239.871428571429
245.171428571429
247.666666666667
253.938095238095
268.438095238095
277.738095238095
264.509523809524
250.509523809524
225.938095238095
205.942857142857
194.457142857143
180.690476190476
158.009523809524
149.009523809524
146.409523809524
137.738095238095
134.509523809524
140.652380952381
155.152380952381
174.957142857143
204.857142857143
233.985714285714
239.052380952381
232.342857142857
225.128571428571
214.842857142858
192.342857142857
182.509523809524
180.438095238095
181.566666666667
184.066666666667
189.509523809524
203.009523809524
230.795238095239
233.314285714286
221.657142857143
204.161904761905
186.276190476191
175.67619047619
159.07619047619
147.657142857143
137.085714285715
128.557142857143
122.271428571429
114.252380952381
121.852380952381
125.938095238095
126.971428571429
128.533333333333
137.804761904762
160.866666666666
177.866666666667
182.2
182.2
172.095238095238
157.028571428571
149.057142857143
146.057142857143
142.580952380952
144.033333333333
149.433333333334
170.385714285714
206.104761904762
