198.11497005988
192.11497005988
179.695808383234
167.207784431138
153.346107784431
135.689820359282
116.931736526946
118.131736526946
117.540119760479
115.306586826347
115.659880239521
122.831137724551
138.450299401197
187.450299401197
221.576047904192
250.061077844311
264.989221556886
264.689820359281
266.11497005988
252.11497005988
231.408383233533
228.309580838323
233.815568862275
235.980838323353
235.695808383233
237.695808383233
266.055089820359
275.558083832335
263.001197604791
241.576047904192
227.097005988024
205.097005988024
192.582035928144
174.536526946108
156.953293413174
146.24371257485
141.420359281437
132.420359281437
131.288622754491
131.626946107784
140.270658682635
159.740718562874
185.623952095808
226.623952095808
250.34251497006
256.348502994012
251.911377245509
245.08502994012
239.935329341317
223.935329341317
232.186826347305
228.194011976048
226.344910179641
231.540119760479
237.312574850299
274.312574850299
278.546107784431
263.869461077844
246.474251497006
228.983233532934
204.94131736527
187.94131736527
173.892215568862
156.324550898204
145.22874251497
137.605988023952
125.240718562874
130.240718562874
131.504191616766
142.079041916168
165.240718562874
199.653892215569
238.498203592814
264.498203592814
264.953293413174
255.120958083832
246.34251497006
237.839520958084
225.707784431138
223.707784431138
228.318562874251
231.621556886227
231.719760479042
244.330538922155
276.177245508982
277.477245508982
257.144910179641
239.234730538922
217.061077844311
198.040119760479
187.48622754491
162.98622754491
147.91377245509
139.289221556886
135.558083832335
133.668862275449
132.989221556886
139.989221556886
140.031137724551
173.480239520958
212.48622754491
244.671856287425
264.785628742515
265.744311377246
259.844311377246
250.468263473054
235.504191616766
226.180838323353
228.749700598802
229.731736526946
229.731736526946
241.873053892216
266.823952095808
284.701796407186
278.558083832335
252.1
243.2
218.402395209581
201.192814371257
183.548502994012
161.707784431138
153.498203592814
140.498203592814
130.875449101796
128.34251497006
132.037125748503
140.797604790419
155.71377245509
186.71377245509
225.420359281437
254.222754491018
264.773652694611
260.773652694611
255.522155688623
232.522155688623
227.755688622755
227.298203592814
227.45628742515
228.22754491018
231.237724550898
236.737724550898
272.605988023953
280.522155688623
265.761676646707
245.348502994012
230.540119760479
207.540119760479
193.016167664671
176.529341317365
161.611976047904
148.71377245509
135.34251497006
136.34251497006
131.917365269461
133.983233532934
144.582035928144
156.534131736527
161.946107784431
186.146107784431
213.186227544911
221.22874251497
216.102395209581
207.192814371257
200.564071856287
189.564071856287
170.210778443114
164.091017964072
166.821556886228
171.480239520958
177.749700598803
210.749700598802
227.767664670659
225.204790419162
212.390419161676
196.043113772455
179.492215568862
165.492215568862
147.112574850299
136.510179640719
129.067065868263
122.426347305389
116.264670658683
109.264670658682
109.977245508982
117.262275449102
127.48622754491
131.803592814371
129.422754491018
149.022754491018
160.814371257485
164.162874251497
164.465868263473
161.774850299401
154.833532934132
146.833532934132
144.267664670659
136.867065868263
141.031137724551
164.701796407186
197.686826347305
