207.528571428571
203.028571428571
200.552380952381
190.195238095238
176.62380952381
165.052380952381
151.547619047619
135.947619047619
126.861904761905
120.528571428571
118.12380952381
121.123809523809
129.552380952381
142.052380952381
187.12380952381
238.838095238095
272.457142857143
283.62380952381
284.480952380952
281.480952380952
272.766666666667
257.671428571429
252.671428571429
258.080952380952
263.838095238095
261.338095238095
266.338095238095
282.266666666667
286.838095238095
274.266666666667
252.171428571429
235.933333333333
214.933333333333
196.504761904762
177.504761904762
158.528571428571
143.385714285714
136.576190476191
131.57619047619
130.195238095238
133.838095238095
144.838095238095
170.071428571429
215.428571428571
270.728571428572
275.742857142857
278.62380952381
275.909523809524
267.957142857143
256.838095238095
238.838095238095
239.338095238095
245.504761904762
246.504761904762
246.933333333333
258.361904761905
288.695238095238
285.695238095238
266.838095238095
249.004761904762
228.957142857143
208.6
198.066666666667
182.466666666667
157.457142857143
141.1
133
131.1
133.242857142857
133.242857142857
148.480952380952
191.147619047619
239.576190476191
277.504761904762
296.171428571429
292.171428571429
284.171428571429
277.790476190476
262.195238095238
246.695238095238
241.57619047619
244.385714285714
253.385714285714
262.214285714286
282.814285714286
290.504761904762
277.219047619048
263.12380952381
248.12380952381
227.695238095238
208.838095238095
189.214285714286
167.214285714286
145.671428571429
137.671428571429
134.433333333333
135.471428571429
137.314285714286
137.671428571429
149.790476190476
219.790476190476
278.790476190477
294.480952380952
297.814285714286
294.885714285714
285.385714285714
275.57619047619
259.576190476191
248.290476190476
250.12380952381
256.219047619048
260.07619047619
266.17619047619
296.976190476191
299.457142857143
279.314285714286
257.861904761905
236.528571428571
207.242857142857
200.242857142857
177.433333333333
161.147619047619
150.57619047619
140.861904761905
130.266666666667
127.766666666667
143.766666666667
158.957142857143
192.219047619047
245.07619047619
295.62380952381
302.695238095238
301.195238095238
293.695238095238
285.528571428571
272.052380952381
255.695238095238
247.957142857143
247.457142857143
254.647619047619
262.647619047619
279.552380952381
297.052380952381
295.266666666667
267.766666666666
254.076190476191
225.457142857143
207.957142857143
194.876190476191
171.647619047619
157.647619047619
142.647619047619
137.766666666667
132.790476190476
133.147619047619
143.361904761905
156.495238095238
182.295238095238
219.152380952381
237.585714285714
244.885714285714
247.6
240.457142857143
222.457142857143
200.838095238095
187.766666666667
183.504761904762
185.738095238095
191.62380952381
198.62380952381
229.433333333334
242.004761904762
239.647619047619
225.885714285714
206.004761904762
193.004761904762
174.004761904762
157.109523809524
147.890476190476
140.219047619047
128.242857142857
115.480952380952
117.480952380952
119.480952380952
126.147619047619
133.242857142857
140.242857142857
152.385714285714
165.885714285715
175.314285714286
184.671428571429
190.242857142857
186.409523809524
172.052380952381
164.552380952381
159.909523809524
157.314285714286
162.171428571429
180.171428571428
206.314285714286
