189.62380952381
185.62380952381
173.528571428572
158.909523809524
143.909523809524
130.623809523809
122.757142857143
113.557142857143
110.528571428571
110.528571428571
112.004761904762
118.57619047619
136.861904761905
157.861904761905
206.004761904762
234.861904761905
243.861904761905
240.528571428571
232.528571428571
224.528571428571
212.719047619048
212.909523809524
216.338095238095
218.195238095238
217.62380952381
214.62380952381
248.623809523809
255.909523809524
245.147619047619
230.576190476191
217.957142857143
197.338095238095
184.338095238095
164.909523809524
152.07619047619
143.076190476191
133.790476190476
124.552380952381
122.552380952381
126.433333333333
139.504761904762
154.957142857143
178.62380952381
218.909523809524
248.909523809524
247.004761904762
240.457142857143
233.814285714286
222.480952380952
208.004761904762
217.004761904762
222.004761904762
222.147619047619
219.909523809524
231.909523809524
258.552380952381
266.647619047619
246.647619047619
232.647619047619
213.647619047619
198.314285714286
185.514285714286
161.647619047619
146.647619047619
130.561904761905
121.07619047619
122.814285714286
128.480952380952
128.266666666667
138.766666666667
167.361904761905
206.385714285714
238.671428571429
254.719047619048
254.695238095238
248.195238095238
243.195238095238
228.885714285714
222.6
222.171428571429
223.195238095238
230.290476190476
229.290476190476
252.97619047619
265.576190476191
260.480952380952
243.995238095238
226.585714285714
207.185714285714
189.957142857143
172.314285714286
157.976190476191
146.909523809524
135.338095238095
120.338095238095
122.480952380952
127.766666666667
136.509523809524
154.7
186.957142857143
227.957142857143
258.957142857143
267.290476190476
264.22380952381
254.338095238095
240.338095238095
227.028571428571
227.528571428571
230.171428571429
229.171428571429
227.361904761905
238.290476190476
274.085714285714
274.685714285714
253.933333333333
239.504761904762
220.909523809524
198.909523809524
183.309523809524
164.109523809524
144.242857142857
137.6
137.1
137.338095238095
136.147619047619
134.147619047619
143.147619047619
167.528571428572
203.266666666666
235.409523809524
252.361904761905
255.576190476191
243.076190476191
232.719047619048
225.052380952381
219.028571428571
217.671428571429
226.004761904762
228.004761904762
234.528571428571
259.385714285714
279.6
273.6
239.6
223.6
203.790476190476
192.933333333333
178.076190476191
160.32380952381
146.147619047619
131.647619047619
127.647619047619
122.028571428571
121.6
125.671428571429
135.219047619047
157.790476190476
181.790476190476
203.219047619048
211.552380952381
207.361904761905
197.790476190476
190.933333333334
175.933333333333
163.647619047619
163.433333333333
166.62380952381
169.290476190476
177.861904761905
213.861904761905
223.195238095238
217.480952380953
204.052380952381
188.433333333333
173.719047619048
160.219047619048
146.119047619048
133.719047619048
125.433333333333
119.004761904762
113.671428571429
113.504761904762
110.004761904762
117.647619047619
116.147619047619
116.766666666667
128.338095238095
145.614285714286
156.014285714286
155.285714285714
157.6
152.171428571429
141.171428571429
136.028571428571
130.028571428572
134.980952380952
137.052380952381
160.338095238096
188.909523809524
197.195238095238
