110.671428571429
112.671428571429
119.366666666667
126.795238095238
127.052380952381
124.242857142857
141.266666666667
158.766666666667
173.952380952381
180.219047619048
176.6
168.285714285714
163.171428571429
153.171428571429
147.785714285714
147.314285714286
144.528571428571
143.728571428571
158.6
199.1
200.552380952381
194.719047619048
189.790476190476
182.295238095238
167.4
152.1
132.8
125.4
122.719047619048
122.204761904762
125.242857142857
136.1
160.1
188.385714285714
230.052380952381
266.861904761905
286.333333333333
292.042857142857
286.442857142857
278.4
260.671428571429
250.852380952381
252.552380952381
256.266666666667
261.266666666667
260.552380952381
259.171428571429
273.957142857143
284.385714285714
268.457142857143
254.957142857143
219.457142857143
205.409523809524
184.523809523809
163.609523809524
153.052380952381
144.923809523809
144.223809523809
141.552380952381
143.352380952381
151.742857142857
171.314285714286
207.838095238095
249.338095238095
272.561904761905
276.861904761905
271.480952380952
265.547619047619
260.97619047619
239.77619047619
237.338095238095
241.933333333333
246.147619047619
246.933333333333
246.266666666667
251.266666666667
283.266666666667
282.480952380952
265.933333333333
240.147619047619
215.552380952381
211.890476190476
184.990476190476
164.004761904762
148.004761904762
141.62380952381
143.338095238095
143.861904761905
139.861904761905
159.114285714286
189.957142857143
227.338095238095
263.438095238095
287.766666666667
288.266666666667
284.385714285714
270.761904761905
271.190476190476
270.828571428572
252.638095238095
252.338095238095
249.738095238095
248.028571428571
249.314285714286
263.714285714286
282.457142857143
266.285714285714
246.685714285714
222.542857142857
204.242857142857
188.004761904762
171.147619047619
156.433333333333
144.433333333333
136.957142857143
137.457142857143
140.695238095238
148.328571428571
167.428571428572
199.728571428572
246.504761904762
273.052380952381
279.738095238095
275.333333333333
269.076190476191
262.576190476191
248.57619047619
245.1
245.833333333333
246.433333333333
244.361904761905
239.109523809524
238.809523809524
278.366666666667
276.3
257.814285714286
242.242857142857
214.838095238095
207.338095238095
184.366666666667
163.480952380952
145.6
133.5
131.842857142857
140.042857142857
143.57619047619
158.07619047619
183.790476190476
220.623809523809
261.419047619047
282.219047619048
278.219047619048
272.6
265.052380952381
254.195238095238
242.147619047619
237.195238095238
249.195238095238
253.22380952381
252.12380952381
250.552380952381
257.695238095238
279.438095238095
270.238095238095
255.338095238095
229.62380952381
208.1
192.433333333333
173.161904761905
152.261904761905
141.742857142857
140.12380952381
138.266666666667
137.504761904762
143.338095238095
154.838095238095
161.838095238095
191.504761904762
217.219047619047
229.076190476191
227.814285714286
219.719047619048
219.719047619048
200.861904761905
183.528571428571
174.57619047619
172.647619047619
171.790476190476
172.290476190476
173.695238095238
209.123809523809
229.838095238095
221.671428571429
206.385714285714
186.385714285715
174.957142857143
169.595238095238
158.166666666666
143.266666666667
131.180952380952
