212.226035502959
212.226035502959
206.510059171598
194.128402366864
182.67573964497
171.436094674556
147.989349112426
133.989349112426
122.237869822485
120.761538461538
119.001183431953
120.483431952663
135.811834319527
155.311834319527
198.876923076923
254.060355029586
288.060355029586
299.285207100592
299.166863905325
295.439053254438
288.439053254438
274.385798816568
270.557396449704
273.616568047337
279.444970414201
285.983431952663
286.983431952663
296.663905325444
292.995266272189
278.024852071006
259.681656804734
239.758579881657
207.989349112426
200.989349112426
184.054437869822
164.873964497041
149.101775147929
140.237869822485
137.912426035503
133.412426035503
134.119526627219
150.385798816568
185.302958579882
239.421301775148
294.640236686391
302.521893491124
306.521893491124
309.252662721893
300.155029585799
282.279289940828
268.971597633136
274.084023668639
280.084023668639
279.395266272189
284.979881656805
297.320710059172
306.379881656805
298.326627218935
265.527810650888
249.527810650888
226.900591715976
213.865088757396
193.526627218935
164.023076923077
150.498224852071
130.998224852071
131.089940828402
129.814792899408
131.94201183432
142.273372781065
166.308875739645
218.308875739645
261.859171597633
288.092307692308
299.629585798817
298.084023668639
289.411834319527
283.119526627219
260.119526627219
254.989349112426
255.539644970414
259.382840236686
265.809467455621
277.492307692308
307.492307692308
297.267455621302
276.71124260355
256.453846153846
234.332544378698
211.94201183432
202.81775147929
175.81775147929
155.823668639053
143.74674556213
136.273372781065
130.436094674556
126.995266272189
135.995266272189
150.74674556213
194.039644970414
248.202366863905
287.462721893491
299.876923076923
303.190532544379
302.190532544379
293.039644970414
273.433136094675
260.581656804734
261.220118343195
266.468639053254
273.468639053254
278.586982248521
294.569230769231
296.563313609467
281.85325443787
261.767455621302
243.113609467456
218.113609467456
201.936094674556
184.21775147929
164.060355029586
146.539644970414
138.391715976331
137.391715976331
135.007100591716
131.397633136095
142.69349112426
174.021893491124
220.510059171597
275.315976331361
297.515976331361
299.811834319527
297.236686390533
291.785207100592
278.794082840237
256.057396449704
256.557396449704
258.596449704142
260.291124260355
263.137278106509
273.172781065089
290.311834319527
288.811834319527
264.089940828402
248.344378698225
225.524852071006
204.249704142012
191.104733727811
174.285207100592
153.285207100592
142.936094674556
135.696449704142
131.279289940828
129.285207100592
130.900591715976
146.900591715976
175.515976331361
192.71124260355
215.160946745562
234.548520710059
237.196449704142
224.649112426036
220.149112426036
199.1224852071
184.88875739645
180.169822485207
180.989349112426
182.149112426036
181.149112426036
220.160946745562
236.545562130178
233.829585798817
220.616568047337
204.33550295858
188.78224852071
171.78224852071
156.827218934911
143.363905325444
128.717159763314
117.498224852071
117.196449704142
107.196449704142
117.297041420118
125.791124260355
134.143195266272
137.566272189349
136.894674556213
155.341420118343
170.841420118343
183.421301775148
188.261538461538
181.081065088758
168.273372781065
164.622485207101
159.622485207101
155.998224852071
163.87100591716
186.876923076923
208.788165680473
212.554437869822
