221.209523809524
213.209523809524
205.209523809524
189.471428571429
175.185714285714
166.328571428571
148.471428571428
133.471428571429
119.671428571429
115.804761904762
116.614285714286
119.985714285714
131.4
153.4
198.471428571429
242.042857142857
276.971428571428
294.471428571429
289.614285714286
282.614285714286
277.519047619048
256.138095238095
243.923809523809
243.947619047619
248.447619047619
261.447619047619
287.447619047619
301.304761904762
295.280952380952
277.280952380952
260.019047619048
250.528571428571
221.228571428571
203.757142857143
181.190476190476
160.471428571429
146.614285714286
137.066666666667
146.066666666667
146.019047619048
141.804761904762
146.623809523809
172.857142857143
222.542857142857
268.542857142857
284.066666666667
291.209523809524
289.066666666667
281.185714285714
268.72380952381
239.423809523809
252.723809523809
267.804761904762
279.9
291.828571428571
304.9
312.661904761905
305.661904761905
282.804761904762
267.638095238095
245.257142857143
216.828571428571
205.728571428571
179.428571428571
160.819047619048
141.090476190476
137.614285714286
143.847619047619
140.119047619048
145.819047619048
159.995238095238
202.633333333333
247.119047619048
279.828571428571
296.876190476191
292.876190476191
286.87619047619
281.280952380952
266.495238095238
257.138095238095
261.995238095238
265.495238095238
282.995238095238
292.095238095238
302.861904761905
304.780952380952
290.938095238095
267.485714285714
255.885714285714
235.328571428571
214.9
190.290476190476
164.92380952381
148.138095238095
141.638095238095
137.995238095238
135.638095238095
142.209523809524
153.87619047619
172.290476190476
228.590476190476
289.090476190476
299.804761904762
301.590476190476
304.661904761905
305.019047619048
297.638095238095
272.638095238095
274.209523809524
281.542857142857
287.161904761905
292.161904761905
302.304761904762
313.804761904762
302.233333333333
280.376190476191
259.566666666667
238.566666666667
212.209523809524
201.709523809524
170.92380952381
156.419047619048
144.519047619048
133.566666666667
129.471428571429
133.471428571429
140.771428571429
148.233333333333
189.780952380952
247.780952380952
290.376190476191
302.471428571429
306.471428571429
300.185714285714
287.519047619048
274.185714285714
264.171428571429
258.966666666667
264.166666666667
276.423809523809
291.566666666667
296.566666666667
293.233333333333
289.204761904762
261.004761904762
242.519047619048
219.947619047619
203.090476190476
191.666666666667
177.185714285714
149.185714285714
141.185714285714
139.257142857143
135.661904761905
134.876190476191
140.37619047619
147.247619047619
181.547619047619
210.87619047619
233.376190476191
247.4
251.685714285714
245.828571428572
231.828571428571
213.304761904762
201.090476190476
194.995238095238
195.328571428571
205.471428571429
234.471428571429
236.995238095238
245.052380952381
240.623809523809
223.471428571429
204.576190476191
190.37619047619
172.87619047619
159.423809523809
149.028571428572
138.685714285714
127.638095238095
119.638095238095
111.638095238095
117.352380952381
124.685714285714
132.638095238095
144.009523809524
160.9
173.9
188.709523809524
196.566666666667
200.519047619048
195.519047619048
176.019047619048
165.519047619048
168.828571428571
170.161904761905
181.804761904762
202.642857142857
220.804761904762
