134.011904761905
142.488095238095
147.547619047619
157.654761904762
169.869047619048
171.333333333333
159.333333333333
157.119047619048
171.702380952381
185.940476190476
184.130952380952
171.176190476191
152.380952380952
141.580952380952
139.035714285714
147.880952380952
182.095238095238
222.119047619048
231.309523809524
225.238095238095
212.940476190476
215.390476190476
217.761904761905
228.154761904762
208.428571428572
187.285714285714
168.511904761905
150.392857142857
144.464285714286
150.678571428571
169.488095238095
216.464285714286
233.047619047619
230.064285714286
211.285714285714
215.5
218.995238095238
232.785714285714
216.385714285714
195.497619047619
179.702380952381
160.226190476191
146.464285714286
148.964285714286
157.547619047619
206.809523809524
232.095238095238
235.238095238095
221.047619047619
217.82619047619
224.190476190476
228.890476190476
222.714285714286
206.119047619048
184.404761904762
164.25
149.761904761905
150.571428571429
154.75
193.178571428572
220.083333333333
222.952380952381
216.761904761905
206.261904761905
207.130952380952
210.619047619048
227.428571428571
210.595238095238
186.559523809524
165.271428571429
151.869047619048
148.488095238095
151.488095238095
180.5
215.378571428571
226.214285714286
219.090476190476
208.483333333333
205.357142857143
199.642857142857
227.821428571429
210.452380952381
194.952380952381
173.090476190476
156.988095238095
148.297619047619
146.857142857143
156.333333333333
179.583333333333
199.464285714286
197.404761904762
181
172.769047619048
173.261904761905
192.680952380952
199.785714285714
182.82619047619
167.011904761905
152.02380952381
142.809523809524
138.595238095238
142.047619047619
147.809523809524
156.911904761905
171.02619047619
169.369047619048
159.380952380952
156.345238095238
167.142857142857
185.238095238095
183.119047619048
171.133333333333
157.154761904762
143.404761904762
141.988095238095
147.047619047619
185.238095238095
222.226190476191
229.345238095238
223.964285714286
210.738095238095
216.678571428571
222.75
228.238095238095
208.607142857143
187.22619047619
173.819047619048
151.678571428571
146.845238095238
148.488095238095
170.857142857143
211.738095238095
224.595238095238
226.27380952381
206.190476190476
205.5
207.22619047619
218.892857142857
215.392857142857
195.940476190477
178.654761904762
157.488095238095
147.452380952381
146.440476190476
161.380952380953
202.940476190476
225.852380952381
222.380952380952
212.25
205.747619047619
206.392857142857
209.238095238095
219.833333333333
202.119047619047
182.119047619047
164.369047619048
152.547619047619
148.011904761905
155.511904761905
190.261904761905
221.095238095238
224.226190476191
211.511904761905
200.761904761905
205.583333333333
203.5
229.609523809524
208.409523809524
184.892857142857
169.319047619047
152.821428571428
145.857142857143
150.714285714286
173.338095238095
210.190476190476
223.357142857143
217.202380952381
201.630952380952
204.261904761905
200.97619047619
215.619047619047
211.464285714285
189.797619047619
174.807142857143
151.785714285714
148.119047619048
148.011904761905
155.416666666666
176.166666666667
193.321428571429
189.488095238095
175.702380952381
167.178571428571
167.885714285714
179.842857142857
192.940476190476
181.190476190476
164.619047619047
149.52380952381
141.107142857143
