202.654385964912
195.478947368421
193.110526315789
191.233333333333
187.882456140351
181.952631578947
171.689473684211
158.531578947369
157.689473684211
164.373684210526
200.373684210526
203.952631578947
191.136842105263
192.557894736842
186.847368421053
176.163157894737
176.180701754386
162.70701754386
156.549122807018
154.882456140351
162.128070175439
181.584210526316
176.514035087719
168.49649122807
167.724561403509
169.978947368421
169.382456140351
164.785964912281
157.978947368421
152.978947368421
147.829824561403
154.978947368421
165.031578947368
162.122807017544
159.066666666667
161.426315789474
166.145614035088
173.856140350877
160.873684210526
154.733333333333
156.470175438597
175.768421052631
196.4
193.856140350877
190.417543859649
188.750877192983
182.364912280702
178.347368421053
173.277192982456
161.119298245614
157.698245614035
159.891228070175
191.382456140351
199.80350877193
191.136842105263
192.785964912281
188.224561403509
178.557894736842
181.119298245614
166.119298245614
158.4
158.101754385965
176.522807017544
200.20701754386
199.505263157895
192.435087719298
193.470175438596
189.821052631579
181.435087719298
173.733333333333
160.680701754386
158.136842105263
157.961403508772
194.347368421053
202.557894736842
192.347368421053
193.654385964912
186.198245614035
180.838596491228
181.873684210526
166.470175438596
158.259649122807
158.978947368421
172.329824561404
197.680701754386
195.59298245614
188.4
191.628070175439
183.470175438597
179.014035087719
176.20701754386
163.522807017544
159.382456140351
155.961403508772
175.382456140351
183.575438596491
171.961403508772
168.049122807018
166.785964912281
167.171929824561
173.750877192982
162.785964912281
154.649122807018
152.452631578947
147.154385964912
160.856140350877
162.877192982456
156.505263157895
153.540350877193
154.452631578947
161.031578947368
170.428070175439
157.084210526316
153.557894736842
155.189473684211
184.80350877193
196.557894736842
190.645614035088
192.417543859649
188.136842105263
177.961403508772
182.821052631579
169.084210526316
160.119298245614
160.136842105263
168.312280701754
197.312280701754
197.733333333333
192.821052631579
193.715789473684
186.031578947369
178.101754385965
180.228070175438
164.645614035088
159.242105263158
159.277192982456
186.680701754386
199.680701754386
194.522807017544
195.557894736842
191.557894736842
183.4
183.891228070175
170.79649122807
160.785964912281
160.329824561404
168.943859649123
198.4
199.136842105263
193.663157894737
195.417543859649
187.715789473684
179.680701754386
179.084210526316
163.908771929825
158.575438596491
158.417543859649
187.408771929825
201.005263157895
195.742105263158
196.689473684211
192.724561403509
183.733333333333
180.119298245614
171.785964912281
161.864912280702
159.882456140351
158.742105263158
179.935087719298
179.373684210526
168.180701754386
168.794736842105
167.68947368421
166.601754385965
170.777192982456
160.9
155.461403508772
149.952631578947
151.987719298246
163.250877192982
162.566666666667
158.70701754386
154.759649122807
157.689473684211
169.215789473684
166.601754385965
157.759649122807
158.022807017544
165.30350877193
196.136842105263
202.873684210526
196.101754385965
200.057894736842
192.285964912281
181.987719298245
182.917543859649
165.584210526316
159.145614035088
158.478947368421
184.742105263158
