107.104761904762
114.104761904762
119.890476190476
116.72380952381
117.22380952381
130.914285714286
148.271428571429
162.771428571428
164.414285714286
165.914285714286
162.461904761905
152.461904761905
143.22380952381
141.22380952381
139.22380952381
140.795238095238
145.052380952381
162.985714285714
200.557142857143
205.557142857143
195.319047619048
182.033333333333
168.261904761905
153.938095238095
138.819047619048
125.319047619048
117.319047619048
116.361904761905
114.833333333333
117.033333333333
129.366666666667
152.495238095238
178.195238095238
213.32380952381
242.357142857143
256.509523809524
256.795238095238
252.528571428571
245.728571428571
226.352380952381
221.152380952381
226.866666666667
232.7
230.985714285714
233.985714285714
235.557142857143
258.390476190476
258.976190476191
241.72380952381
227.580952380952
200.080952380952
181.580952380952
160.328571428571
145.17619047619
134.17619047619
125.438095238095
124
123.8
131.314285714286
149.580952380952
175.914285714286
205.628571428572
233.628571428571
252.128571428571
260.22380952381
257.938095238095
251.938095238095
242.438095238095
228.580952380952
230.580952380952
234.009523809524
234.842857142857
226.842857142857
221.985714285714
238.17619047619
280.67619047619
261.67619047619
246.723809523809
227.152380952381
203.295238095238
178.7
155.847619047619
141.947619047619
133.104761904762
129.104761904762
127.580952380952
127.438095238095
131.152380952381
151.152380952381
180.92380952381
220.795238095238
256.17619047619
273.509523809524
269.795238095238
267.795238095238
261.033333333333
244.509523809524
232.72380952381
231.485714285714
237.509523809524
241.509523809524
237.509523809524
240.795238095238
264.366666666667
275.795238095238
257.223809523809
242.723809523809
218.22380952381
190.209523809524
166.67619047619
149.009523809524
137.666666666667
133.004761904762
128.704761904762
129.2
133.414285714286
142.842857142857
165.509523809524
207.080952380953
246.080952380953
271.747619047619
271.757142857143
268.414285714286
263.080952380953
249.080952380952
235.080952380952
236.080952380952
237.890476190476
238.652380952381
236.938095238095
235.795238095238
245.009523809523
278.509523809524
267.009523809524
250.67619047619
230.914285714286
205.057142857143
177.752380952381
157.052380952381
153.090476190476
139.247619047619
129.390476190476
127.057142857143
125.271428571429
130.771428571429
151.033333333333
176.604761904762
213.319047619047
247.985714285714
263.580952380952
262.580952380952
256.580952380952
249.771428571428
239.057142857143
230.771428571429
229.723809523809
231.961904761905
238.961904761905
232.67619047619
228.77619047619
246.509523809524
269.509523809524
252.890476190476
239.890476190476
216.938095238096
192.22380952381
170.52380952381
153.62380952381
140.509523809524
128.509523809524
124.604761904762
122.247619047619
124.819047619048
134.247619047619
149.438095238095
165.438095238095
191.438095238095
210.152380952381
218.485714285714
217.628571428571
209.961904761905
196.961904761904
183.961904761905
171.819047619048
170.485714285714
170.914285714286
167.471428571429
164.819047619048
168.319047619048
222.033333333333
230.319047619048
216.22380952381
199.223809523809
180.638095238095
164.538095238096
153.2
138.366666666667
125.795238095238
117.661904761905
113.342857142857
