197.261805555556
195.213194444444
186.359027777778
178.338194444444
194.171527777778
193.060416666667
184.6125
177.911111111111
181.070833333333
180.9875
180.942361111111
177.789583333333
173.185416666667
177.247916666667
175.89375
179.345138888889
177.067361111111
192.254861111111
189.310416666667
183.26875
178.511805555556
194.303472222222
192.164583333333
185.761805555556
178.247916666667
194.83125
193.185416666667
186.414583333333
177.942361111111
193.553472222222
192.539583333333
184.918055555556
178.154166666667
188.098611111111
191.279166666667
185.45625
179.477083333333
179.734027777778
183.164583333333
181.463194444444
179.727083333333
175.782638888889
178.497916666667
176.136805555556
181.317361111111
177.58125
192.088194444444
191.136805555556
186.074305555556
177.852083333333
193.650694444444
192.879861111111
186.150694444444
177.45625
192.303472222222
191.567361111111
185.067361111111
178.553472222222
188.45625
191.164583333333
186.463194444444
178.977083333333
180.865972222222
189.352083333333
184.490972222222
178.720138888889
177.282638888889
181.713194444444
178.372916666667
178.671527777778
174.310416666667
177.223611111111
174.525694444444
180.032638888889
175.595138888889
187.400694444444
185.060416666667
182.490972222222
176.636805555556
185.532638888889
184.900694444444
181.442361111111
176.942361111111
183.295833333333
183.091666666667
179.848611111111
176.508333333333
177.654166666667
183.818055555556
181.45625
177.209722222222
176.525694444444
183.754861111111
180.098611111111
178.369444444444
174.709722222222
179.827777777778
177.369444444444
178.817361111111
173.164583333333
174.240972222222
172.984027777778
178.45625
174.754861111111
179.789583333333
178.963194444444
178.463194444444
174.150694444444
177.310416666667
178.428472222222
176.185416666667
174.431944444444
174.010416666667
179.027083333333
177.411111111111
175.45625
175.01875
179.213194444444
176.865972222222
176.341666666667
173.563888888889
174.900694444444
173.088194444444
176.997916666667
173.20625
175.074305555556
174.168055555556
177.175
172.258333333333
171.890277777778
171.602083333333
175.442361111111
173.282638888889
176.775694444445
179.240972222222
176.324305555556
174.452777777778
175.3
179.911111111111
178.189583333333
176.289583333333
175.744444444444
180.324305555556
178.313888888889
177.595138888889
174.605555555556
180.914583333333
179.400694444444
179.188888888889
174.213194444444
180.942361111111
179.133333333333
180.511805555556
173.935416666667
177.004861111111
175.449305555556
178.484027777778
174.098611111111
172.147222222222
174.392361111111
175.647222222222
175.282638888889
177.01875
183.609027777778
182.282638888889
178.529166666666
177.626388888889
186.522222222222
183.279166666667
179.885416666667
175.803472222222
187.320833333333
185.522222222222
182.668055555556
176.122916666667
188.668055555556
186.570833333333
184.9875
175.817361111111
186.709722222222
184.258333333333
183.973611111111
176.303472222222
178.060416666666
178.685416666667
178.824305555555
176.334722222222
172.334722222222
177.046527777778
176.2375
177.886805555555
178.761805555555
192.58125
188.470138888889
183.76875
178.372916666667
194.699305555556
192.678472222222
186.477083333333
177.754861111111
