109.885714285714
111.885714285714
113.07619047619
122.742857142857
130.457142857143
131.552380952381
142.695238095238
156.695238095238
158.266666666667
159.433333333333
155.861904761905
146.419047619048
138.6
140.1
137.528571428571
134.528571428571
135.980952380952
141.647619047619
149.861904761905
171.361904761905
192.861904761905
187.314285714286
173.2
156.485714285714
137.171428571429
124.171428571429
117.171428571429
113.409523809524
111.647619047619
113.861904761905
122.980952380952
142.004761904762
191.504761904762
215.719047619048
238.852380952381
252.314285714286
251.357142857143
245.219047619048
238.719047619048
226.157142857143
220.6
220.719047619048
222.385714285714
221.742857142857
217.242857142857
210.838095238095
207.766666666667
210.909523809524
219.242857142857
222.790476190476
196.790476190476
182.290476190476
153.62380952381
138.090476190476
131.361904761905
124.004761904762
120.480952380952
120.480952380952
127.338095238095
142.338095238095
168.933333333333
205.719047619048
244.57619047619
272.576190476191
277.957142857143
275.6
270.838095238095
260.004761904762
240.290476190476
237.290476190476
247.147619047619
241.647619047619
236.861904761905
232.933333333333
223.528571428571
214.528571428571
213.328571428571
229.857142857143
222.266666666667
198.766666666667
176.195238095238
150.885714285714
139.385714285714
130.2
126.6
125.504761904762
125.647619047619
130.385714285714
146.885714285714
188.628571428572
218.457142857143
239.314285714286
252.814285714286
255.885714285714
250.385714285714
251.076190476191
235.314285714286
225.171428571429
225.457142857143
228.219047619048
225.719047619048
224.219047619048
212.195238095238
208.219047619048
215.219047619048
227.028571428571
233.552380952381
210.552380952381
189.266666666667
166.8
147.457142857143
134.671428571429
127.861904761905
122.861904761905
121.480952380952
127.623809523809
137.671428571429
153.838095238095
181.409523809524
215.409523809524
249.409523809524
257.504761904762
255.790476190476
248.6
234.980952380952
222.980952380952
222.980952380952
221.361904761905
222.147619047619
223.361904761905
221.671428571429
216.766666666667
223.766666666667
221.338095238095
225.671428571429
217.742857142857
194.6
177.647619047619
151.647619047619
138.314285714286
127.742857142857
121.933333333333
120.933333333333
123.219047619048
133.219047619048
147.028571428571
179.085714285714
207.528571428571
234.361904761904
263.290476190476
264.290476190476
263.290476190476
248.123809523809
236.742857142857
231.457142857143
228.219047619048
224.552380952381
227.552380952381
224.12380952381
218.62380952381
219.766666666667
222.338095238095
210.552380952381
215.052380952381
201.004761904762
183.576190476191
165.314285714286
146.314285714286
128.314285714286
122.314285714286
118.695238095238
117.861904761905
119.861904761905
128.123809523809
142.619047619048
150.719047619048
163.219047619048
182.195238095238
195.266666666666
197.338095238095
190.242857142857
180.957142857143
165.957142857143
162.1
163.1
165.12380952381
165.909523809524
165.547619047619
171.247619047619
175.138095238095
176.909523809524
182.990476190476
184.62380952381
168.695238095238
156.195238095238
145.123809523809
132.6
121.771428571428
114.171428571429
109.419047619048
