116.519526627219
117.019526627219
118.744378698225
126.126035502959
135.951479289941
141.090532544379
136.998816568047
148.498816568047
163.14674556213
172.776923076923
176.549112426035
171.114201183432
156.519526627219
151.519526627219
151.430769230769
147.436686390533
144.590532544379
156.481065088758
185.856804733728
212.969230769231
212.969230769231
205.034319526627
192.543195266272
180.602366863905
166.460355029586
145.809467455621
135.809467455621
128.220710059172
121.736094674556
119.839053254438
124.152662721894
128.883431952663
123.492307692308
200.792307692308
241.549112426036
266.34201183432
276.649704142012
273.072781065089
262.590532544379
265.590532544379
245.868639053254
241.661538461538
244.981065088757
249.188165680473
250.484023668639
246.371597633136
271.371597633136
285.371597633136
274.176331360947
255.489940828402
237.407100591716
210.540236686391
191.04023668639
165.873372781065
148.772781065089
139.18224852071
133.560946745562
129.244378698225
127.821301775148
132.821301775148
143.620118343195
181.612426035503
224.543195266272
255.152662721894
279.975147928994
283.975147928994
282.963313609467
272.365680473373
255.643786982249
243.321301775148
242.2
238.2
243.14674556213
240.040236686391
259.815384615385
280.336094674556
276.566863905325
254.874556213018
248.874556213018
226.076923076923
208.945562130178
187.046153846154
160.105325443787
139.741420118343
133.241420118343
131.134911242604
134.685207100592
136.333136094675
144.140828402367
171.389349112426
222.720710059171
247.520710059172
274.247337278106
285.32426035503
286.27100591716
279.389349112426
262.815384615385
248.815384615385
247.276923076923
247.439644970414
246.460355029586
245.481065088757
248.791715976331
261.833136094675
275.833136094674
262.3775147929
245.389349112426
226.040828402367
206.294674556213
190.989940828402
166.489940828402
143.495266272189
136.424852071006
132.12899408284
126.910059171598
125.913017751479
136.614201183432
155.614201183432
191.418934911242
228.317159763314
261.371597633136
285.282840236686
293.537278106509
295.537278106509
278.152662721893
256.933727810651
243.276923076923
237.395266272189
234.34201183432
235.333136094675
234.833136094675
253.250295857988
269.998816568047
268.23550295858
248.915976331361
231.211834319527
211.411834319527
200.484023668639
174.241420118343
151.702958579882
140.188165680473
133.359763313609
127.359763313609
136.676331360947
139.336094674556
147.170414201183
174.714792899409
217.71124260355
246.531360946746
262.531360946746
271.430769230769
270.276923076923
260.590532544379
245.578698224852
231.194082840237
231.194082840237
239.442603550296
237.711834319527
231.099408284024
244.525443786982
271.549112426036
248.992899408284
260.992899408284
241.244378698224
221
202.850887573964
183.25325443787
161.069822485207
144.069822485207
137.072781065089
134.803550295858
133.510650887574
133.016568047337
136.205917159763
147.809467455621
175.809467455621
190.176331360947
211.537278106509
226.620118343195
227.555029585799
220.543195266272
198.543195266272
185.892307692308
176.898224852071
172.022485207101
170.868639053254
172.673372781065
177.842011834319
192.34201183432
224.779881656804
229.537278106509
214.732544378699
199.28875739645
188.981065088758
166.981065088757
150.484023668639
137.859171597633
127.779881656805
120.614201183432
116.430769230769
