198.166666666667
197.666666666667
184.619047619048
174.190476190476
160.547619047619
139.809523809524
125
116
115.142857142857
113.97619047619
117.690476190476
133.547619047619
162.380952380952
175.380952380952
212.809523809524
247.095238095238
259.452380952381
253.285714285714
246.5
244
224.357142857143
225.190476190476
228.97619047619
228.452380952381
225.071428571429
220.071428571429
222.071428571429
250.785714285714
262.261904761905
251.97619047619
230.547619047619
204.595238095238
179.595238095238
160.166666666667
144.333333333333
133.166666666667
126.809523809524
123.690476190476
124.190476190476
131.47619047619
146.619047619048
168.285714285714
197.952380952381
234.523809523809
256.52380952381
259.47619047619
253.857142857143
247.571428571429
238.571428571429
225.928571428571
225.428571428571
225.928571428571
233.309523809524
236.119047619048
232.547619047619
236.738095238095
273.928571428571
254.928571428571
237.642857142857
216.309523809524
194
173.4
153.714285714286
133.214285714286
127.642857142857
125.785714285714
124.785714285714
125.285714285714
131.142857142857
151.142857142857
177.809523809524
221.190476190476
249.976190476191
259.02380952381
258.5
251.5
244.5
228.190476190476
221.142857142857
223.714285714286
227.690476190476
225.261904761905
224.261904761905
223.261904761905
250.928571428572
264.738095238095
247.02380952381
228.166666666667
210.666666666667
184.571428571428
162.928571428572
146.990476190476
135.52380952381
126.880952380952
120.380952380952
122.452380952381
128.380952380952
138.809523809524
156.380952380952
185.952380952381
234.952380952381
253.952380952381
256.761904761905
254.52380952381
251.52380952381
244.952380952381
227.809523809524
227.809523809524
226.52380952381
228.02380952381
227.690476190476
225.547619047619
231.571428571428
271.071428571429
247.690476190476
233.190476190476
220.333333333333
202.566666666667
181.880952380952
152.880952380952
138.261904761905
130.380952380952
127.238095238095
126.619047619048
127.47619047619
131.97619047619
150.976190476191
175.642857142857
207.833333333333
240.833333333333
261.738095238095
256.880952380952
254.880952380952
247.738095238095
234.404761904762
225.785714285714
225.428571428571
225.095238095238
221.595238095238
220.719047619048
220.547619047619
243.019047619048
266.452380952381
250.523809523809
232.023809523809
209.238095238095
183.190476190476
164.190476190476
150.428571428572
136.952380952381
129.952380952381
123.952380952381
118.761904761905
120.880952380952
128.02380952381
137.738095238095
153.690476190476
184.690476190476
206.519047619048
211.952380952381
209.238095238095
204.166666666667
194.119047619048
174.119047619047
163.166666666667
160.380952380952
158.019047619048
155.952380952381
159.095238095238
163.095238095238
209.000000000001
210.52380952381
198.380952380952
186.347619047619
173.314285714286
159.714285714286
146.114285714286
130.895238095238
122.476190476191
117.447619047619
112.547619047619
112.285714285714
108.785714285714
118.571428571429
117.238095238095
118.761904761905
131.761904761905
146.97619047619
159.476190476191
162.02380952381
163.523809523809
156.904761904762
145.071428571429
138.857142857143
140.357142857143
132.809523809524
130.142857142857
132.857142857143
155.309523809523
197.214285714286
