173.597046046916
189.476281494353
186.994092093831
179.216507384883
172.954126846221
177.84986967854
173.847263249348
173.782971329279
170.782102519548
167.769070373588
169.756907037359
169.988879235447
170.96629018245
172.237358818419
180.84986967854
177.75864465682
172.627454387489
170.756038227628
181.579669852302
178.789921807124
177.209556907037
169.625716768028
181.190443092963
178.711468288445
176.94022589053
169.656993918332
180.399304952215
179.042745438749
177.666550825369
170.547958297133
178.027975673327
177.454995655951
172.683058210252
169.162641181581
168.625716768028
171.451086012163
170.054039965248
168.954995655951
165.368027801911
167.872458731538
167.244309296264
169.579582971329
169.16090356212
181.625716768028
178.424152910513
175.740834057341
172.594439617724
181.532232841008
178.445004344049
176.084882710686
170.643092962641
179.474543874891
177.736055603823
175.286012163336
171.421546481321
177.419374456994
178.03145091225
173.702172024327
171.82919200695
176.12180712424
177.906342311034
170.047089487402
167.795134665508
165.913292788879
168.276455256299
166.39461337967
167.966463944396
164.995829713293
165.631798436142
164.10964378801
168.492788879235
166.025369244136
169.699913119027
168.35638575152
170.066203301477
165.178279756733
165.664465682016
164.44022589053
169.473675065161
166.223370981755
169.496264118158
170.600521285838
168.898523023458
167.250651607298
168.140920938315
170.029278887924
168.292093831451
167.39461337967
167.637011294526
171.047523892268
168.864639443962
168.519982623805
166.184361424848
167.918940052129
166.738662033015
169.917636837533
165.305125977411
166.218245004344
165.218245004344
171.650912250217
166.194787141616
174.416333622937
174.545786272806
173.904604691573
167.722502172024
173.208688097307
173.919200695048
171.319026933102
167.313814074718
170.814248479583
174.483231972198
172.631103388358
170.108601216334
168.943701129453
176.804691572545
173.314682884448
170.600695047784
168.428062554301
177.153953084274
174.092006950478
172.571850564726
167.231277150304
172.882884448306
169.588792354474
173.663075586447
166.177410947003
167.362467419635
167.159860990443
172.398088618592
167.398088618593
177.78470894874
179.640052128584
175.477150304083
170.088792354474
174.302519548219
180.632232841008
177.805560382276
172.915899218071
171.82380538662
182.346828844483
178.531885317115
176.254735013032
170.328583840139
183.47280625543
179.946307558645
175.934144222415
167.760382276282
184.05664639444
180.690008688097
179.830755864466
168.79687228497
176.019287576021
172.478019113814
175.453692441355
168.499913119027
166.960642919201
169.232145960035
171.466724587316
168.650564726325
174.185577758471
181.746481320591
179.202606429192
173.824674196351
171.708253692442
185.989748045178
181.307732406603
177.727367506516
169.5370981755
185.736055603823
182.448479582971
178.892441355343
169.080973066898
187.258905299739
185.334665508254
181.600521285838
169.817723718506
186.87593397046
183.10877497828
181.675238922676
171.555343179844
173.214769765422
173.790790616855
174.792528236316
169.804691572546
166.656993918332
171.094874022589
169.876802780191
171.605734144223
172.356385751521
186.071850564726
182.717810599479
178.085751520417
170.107906168549
188.170460469157
185.304778453519
179.961077324066
169.68045178106
190.632667245873
184.954995655951
182.844656820157
