90.6468531468531
109.646853146853
124.437062937063
136.031468531468
146.031468531469
152.01048951049
154.171328671329
152.101398601399
140.101398601399
135.402097902098
134.772727272727
131.772727272727
128.772727272727
127.423076923077
128.451048951049
131.451048951049
138.143356643357
146.926573426573
154.926573426573
172.744755244755
182.674825174825
178.527972027972
167.527972027972
154.660839160839
140.325174825175
124.825174825175
117.081818181818
112.474825174825
109.922377622378
109.022377622378
111.206293706294
113.129370629371
108.129370629371
143.156643356643
189.248251748251
238.164335664336
257.164335664336
263.437062937063
261.723776223776
257.723776223776
251.206293706294
244.646853146853
238.982517482517
240.982517482517
242.982517482517
244.248251748252
243.248251748252
238.017482517483
230.674825174825
222.017482517483
220.017482517483
217.367132867133
216.129370629371
220.129370629371
220.716783216783
208.444055944056
182.115384615385
167.115384615385
148.171328671329
131.828671328671
128.828671328671
126.688811188811
125.15034965035
124.339160839161
126.339160839161
123.688811188811
131.55034965035
174.95034965035
215.402097902098
248.842657342657
272.744755244755
268.744755244755
269.041258741259
269.423076923077
264.423076923077
251.118881118881
243.086013986014
242.947552447552
251.947552447552
254.842657342657
252.325174825175
243.325174825175
242.255244755245
242.255244755245
240.576923076923
220.576923076923
214.283216783217
216.003496503496
222.003496503497
204.024475524476
183.024475524476
162.079020979021
141.679020979021
130.555944055944
124.437062937063
120.437062937063
120.912587412587
123.402097902098
126.814685314685
124.814685314685
150.087412587413
188.891608391609
231.891608391609
261.36013986014
275.765734265734
276.451048951049
274.451048951049
271.038461538462
263.038461538462
246.038461538461
246.311188811189
252.905594405594
261.77972027972
253.77972027972
257.192307692308
259.213286713287
248.213286713287
242.70979020979
235.122377622378
227.618881118881
238.618881118881
227.29020979021
207.29020979021
187.29020979021
170.059440559441
152.534965034965
136.045454545455
130.045454545454
125.5
122.157342657343
120.157342657343
126.527972027972
128.744755244755
131.926573426573
168.926573426574
221.346153846154
266.926573426574
287.926573426573
291.122377622378
290.968531468531
289.388111888112
290.388111888112
275.08041958042
260.590909090909
258.590909090909
261.311188811189
263.22027972028
263.339160839161
258.339160839161
255.583916083916
256.381118881119
262.381118881119
251.262237762238
245.339160839161
241.416083916084
221.416083916084
208.968531468532
192.013986013986
162.513986013986
148.821678321678
135.821678321678
124.735664335664
123.635664335664
121.697202797203
122.151748251748
127.251748251748
124.534965034965
149.29020979021
194.786713286714
237.786713286714
264.632867132867
281.073426573427
288.073426573427
288.269230769231
284.828671328671
277.255244755245
262.255244755245
256.56993006993
254.325174825175
253.325174825175
255.947552447552
251.856643356643
243.038461538462
235.038461538462
229.388111888112
222.84965034965
213.84965034965
211.751748251748
215.038461538462
215.996503496504
190.996503496503
173.898601398601
158.115384615385
141.115384615384
131.066433566433
124.038461538461
119.625874125874
117.625874125874
119.611888111888
116.433566433566
