203.385714285714
198.885714285714
186.290476190476
174.885714285714
161.314285714286
142.790476190476
126.457142857143
123.457142857143
119.6
117.266666666667
120.290476190476
131.719047619048
152.385714285714
179.385714285714
217.695238095238
247.552380952381
257.838095238095
252.838095238095
245.266666666667
234.266666666667
219.933333333333
216.480952380952
220.766666666667
225.028571428571
223.838095238095
221.838095238095
220.838095238095
252.219047619048
262.12380952381
250.266666666667
231.838095238095
208.814285714286
185.314285714286
160.528571428571
141.195238095238
129.933333333333
124.57619047619
120.290476190476
122.790476190476
127.552380952381
143.266666666667
164.314285714286
194.314285714286
236.957142857143
259.457142857143
263.861904761905
259.514285714286
253.057142857143
240.647619047619
222.62380952381
223.62380952381
221.62380952381
222.861904761905
220.528571428571
221.742857142857
237.552380952381
270.980952380952
252.980952380952
236.695238095238
215.361904761905
193.742857142857
173.571428571429
152.004761904762
145.004761904762
133.028571428571
124.457142857143
126.1
131.6
131.957142857143
149.457142857143
174.1
212.052380952381
242.909523809524
257.219047619048
256.885714285714
250.885714285714
247.885714285714
228.695238095238
219.314285714286
218.742857142857
218.980952380952
219.838095238095
217.838095238095
219.266666666667
247.933333333333
260.409523809524
241.552380952381
225.504761904762
209.004761904762
185.266666666667
165.052380952381
147.6
134.6
128.957142857143
125.457142857143
125.290476190476
128.338095238095
140.62380952381
160.266666666667
186.433333333333
232.433333333333
247.433333333333
255.147619047619
253.1
245.242857142857
232.909523809524
211.338095238095
218.338095238095
218.052380952381
220.885714285714
221.6
219.314285714286
224.266666666667
257.266666666667
249.552380952381
239.695238095238
220.219047619048
194.219047619048
174.433333333333
155.933333333333
138.385714285714
131.171428571429
126.028571428571
124.6
129.933333333333
132.433333333333
147.433333333333
176.195238095238
214.385714285714
246.528571428571
261.004761904762
260.814285714286
256.814285714286
248.528571428571
232.861904761905
223.147619047619
224.933333333333
228.980952380952
223.980952380952
219.704761904762
217.933333333333
238.504761904762
260.004761904762
245.147619047619
234.147619047619
204.576190476191
187.409523809524
167.838095238096
149.052380952381
140.219047619048
134.219047619048
133.219047619048
129.790476190476
129.814285714286
138.1
151.719047619048
158.790476190476
187.290476190476
208.07619047619
216.242857142857
213.266666666667
203.409523809524
191.12380952381
176.123809523809
165.647619047619
161.361904761905
159.1
157.433333333333
158.361904761905
164.861904761905
206.600000000001
212.385714285714
203.528571428571
189.290476190476
172.552380952381
167.552380952381
150.552380952381
140.838095238095
129.433333333334
119.147619047619
114.219047619048
112.838095238095
113.838095238095
119.552380952381
115.052380952381
116.957142857143
134.242857142857
155.909523809524
164.909523809524
170.290476190476
168.861904761905
160.671428571429
148.071428571429
134.785714285714
124.585714285715
121.242857142857
122.814285714286
128.385714285714
149.790476190476
187.695238095238
