202.472189349112
200.472189349112
190.551479289941
179.927810650888
169.927810650887
157.930769230769
140.960946745562
129.860946745562
121.369230769231
115.961538461538
113.738461538462
116.166272189349
125.241420118343
141.241420118343
191.620118343195
233.034319526627
265.880473372781
284.513609467456
288.097041420118
287.18224852071
283.18224852071
265.07573964497
259.459171597633
261.294674556213
266.38224852071
276.081656804734
288.081656804734
289.472189349112
279.537278106509
267.134911242603
255.549112426035
238.895266272189
204.105325443787
183.605325443787
171.571597633136
151.140828402367
135.584615384615
132.407100591716
134.756213017751
132.756213017751
135.016568047337
146.294674556213
180.300591715976
220.673372781065
249.844970414201
282.356804733728
282.456804733728
276.126035502959
268.294674556213
255.022485207101
241.939644970414
243.55798816568
250.057988165681
251.448520710059
259.158579881657
274.498816568047
285.099408284024
278.365680473373
260.353846153846
241.353846153846
212.413017751479
191.732544378698
174.563313609467
155.502958579882
139.371597633136
135.371597633136
136.839053254438
134.472189349112
133.466272189349
136.301775147929
150.839053254438
208.639053254438
236.318343195266
264.95325443787
276.981065088757
274.898224852071
266.188165680473
252.995857988166
237.495857988166
234.951479289941
240.342011834319
245.708875739645
250.768047337278
262.563905325444
289.063905325444
279.927810650888
269.927810650888
250.785798816568
226.637869822485
204.365680473373
184.448520710059
165.848520710059
153.028402366864
138.536094674556
130.416568047337
128.865680473373
127.158579881657
132.658579881657
145.63550295858
185.057988165681
229.395266272189
263.81124260355
283.318343195266
291.176331360947
284.176331360947
278.720710059172
260.16449704142
247.442603550296
249.904142011834
257.282840236686
260.282840236686
263.282840236686
287.489940828402
292.661538461538
276.123076923077
255.933727810651
236.768047337278
210.768047337278
196.699408284024
171.894674556213
151.229585798817
140.902958579882
128.158579881657
132.658579881657
129.312426035503
130.859763313609
140.2
164.078698224852
205.809467455621
252.655621301775
273.655621301775
269.569822485207
261.986982248521
254.120118343195
243.939644970414
232.827218934911
230.827218934911
236.975147928994
240.726627218935
249.149704142012
265.844970414201
283.711834319527
279.211834319527
258.407100591716
249.478106508876
223.285798816568
196.389349112426
183.19349112426
166.330177514793
147.330177514793
137.205917159763
134.543195266272
130.898224852071
127.776923076923
132.276923076923
136.776923076923
162.140828402367
181.451479289941
205.288757396449
221.73550295858
220.507692307692
213.686390532544
206.486390532544
189.0224852071
175.444970414201
170.12899408284
170.784615384615
173.454437869823
185.454437869823
219.365680473373
230.28875739645
227.134911242603
212.697041420118
192.024852071006
183.05798816568
169.55798816568
154.013017751479
141.055029585799
130.768047337278
122.220710059172
114.839053254438
108.339053254438
121.285207100592
123.336094674556
126.448520710059
128.756213017752
129.028402366864
150.916568047337
166.616568047338
174.307100591716
172.531360946746
163.960355029586
154.16449704142
148.704733727811
143.604733727811
138.871597633136
148.259171597633
174.590532544379
199.51124260355
204.284023668639
