110.204761904762
125.204761904762
146.680952380952
161.014285714286
168.3
171.157142857143
166.77619047619
154.776190476191
141.233333333333
129.833333333333
123.061904761905
121.77619047619
125.204761904762
132.704761904762
173.228571428572
194.371428571429
196.942857142857
189.609523809524
179.395238095238
167.895238095238
145.919047619048
130.428571428571
119.185714285714
112.419047619048
111.180952380952
113.180952380952
124.180952380952
131.942857142857
155.038095238095
192.966666666667
231.990476190476
252.32380952381
249.32380952381
242.038095238095
233.704761904762
223.538095238095
214.966666666667
215.061904761905
216.061904761905
219.32380952381
214.609523809524
207.133333333333
217.133333333333
252.990476190476
239.990476190476
228.419047619048
209.680952380952
191.82380952381
173.085714285714
150.704761904762
135.204761904762
127.204761904762
121.633333333333
121.27619047619
122.490476190476
127.585714285714
151.038095238095
183.538095238095
213.466666666667
233.3
242.109523809524
242.395238095238
238.82380952381
239.32380952381
222.180952380952
215.32380952381
214.47619047619
215.942857142857
218.8
214.8
210.895238095238
242.728571428571
253.157142857143
239.538095238095
226.1
210.8
188.8
165.990476190476
145.157142857143
131.442857142857
125.919047619048
122.061904761905
121.061904761905
127.347619047619
138.847619047619
156.633333333333
184.133333333333
223.180952380952
253.180952380952
241.561904761905
234.133333333333
236.942857142857
233.942857142857
210.942857142857
211.942857142857
211.990476190476
211.228571428571
205.657142857143
202.561904761905
214.680952380952
250.680952380952
252.680952380952
234.442857142857
211.442857142857
191.442857142857
174.847619047619
156.542857142857
142.142857142857
130.228571428571
124.728571428571
122.942857142857
123.514285714286
129.442857142857
148.942857142857
171.609523809524
205.323809523809
232.847619047619
246.180952380952
248.895238095238
243.895238095238
234.133333333333
222.07619047619
217.204761904762
220.566666666667
226.547619047619
227.347619047619
216.847619047619
210.8
228.085714285714
242.8
233.895238095238
219.228571428571
211.228571428571
185.657142857143
162.423809523809
146.871428571428
137.071428571428
128.590476190476
127.890476190476
126.014285714286
130.442857142857
137.704761904762
151.371428571429
179.871428571429
223.371428571429
249.728571428571
253.133333333333
244.033333333333
236.638095238095
235.028571428571
217.228571428571
218.328571428571
221.209523809524
223.085714285714
221.514285714286
216.276190476191
212.561904761904
254.561904761905
251.990476190476
237.657142857143
218.061904761905
193.919047619047
167.776190476191
149.77619047619
144.895238095238
135.32380952381
125.942857142857
121.109523809524
121.252380952381
125.252380952381
137.347619047619
146.8
165.871428571429
188.985714285714
203.804761904762
210.204761904762
200.704761904762
190.8
177.085714285715
164.514285714286
159.371428571429
163.133333333333
162.133333333333
164.561904761905
162.228571428571
181.990476190477
214.561904761905
209.966666666667
194.966666666666
179.966666666667
168.538095238095
155.919047619048
143.085714285714
134.228571428571
123.228571428572
118.419047619048
115.061904761905
115.490476190476
120.966666666667
125.514285714286
