223.271428571429
220.571428571429
209.776190476191
199.8
187.771428571429
168.009523809524
140.557142857143
136.057142857143
126.842857142857
122.17619047619
122.557142857143
127.414285714286
136.819047619048
145.319047619048
195.890476190477
254.819047619047
287.819047619048
291.985714285714
288.271428571429
283.271428571429
280.176190476191
266.509523809524
258.080952380952
256.080952380952
255.071428571429
258.271428571429
278.271428571428
292.604761904762
289.509523809524
274.152380952381
255.533333333333
236.414285714286
214.914285714286
199.842857142857
182.842857142857
163.390476190476
146.319047619048
138.342857142857
135.342857142857
132.342857142857
141.7
153.747619047619
174.747619047619
221.604761904762
291.604761904762
297.795238095238
295.842857142857
288.914285714286
278.271428571429
265.295238095238
250.295238095238
250.295238095238
250.7
255.533333333333
270.747619047619
291.961904761905
298.485714285714
285.485714285714
269.914285714286
252.914285714286
230.414285714286
207.7
197.247619047619
177.747619047619
149.380952380952
138.72380952381
139.033333333333
138.866666666667
133.152380952381
138.152380952381
157.152380952381
194.604761904762
239.490476190476
275.390476190476
289.533333333333
283.033333333333
279.033333333333
270.580952380952
256.561904761905
248.247619047619
250.961904761905
252.914285714286
257.914285714286
273.628571428571
289.461904761905
296.128571428571
286.771428571429
261.271428571429
245.271428571429
223.390476190476
203.390476190476
183.395238095238
165.195238095238
152.866666666667
143.366666666667
137.2
133.485714285714
135.342857142857
144.842857142857
167.604761904762
219.104761904762
258.604761904762
279.890476190476
289.461904761905
286.319047619048
273.985714285714
266.666666666667
252.966666666667
255.038095238095
261.938095238095
268.033333333333
277.17619047619
296.985714285714
295.985714285714
286.842857142857
266.485714285714
248.009523809524
233.17619047619
215.390476190476
201.890476190476
174.961904761905
162.52380952381
151.852380952381
140.247619047619
132.842857142857
134.342857142857
144.842857142857
153.480952380952
184.152380952381
234.438095238095
281.72380952381
294.2
296.2
287.485714285714
273.919047619048
260.533333333333
251.461904761905
248.795238095238
249.295238095238
248.438095238095
266.723809523809
276.485714285714
269.985714285714
259.842857142857
245.842857142857
231.366666666667
210.390476190476
197.676190476191
186.314285714286
164.747619047619
143.747619047619
134.747619047619
128.17619047619
135.176190476191
137.961904761905
129.580952380952
138.523809523809
166.323809523809
190.866666666667
205.866666666667
215.176190476191
218.319047619048
209.604761904762
203.604761904762
191.271428571429
183.271428571429
179.576190476191
176.842857142857
177.271428571429
210.271428571429
219.461904761905
222.128571428571
216.842857142857
208.861904761905
202.2
187.2
169.2
158.485714285714
145.152380952381
130.438095238095
118.795238095238
111.114285714285
95.8142857142858
110
121.366666666667
128.866666666667
136.509523809524
146.461904761904
174.961904761905
183.557142857143
187.2
185.509523809524
176.842857142857
163.014285714286
156.214285714286
159.985714285714
163.066666666667
183.938095238096
207.009523809524
211.414285714286
