92.5857142857143
109.585714285714
126.585714285714
139.871428571429
146.157142857143
144.966666666667
139.966666666667
134.966666666667
129.966666666667
124.966666666667
119.490476190476
115.204761904762
115.3
116.3
121.82380952381
132.109523809524
154.061904761905
173.395238095238
168.966666666667
161.966666666667
141.633333333333
131.452380952381
123.966666666667
116.728571428571
111.680952380952
110.680952380952
115.680952380952
123.271428571429
141.252380952381
175.538095238095
216.395238095238
233.633333333333
235.633333333333
232.490476190476
226.890476190476
217.82380952381
211.052380952381
216.466666666667
213.466666666667
219.514285714286
217.228571428571
208.609523809524
200.609523809524
197.752380952381
189.752380952381
216.038095238095
209.828571428571
192.871428571429
170.157142857143
144.042857142857
142.942857142857
135.942857142857
131.371428571429
129.228571428571
127.8
128.419047619048
137.942857142857
157.942857142857
200.228571428571
225.561904761905
237.514285714286
243.085714285714
240.32380952381
230.32380952381
218.061904761905
226.133333333333
232.9
230.966666666667
227.666666666667
216.566666666667
211.27619047619
205.514285714286
197.8
200.304761904762
214.990476190476
201.990476190476
197.990476190476
159.990476190476
144.2
140.657142857143
129.371428571429
121.133333333333
128.133333333333
129.990476190476
136.990476190476
148.895238095238
171.180952380952
212.466666666667
237.466666666667
243.557142857143
245.442857142857
241.204761904762
229.871428571429
217.014285714286
223.014285714286
225.204761904762
224.004761904762
212.319047619048
200.985714285714
202.204761904762
205.204761904762
193.204761904762
207.919047619048
207.252380952381
194.538095238095
182.157142857143
165.442857142857
150.442857142857
135.357142857143
126.990476190476
125.32380952381
126.180952380952
124.942857142857
130.942857142857
158.657142857143
197.228571428571
228.228571428571
243.895238095238
247.895238095238
245.895238095238
240.085714285714
231.8
228.514285714286
231.419047619048
235.514285714286
231.514285714286
220.514285714286
216.8
218.514285714286
216.514285714286
208.180952380952
204.895238095238
195.895238095238
186.895238095238
167.228571428571
146.514285714286
134.771428571429
132.633333333333
120.633333333333
124.919047619048
125.919047619048
132.77619047619
150.142857142857
177.228571428572
222.228571428572
248.085714285714
254.014285714286
251.728571428571
240.490476190476
222.442857142857
225.442857142857
230.442857142857
224.919047619048
224.347619047619
224.061904761905
218.061904761905
212.204761904762
209.204761904762
206.204761904762
211.871428571429
207.585714285714
191.585714285714
184.233333333334
164.033333333333
145.009523809524
134.609523809524
129.704761904762
124.371428571429
116.071428571429
117.971428571429
122.82380952381
129.347619047619
154.061904761906
183.680952380952
197.966666666667
204.966666666667
202.966666666667
192.871428571428
178.952380952381
166.938095238095
160.919047619048
160.728571428571
156.728571428571
158.557142857143
156.757142857143
157.466666666667
162.32380952381
165.847619047619
183.847619047619
176.514285714286
163.657142857143
152.904761904762
141.704761904762
124.847619047619
114.847619047619
108.657142857143
105.704761904762
103.133333333333
102.038095238095
101.371428571429
