115.174852071006
115.674852071006
119.441124260355
125.397337278106
131.252958579882
135.553550295858
139.731065088758
154.731065088758
173.778402366864
187.908579881657
192.98550295858
186.748816568047
172.322781065089
165.822781065089
162.760650887574
165.192603550296
172.192603550296
189.615680473373
212.89674556213
219.876035502959
219.376035502959
208.296153846154
192.444674556213
178.387869822485
164.239940828402
144.849408284024
131.849408284024
122.99674556213
120.701479289941
118.408579881657
121.328698224852
135.474852071006
157.849408284024
201.849408284024
241.357100591716
274.509171597633
292.831656804734
298.580769230769
300.890828402367
283.890828402367
266.890828402367
258.668934911243
260.997337278107
267.015088757396
271.080177514793
279.346449704142
296.346449704142
286.692603550296
271.198520710059
252.754142011834
230.796153846154
206.908579881657
183.908579881657
163.695562130177
147.796153846154
136.95
129.252958579882
123.849408284024
125.944082840237
135.944082840237
156.299112426036
189.505621301775
232.482544378698
274.837573964497
301.470710059172
305.470710059172
298.535798816568
288.352366863905
274.630473372781
263.322781065089
260.322781065089
257.322781065089
270.725147928994
274.254142011834
285.991420118343
293.784319526627
283.629289940828
259.775443786982
247.275443786982
220.658284023669
195.766568047337
173.583136094675
153.955917159763
138.042307692308
127.842307692308
127.600887573964
125.222189349112
128.926331360947
141.82573964497
168.555325443787
218.299112426035
275.099112426035
294.855325443787
301.670710059172
301.305029585799
296.654142011834
288.29674556213
265.69674556213
264.760650887574
267.396153846154
271.742899408284
275.926331360947
282.07426035503
298.03875739645
290.03875739645
272.772485207101
252.151183431953
231.486094674556
210.393786982248
186.642307692308
164.642307692308
147.816863905325
136.467159763314
129.751775147929
127.009171597633
129.908579881657
143.96775147929
160.46775147929
199.234023668639
241.642899408284
276.121597633136
293.713313609467
290.713313609467
287.713313609467
279.174852071006
264.997337278107
254.00325443787
251.476627218935
257.802071005917
269.695562130178
263.695562130178
286.071301775148
290.606804733728
273.041124260355
250.276627218935
240.115680473373
221.115680473373
200.305029585799
176.05650887574
154.05650887574
140.559467455621
135.772485207101
124.7724852071
125.630473372781
130.654142011834
146.594970414201
177.483727810651
220.928698224852
265.89674556213
286.89674556213
290.145266272189
284.103846153846
272.500295857988
256.813905325444
240.583136094675
239.583136094675
244.405621301775
251.766568047337
256.145266272189
268.648224852071
290.204437869822
292.287278106509
260.287278106509
239.768934911242
220.968934911243
200.30798816568
178.606804733728
159.559467455621
146.559467455621
136.893786982248
128.93224852071
124.654142011834
124.867159763314
130.600295857988
144.665976331361
168.665976331361
190.109763313609
211.778402366864
227.955917159763
234.938165680473
233.163017751479
218.163017751479
199.423372781065
187.487278106509
184.476627218935
186.09201183432
187.977218934911
193.876035502958
227.376035502959
240.435207100592
235.766568047337
221.195562130178
205.257692307692
193.05650887574
179.05650887574
161.846449704142
149.115680473373
135.91449704142
124.216272189349
118.491420118343
