172.512152777778
187.144097222222
186.821180555556
179.078125
172.230902777778
174.265625
175.696180555556
175.116319444444
172.255208333333
167.241319444444
171.713541666667
169.921875
174.151041666667
170.706597222222
186.526041666667
183.970486111111
178.171875
172.776041666667
188.428819444444
186.970486111111
180.567708333333
172.331597222222
188.713541666667
187.262152777778
180.539930555556
172.164930555556
186.352430555556
186.567708333333
179.092013888889
172.473958333333
180.654513888889
185.404513888889
180.237847222222
173.845486111111
173.498263888889
178.067708333333
175.637152777778
174.144097222222
170.407986111111
172.623263888889
170.359375
176.026041666667
171.255208333333
186.262152777778
185.748263888889
181.123263888889
172.026041666667
187.776041666667
186.762152777778
179.595486111111
171.678819444444
185.560763888889
185.741319444444
179.192708333333
172.873263888889
180.845486111111
185.241319444444
180.831597222222
173.491319444444
174.234375
183.623263888889
179.102430555556
173.137152777778
171.512152777778
176.032986111111
172.546875
173.428819444445
168.380208333333
171.251736111111
168.845486111111
174.352430555556
169.776041666667
181.282986111111
179.137152777778
176.130208333333
170.810763888889
178.914930555556
178.977430555556
175.470486111111
171.456597222222
176.303819444445
177.411458333333
174.605902777778
170.876736111111
171.397569444444
178.342013888889
175.800347222222
171.651041666667
170.664930555556
177.928819444444
175.098958333333
172.932291666667
168.800347222222
173.855902777778
171.494791666667
173.137152777778
167.345486111111
168.123263888889
167.109375
172.678819444444
169.074652777778
172.977430555556
173.234375
171.810763888889
168.373263888889
170.637152777778
172.699652777778
170.407986111111
168.848958333333
167.953125
173.390625
171.876736111111
169.727430555556
169.164930555556
173.289930555556
171.088541666667
170.758680555556
167.585069444444
168.831597222222
167.359375
171.366319444444
167.338541666667
168.907986111111
168.196180555556
171.713541666667
166.383680555556
165.869791666667
166.019097222222
168.303819444444
167.505208333333
170.324652777778
173.414930555556
170.887152777778
168.772569444444
169.300347222222
174.230902777778
172.382986111111
170.706597222222
169.831597222222
174.644097222222
172.512152777778
172.352430555556
168.480902777778
174.894097222222
173.769097222222
173.848958333333
168.345486111111
174.921875
173.282986111111
175.123263888889
168.206597222222
170.616319444444
169.662152777778
171.491319444444
168.564236111111
165.967013888889
168.648958333333
169.335069444444
169.699652777778
170.588541666667
178.171875
176.796875
173.286458333333
171.612847222222
180.842013888889
177.842013888889
174.919791666666
169.546875
181.543402777778
179.987847222222
177.425347222222
170.234375
182.511458333333
180.647569444444
179.647569444444
169.942708333333
179.653125
178.480902777778
177.126736111111
170.769097222222
171.470486111111
173.102430555556
172.706597222222
170.946180555556
166.744791666666
171.366319444444
170.168402777778
172.644097222222
172.317708333334
186.657986111111
183.276041666666
178.817708333334
171.970486111111
188.921875
187.095486111111
181.088541666667
171.678819444444
189.046875
186.633680555556
184.838541666667
