132.320895522388
136.261194029851
145.111940298507
158.611940298507
160.111940298507
150.34328358209
148.201492537314
143.231343283582
158.291044776119
180.320895522388
170.082089552239
154.164179104478
139.061194029851
136.35671641791
137.201492537313
156.15671641791
193.634328358208
214.037313432836
211.891044776119
199.082089552239
199.485074626866
200.768656716418
201.305970149254
210.532835820896
194.350746268657
171.462686567164
152.634328358209
141.514925373134
139.473134328358
151.619402985074
182.305970149253
218.143283582089
218.661194029851
208.492537313433
195.753731343284
197.791044776119
193.246268656716
215.358208955224
200.873134328358
179.828358208955
157.097014925373
147.10447761194
141.470149253731
146.992537313433
169.449253731343
204.679104477612
211.39552238806
203.365671641791
194.111940298507
198.962686567164
193.708955223881
198.276119402985
208.320895522388
185.537313432836
163.738805970149
147.171641791045
141.753731343284
142.649253731343
160.888059701492
193.335820895522
209.932835820896
206.440298507463
196.574626865672
194.15671641791
193.34776119403
191.522388059701
211.082089552239
197.037313432836
169.288059701492
150.925373134328
143.425373134328
141.246268656716
152.094029850746
180.089552238806
213.679104477612
208.813432835821
200.559701492537
192.492537313433
194.5
190.126865671642
211.126865671642
200.567164179104
173.111940298507
157.174626865672
141.455223880597
140.261194029851
143.410447761194
154.425373134328
178.171641791045
187.037313432836
178.350746268657
164.761194029851
160.291044776119
162.097014925373
178.126865671641
185.626865671642
174.111940298507
156.250746268657
146.619402985075
142.440298507463
137.186567164179
140.522388059702
138.589552238806
152.201492537313
160.679104477612
157.671641791045
149.097014925373
148.141791044776
147.097014925373
165.037313432836
176.365671641791
164.785074626866
147.568656716418
137.940298507463
136.858208955224
148.05223880597
180.559701492537
205.723880597015
205.729850746269
196.232835820896
189.753731343284
194.723880597015
187.5
183.214925373134
198.111940298508
182.171641791045
157.297014925373
144.949253731343
139.640298507463
144.611940298507
171.649253731343
198.574626865672
210.05223880597
200.888059701492
194.529850746269
192.134328358209
187.544776119403
185.268656716418
195.380597014925
189.39552238806
164.201492537313
145.843283582089
139.843283582089
142.111940298507
155.007462686567
189.835820895522
207.694029850746
203.313432835821
192.888059701492
193.768656716418
193.708955223881
188.067164179104
197.097014925373
195.664179104478
171.380597014926
150.5
142.858208955224
141.10447761194
148.664179104477
181.977611940298
207.962686567164
208.723880597015
202.619402985074
199.201492537314
193.634328358209
191.268656716418
191.932835820896
197.807462686567
175.84328358209
157.059701492537
142.932835820896
139.425373134328
145.938805970149
172.022388059701
203.305970149255
210.60447761194
207.60447761194
195.186567164179
199.992537313433
198.402985074627
198.888059701493
201.798507462686
180.962686567164
160.908955223881
144.977611940298
139.111940298507
138.082089552239
149.94776119403
169.276119402985
185
179.186567164179
168.701492537313
160.858208955224
161.768656716418
163.634328358209
173.776119402985
176.977611940298
160.305970149254
147.186567164179
135.977611940298
