168.717979197623
180.146656760773
202.643684992571
192.562704309064
191.615453194651
189.015156017831
183.502526002972
170.122139673105
175.00029717682
201.768499257058
195.939375928678
194.804903417533
188.85765230312
184.368796433878
170.483209509658
172.618424962853
201.05676077266
196.483209509658
193.632986627043
187.81456166419
187.172659732541
171.17117384844
170.551560178306
187.169687964339
187.553046062407
178.569390787519
178.553046062407
185.166716196137
170.506983655275
165.611738484398
169.007726597325
178.915601783061
170.744725111441
170.324219910847
184.853194650817
170.49955423477
165.553046062407
186.710698365527
199.212778603269
192.969093610698
190.47132243685
194.749182763744
176.031500742942
169.489153046062
182.031500742942
199.795245170877
191.053789004458
192.872511144131
191.796731054978
177.052303120357
170.560475482912
179.690490341753
199.704606240713
191.911144130758
190.70014858841
190.850222882615
181.425260029718
168.563447251114
176.022585438336
201.636255572065
194.839821693908
192.952748885587
188.820505200594
185.584249628529
169.781872213967
174.509212481426
200.753640416048
194.590936106984
191.541158989599
187.287072808321
184.126597325409
169.976523031203
170.673402674591
188.613224368499
187.668945022288
177.900742942051
178.762555720654
182.452748885587
169.940861812778
165.941604754829
168.747696879643
177.603566121843
172.012184249629
174.136998514116
184.405943536404
168.859138187221
166.735809806835
189.746953937593
201.781872213967
192.808618127786
188.547102526003
193.538187221397
174.536701337296
169.28558692422
185.759583952452
199.572362555721
191.564933135216
189.463893016345
193.454977711738
175.466864784547
168.376225854383
182.306389301635
200.878454680535
191.835364041605
192.581277860327
189.293759286776
178.394056463596
169.055274888559
176.147399702823
202.260326894502
192.388112927192
191.105052005944
185.312332838039
179.241010401189
166.860624071322
168.153343239227
176.599108469539
175.810104011887
169.211292719168
172.457949479941
175.731352154532
165.887369985141
165.934918276374
180.429717682021
178.480237741456
172.113224368499
177.241010401189
177.602080237741
166.007726597325
163.116196136701
167.663001485884
173.603566121843
168.807132243685
171.639227340268
180.878454680535
167.194947994057
166.530757800892
191.572362555721
196.769985141159
191.890341753343
187.113224368499
189.769242199108
171.398514115899
167.726894502229
185.502526002972
198.090193164933
191.862109955423
188.738781575037
193.918573551263
173.834769687964
167.187518573551
179.137741456167
197.419316493314
190.943833580981
188.096879643388
189.72838038633
176.12956909361
165.6852897474
163.58573551263
174.722436849926
169.906686478455
166.14294205052
172.284101040119
173.083506686478
164.200891530461
169.92897473997
189.218722139673
184.267756315007
183.737295690936
182.104309063893
179.290044576523
166.768499257058
168.239524517088
183.373997028232
178.070133729569
173.911144130758
175.28558692422
178.32867756315
167.035958395245
165.183060921248
167.648142644874
171.952748885587
167.60059435364
167.848736998514
179.541158989599
166.775185735513
166.509955423477
193.284843982169
198.120653789004
194.673402674591
190.010698365527
188.322734026746
171.909658246657
167.67191679049
191.514413075779
204.082020802378
195.446062407132
189.865081723626
192.025557206538
173.25646359584
