201.74403892944
203.439902676399
203.28296836983
202.885766423358
204.813381995134
202.601703163017
204.076763990268
202.736739659368
201.645498783455
204.984914841849
204.648540145985
201.941727493917
201.919221411192
202.663138686131
204.745255474453
204.283576642336
201.544525547445
202.306082725061
204.765936739659
201.556690997567
204.210583941606
203.067639902676
201.132116788321
201.384549878345
201.615085158151
204.815815085158
203.542092457421
201.166180048662
204.06703163017
203.888199513382
202.346228710462
203.86204379562
201.865693430657
204.397323600973
203.706326034063
201.220924574209
204.017153284672
203.28600973236
201.284184914842
204.138199513382
202.25802919708
204.131508515815
202.032360097324
201.216666666667
204.587712895377
203.489781021898
201.266545012165
202.441727493917
202.599878345499
202.636374695864
204.003771289538
201.804866180049
203.514111922141
201.587712895377
201.28296836983
204.134549878345
203.322506082725
201.09501216545
201.253771289538
202.319464720195
204.380900243309
203.969099756691
201.65401459854
201.879075425791
203.419829683698
201.610218978102
204.339537712895
203.366301703163
201.175060827251
204.308515815085
202.099878345499
205.265328467153
203.571897810219
201.260462287105
203.981265206813
203.462408759124
202.539659367397
204.118734793187
201.574695863747
202.382725060827
203.231265206813
201.412530413625
203.825547445256
201.949635036496
201.026885644769
203.979440389294
202.332238442822
203.933819951338
201.901581508516
201.048175182482
204.104136253041
202.730656934307
201.3900243309
202.035279805353
202.057299270073
203.179562043796
204.273844282238
201.722141119221
202.703892944039
200.596836982968
201.409489051095
204.022627737226
203.106569343066
200.835888077859
201.284793187348
201.734914841849
203.699270072993
202.801824817518
201.085888077859
201.034184914842
202.039051094891
200.94902676399
201.97700729927
201.408272506083
200.350486618005
201.087104622871
200.537834549878
200.649756690998
200.865693430657
200.564598540146
201.838321167883
201.849270072993
201.332846715329
201.631508515815
200.8699513382
202.668613138686
202.468491484185
200.944160583942
202.717274939173
202.197201946472
201.629075425791
203.727615571776
201.914355231144
204.147931873479
201.665571776156
200.919829683698
203.953892944039
203.76897810219
201.420437956205
202.034184914842
202.145498783455
203.847445255474
203.689902676399
201.351703163017
203.364476885645
203.009245742093
201.213625304136
203.995863746959
203.25498783455
202.41496350365
201.309124087591
201.611678832117
204.693552311436
203.726399026764
201.253163017032
202.075547445256
203.81094890511
202.188077858881
204.438686131387
202.341605839416
201.710583941606
204.405231143552
201.596836982968
204.859610705596
204.40401459854
201.220924574209
203.925304136253
202.803649635036
204.08102189781
204.127858880779
201.369951338199
204.867518248175
204.927737226277
201.401581508516
202.192335766423
202.650364963504
203.350486618005
205.039051094891
201.96301703163
205.11204379562
204.152798053528
201.17104622871
205.133941605839
204.480048661801
201.990389294404
202.90097323601
202.252554744525
205.113625304136
205.34501216545
201.647931873479
203.784793187348
203.738564476886
201.865693430657
204.426155717762
203.239172749392
203.35900243309
202.697810218978
201.802433090024
205.659489051095
205.526277372263
