111.947604790419
114.947604790419
122.92245508982
139.561377245509
150.067365269461
145.929640718563
147.076946107784
160.376946107784
176.690119760479
183.821856287425
179.372754491018
168.325449101797
160.872155688623
163.472155688623
165.576347305389
180.465568862275
197.145209580838
205.117664670659
209.444610778443
206.444610778443
202.60628742515
192.839820359281
178.953592814371
163.978143712575
148.97754491018
131.97754491018
124.330838323353
119.63622754491
119.276946107784
123.148203592814
127.815868263473
150.815868263473
192.354790419161
244.498502994011
276.724850299401
280.585329341317
280.905688622754
278.905688622754
264.666167664671
251.372754491018
245.12125748503
245.684131736527
247.558383233533
248.058383233533
261.40868263473
284.672155688623
293.013473053892
280.252994011976
263.157185628743
245.157185628743
221.498502994012
199.160179640719
183.394311377246
172.103293413174
157.639820359282
139.339820359282
139.516467065868
136.884730538922
136.761976047904
143.586526946108
160.702095808383
208.802095808383
266.953592814371
287.914670658683
292.570359281437
293.923652694611
291.660179640719
287.660179640719
263.109281437126
253.681137724551
258.803892215569
269.767964071856
279.061377245509
296.061377245509
301.708083832335
300.345808383234
283.899700598803
260.785928143713
243.306886227545
217.806886227545
201.408682634731
176.282934131737
164.775149700599
158.47754491018
140.335628742515
128.935628742515
129.079341317365
140.316467065868
149.887724550898
171.354790419162
220.510479041917
279.510479041916
301.094910179641
305.835628742515
305.959580838323
303.351796407186
294.103293413174
274.103293413174
268.516467065868
277.511077844312
282.00748502994
288.229041916167
301.971556886228
302.908682634731
293.40868263473
274.208083832335
257.899700598802
238.082335329341
210.845808383233
191.716467065868
165.516467065868
153.016467065868
141.83502994012
136.309880239521
137.989520958084
133.818862275449
140.318862275449
150.564371257485
182.256586826347
231.714071856288
278.654191616767
293.113473053892
295.213473053892
289.630239520958
285.86377245509
271.962574850299
251.510479041916
255.172155688623
261.672155688623
271.169161676647
282.486526946108
293.149401197605
298.534431137724
292.579341317365
273.079341317365
251.755988023952
229.217065868263
210.947604790419
195.523652694611
174.128443113773
157.528443113772
147.178143712575
137.336826347305
133.642215568862
138.223053892216
147.037425149701
159.037425149701
193.788922155689
249.001497005989
288.145209580838
300.300898203593
304.630239520958
298.630239520958
289.917664670659
272.085329341317
262.546407185629
264.23502994012
266.315868263473
276.815868263473
293.270958083833
296.258982035928
291.675149700599
278.384730538922
253.02245508982
242.52245508982
216.708083832335
201.761976047904
184.067365269461
163.755988023952
151.100299401198
140.600299401198
131.040419161677
130.079341317365
129.354790419162
133.648203592815
151.797904191617
170.797904191617
209.791916167665
221.875748502994
231.001497005988
238.354790419162
233.612275449102
227.612275449102
206.669161676647
195.516467065868
191.782934131737
192.211077844311
195.513473053892
205.013473053892
223.785928143713
236.169161676647
232.148203592814
218.989520958084
206.133233532934
185.133233532934
174.013473053892
158.745209580838
144.360778443114
132.744011976048
123.540419161676
