100.595238095238
117.595238095238
134.595238095238
146.023809523809
151.880952380952
153.690476190476
151.214285714286
139.214285714286
134.071428571429
130.738095238095
130.119047619048
130.690476190476
128.166666666667
130.166666666667
133.976190476191
148.047619047619
168.190476190476
180.52380952381
172.238095238095
156.238095238095
142.142857142857
128.904761904762
118.761904761905
113.047619047619
111.428571428571
111.428571428571
116.428571428571
116.571428571429
136.557142857143
173.357142857143
210.833333333333
232.738095238095
232.738095238095
235.309523809524
233.642857142857
224.880952380952
215.166666666667
216.547619047619
221.547619047619
222.02380952381
214.880952380952
206.452380952381
200.452380952381
195.452380952381
184.452380952381
196.309523809524
203.214285714286
191.642857142857
167.37619047619
145.285714285714
134.285714285714
127.285714285714
122.714285714286
121.190476190476
123.333333333333
126.666666666667
126.133333333333
154.933333333333
194.190476190476
227.190476190476
242.380952380952
242.380952380952
242.095238095238
239.095238095238
224.333333333333
217.261904761905
220.833333333333
227
224.428571428571
215.428571428571
209.285714285714
203.285714285714
195
191.857142857143
198.333333333333
198.333333333333
186.533333333333
166.47619047619
148.809523809524
135.952380952381
127.380952380952
123.47619047619
121.47619047619
124.619047619048
125.285714285714
137.52380952381
169.523809523809
212.809523809524
239.809523809524
245.095238095238
246.666666666667
244.52380952381
236.190476190476
223.47619047619
224.47619047619
230.238095238095
230.142857142857
218.428571428571
207.428571428571
208.666666666667
206.666666666667
203.666666666667
207.952380952381
201.571428571429
191
180.523809523809
156.180952380952
140.980952380952
130.409523809524
124.47619047619
122.857142857143
124.428571428571
126.47619047619
119.47619047619
153.914285714286
194.285714285714
225.333333333333
240
239.857142857143
238.857142857143
238.809523809524
224.333333333333
219.047619047619
224.428571428571
228.904761904762
226.904761904762
216.904761904762
210.952380952381
204.714285714286
196
189.642857142857
198.261904761905
209.261904761905
193.004761904762
173.404761904762
154.404761904762
138.547619047619
131.023809523809
128.02380952381
126.833333333333
130.119047619048
126.214285714286
134.147619047619
180.261904761905
216.261904761905
238.928571428571
243.785714285714
240.142857142857
237.190476190476
235.952380952381
220.952380952381
225.952380952381
228.52380952381
228.666666666667
223.809523809524
214.047619047619
205.285714285714
201.285714285714
193
192
198.809523809524
201.809523809524
184.52380952381
164.523809523809
148.142857142857
137.142857142857
130.342857142857
125.47619047619
121.619047619048
124.619047619048
115.238095238095
128.095238095238
153.809523809524
181.142857142857
200.523809523809
204.52380952381
201.32380952381
194.238095238095
182.52380952381
170.238095238095
161.428571428572
156.904761904762
161.904761904762
161.761904761905
160.361904761905
160.952380952381
162.809523809524
162.285714285714
166.285714285714
178.428571428571
170
157.714285714286
146.380952380952
129.809523809524
121.809523809524
118.285714285714
112.928571428572
109.785714285714
105.738095238095
98.2428571428571
