199.880769230769
199.380769230769
193.164792899408
188.513905325444
180.207396449704
165.274260355029
149.642899408284
130.342899408284
124.264201183432
121.883727810651
121.608579881657
125.690236686391
138.176627218935
162.176627218935
191.087869822485
235.265384615384
268.803846153846
285.701479289941
289.494970414201
283.719230769231
275.419230769231
255.481360946745
249.551775147929
251.741715976331
255.73875739645
259.851183431953
258.851183431953
257.368934911243
278.129289940829
279.13224852071
263.874852071006
245.297928994083
211.052366863905
202.052366863905
176.465384615384
159.833431952663
149.975443786982
143.921597633136
142.922189349112
139.922189349112
143.73875739645
154.655917159763
180.993195266272
219.173668639053
256.370710059172
276.966568047337
274.466568047337
267.312721893491
263.421597633136
252.323372781065
236.951775147929
236.351183431953
242.851183431953
245.635207100592
244.780177514793
246.715088757396
261.939940828402
286.031656804734
277.377810650888
255.877810650887
226.093786982248
213.297928994083
199.536390532544
174.555325443787
155.123372781065
141.123372781065
141.70325443787
142.975443786982
141.253550295858
146.529881656805
170.502071005917
205.002071005917
244.969526627219
275.484911242604
286.348224852071
284.806804733728
277.452366863905
263.144674556213
276.344674556213
257.736390532545
251.028698224852
249.517455621302
247.294970414201
246.513905325444
249.513905325444
278.484319526627
271.928106508876
253.734023668639
231.876035502959
209.377810650888
194.223964497041
176.623964497042
161.300887573965
148.377810650888
138.922189349112
135.339349112426
138.768343195266
141.768343195266
158.092603550296
186.929881656805
228.223964497041
264.496153846154
279.257100591716
275.836982248521
269.636982248521
263.179585798817
251.620414201184
244.005029585799
243.866568047337
245.318639053254
244.318639053254
239.084911242604
237.523372781065
263.912721893491
281.838165680473
258.993195266272
248.531656804734
219.031656804734
208.016863905325
189.28550295858
167.147041420118
148.587869822485
133.493786982248
130.193786982248
137.509171597633
142.084911242604
153.56124260355
176.593786982248
210.744674556213
256.098520710059
276.898520710059
277.300887573965
272.022781065089
264.883727810651
254.886686390532
241.61449704142
235.81449704142
246.129289940828
251.415680473373
251.046449704142
249.111538461539
253.401479289941
278.401479289941
269.606213017751
255.336390532544
230.951775147929
208.070118343195
192.797928994083
173.663017751479
152.763017751479
141.537573964497
139.283136094675
137.679585798817
136.546449704142
142.123372781065
153.623372781065
160.75650887574
189.792011834319
215.73875739645
227.75650887574
226.507988165681
218.460650887574
218.460650887574
199.324556213017
182.129289940829
173.516863905325
171.63224852071
170.836390532544
171.336390532544
172.789053254438
210.8275147929
228.194378698225
219.371893491124
203.66775147929
183.987278106509
172.987278106509
168.292603550296
155.53224852071
141.289053254438
128.568934911243
114.259467455621
117.759467455621
117.239349112426
121.549408284024
120.164792899408
120.087869822485
133.381360946746
155.564792899408
165.764792899408
169.623964497041
168.709171597633
162.683727810651
150.28550295858
133.600295857988
139.400295857988
133.002071005917
132.17899408284
141.152958579882
164.590828402367
197.454733727811
