195.577810650888
191.577810650888
179.820414201183
172.968343195266
159.625147928994
136.820414201183
123.317455621302
115.317455621302
113.163609467456
118.107396449704
123.210946745562
131.447633136095
151.435798816568
181.435798816568
225.187278106509
252.412130177515
258.79674556213
257.388461538462
258.642899408284
256.471301775148
237.471301775148
224.642899408284
226.607396449704
231.003846153846
226.039349112426
211.776035502959
213.276035502959
247.568934911243
246.749408284024
239.335207100592
224.187278106509
198.264201183432
183.81449704142
160.31449704142
143.293786982248
130.696153846154
123.175443786982
121.370710059172
124.76124260355
130.76124260355
148.122189349113
170.320414201184
203.388461538462
236.529881656805
254.181360946746
253.018639053254
246.518639053254
242.134023668639
227.861834319527
216.989053254438
219.423964497041
230.009763313609
231.00976331361
228.293786982248
227.90325443787
243.018639053255
257.77899408284
249.568934911243
226.116272189349
206.616272189349
184.216863905325
160.571893491124
142.571893491124
131.710946745562
122.110355029586
121.110355029586
121.021597633136
128.299704142012
142.110355029586
160.734615384615
185.252366863906
223.752366863906
247.838165680473
252.382544378698
247.051183431953
240.99201183432
233.696153846154
215.85
217.85
221.636982248521
223.506804733728
221.873668639053
216.157692307692
214.347041420119
250.347041420119
247.293786982249
232.986094674556
214.767159763314
195.341124260355
174.613313609467
152.092603550296
137.192603550296
129.210946745562
124.287869822485
122.83224852071
126.435798816568
135.861834319527
147.861834319527
165.613313609467
201.441715976331
234.157692307692
249.317455621302
245.74349112426
236.784911242604
228.784911242604
211.347041420118
206.85
210.577810650888
213.116272189349
209.74349112426
203.74349112426
196.802662721894
224.642899408284
236.666568047337
230.228698224852
222.397337278107
199.88550295858
176.88550295858
155.481952662722
142.657692307692
132.737573964497
124.716863905325
124.790828402367
121.290828402367
126.560059171598
142.175443786982
157.003846153846
178.568934911243
214.134023668639
236.997928994083
236.997928994083
234.941715976331
231.483136094675
220.648816568048
205.459467455621
201.613313609467
209.613313609467
204.486094674556
196.90325443787
192.672485207101
200.193195266272
221.134023668639
232.134023668639
215.465384615384
196.051183431952
178.536390532544
161.003846153846
143.793786982248
133.258284023669
122.258284023669
119.246449704142
119.710946745562
122.252366863905
126.629289940828
131.790828402367
131.790828402367
158.962426035503
179.092603550296
186.83224852071
184.471301775148
177.116272189349
168.855917159763
164.855917159763
152.157692307692
143.648816568047
141.672485207101
143.352958579882
144.216863905325
144.216863905325
183.752366863906
191.790828402367
183.932840236686
169.92100591716
155.657692307692
150.909171597633
139.409171597633
128.335207100592
118.003846153846
112.855917159763
111.648816568047
108.477218934911
111.477218934911
117.749408284024
122.746449704142
119.009763313609
115.932840236686
124.737573964497
136.551183431953
138.051183431953
136.631065088757
128.447633136095
115.778994082841
105.045266272189
102.79674556213
102.79674556213
101.879585798817
100.879585798817
103.731656804734
118.169526627219
144.601479289941
