219.985714285714
219.485714285714
209.271428571429
193.8
179.2
165.938095238095
145.795238095238
132.795238095238
123.480952380952
120.247619047619
118.319047619048
119.247619047619
132.133333333333
153.433333333333
195.271428571429
235.557142857143
270.009523809524
292.342857142857
298.228571428572
303.428571428571
287.485714285714
270.485714285714
260.057142857143
259.7
266.747619047619
269.747619047619
277.747619047619
293.033333333333
290.533333333333
275.390476190476
258.17619047619
236.938095238095
212.938095238095
189.795238095238
168.795238095238
151.414285714286
138.771428571429
130.847619047619
123.647619047619
124.771428571429
132.485714285714
149.033333333333
177.066666666667
217.366666666667
264.866666666667
294.747619047619
304.7
301.842857142857
292.7
280.747619047619
264.747619047619
261.747619047619
258.747619047619
265.961904761905
274.190476190476
279.390476190476
296.295238095238
291.295238095238
269.32380952381
252.723809523809
232.7
205.771428571428
182.509523809524
161.509523809524
144.128571428571
131.985714285714
127.128571428571
126.128571428571
124.7
132.7
151.652380952381
193.857142857143
247.442857142857
288.128571428571
300.514285714286
303.914285714286
299.914285714286
294.295238095238
278.019047619048
265.104761904762
265.914285714286
269.390476190476
274.390476190476
277.67619047619
290.009523809524
295.104761904762
284.019047619048
264.961904761905
243.461904761905
223.5
200.7
177.747619047619
157.580952380952
142.052380952381
132.352380952381
127.604761904762
126.533333333333
134.533333333333
149.485714285714
171.033333333333
214.033333333333
256.133333333334
285.2
293.247619047619
290.247619047619
285.819047619048
276.485714285714
260.485714285714
252.2
253.2
261.533333333333
268.390476190476
265.67619047619
294.176190476191
288.747619047619
266.319047619048
248.209523809524
235.67619047619
216.390476190476
195.390476190476
170.104761904762
149.557142857143
139.414285714286
133.057142857143
124.342857142857
125.342857142857
131.342857142857
150.295238095238
184.861904761905
229.090476190476
269.747619047619
289.795238095238
290.795238095238
283.22380952381
270.890476190476
254.509523809524
240.652380952381
240.22380952381
245.22380952381
252.938095238095
256.652380952381
271.747619047619
291.080952380952
289.938095238095
257.938095238095
238.509523809524
219.709523809524
198.795238095238
177.247619047619
158.580952380952
145.580952380952
136.080952380952
128.2
124.104761904762
124.461904761905
130.390476190476
144.580952380952
168.580952380952
190.009523809524
211.676190476191
227.961904761905
235.104761904762
233.676190476191
218.67619047619
200.057142857143
187.771428571429
184.247619047619
185.914285714286
187.542857142857
192.942857142857
225.104761904762
239.938095238095
236.938095238095
222.842857142857
206.390476190476
194.390476190476
180.390476190476
163.557142857143
150.080952380953
137.366666666666
124.509523809524
118.580952380952
114.080952380952
115.152380952381
120.485714285714
127.485714285714
131.628571428571
131.085714285714
153.885714285715
171.438095238095
183.438095238095
189.247619047619
186.580952380952
174.895238095238
165.095238095238
162.723809523809
162.247619047619
165.676190476191
181.961904761904
210.961904761905
