113.845266272189
117.345266272189
117.334023668639
120.839349112426
120.993195266272
118.786094674556
130.730473372781
153.130473372781
164.557692307692
169.316272189349
169.040532544379
163.831656804734
152.557692307692
133.357692307692
138.713905325444
133.889644970414
131.989644970414
139.377810650888
160.093786982249
196.271301775148
206.271301775148
197.315680473373
185.466568047337
176.297928994083
164.065384615385
141.567159763314
126.567159763313
121.212130177515
119.336390532544
120.726923076923
124.845266272189
134.537573964497
157.584911242604
181.584911242604
222.86301775148
253.934023668639
267.502071005917
266.30325443787
257.36124260355
243.46124260355
234.294970414201
234.631065088757
236.439349112426
239.459467455621
243.239349112426
237.407396449704
233.807396449704
267.522781065089
271.175443786982
256.506804733728
237.928106508876
210.670710059172
197.170710059172
175.867159763314
155.75650887574
143.845266272189
137.428698224852
132.808579881657
138.433431952663
146.133431952663
161.537573964497
180.794970414201
213.064201183432
251.972485207101
269.679585798817
260.679585798817
256.235798816568
252.963609467456
242.83224852071
234.348224852071
239.010946745562
242.110946745562
242.129289940828
235.23875739645
233.951775147929
252.262426035503
275.312721893491
258.04349112426
249.54349112426
224.335207100592
201.679585798817
177.877810650888
155.770710059171
143.332840236686
137.532840236686
134.954733727811
134.833431952663
142.037573964497
154.389644970414
171.164792899408
199.289053254438
245.289053254438
267.206213017751
270.475443786982
266.975443786982
262.499112426035
254.223964497041
235.223964497041
239.709171597633
241.72100591716
243.904437869822
241.106804733728
232.492603550296
234.341715976331
272.041715976331
262.80976331361
251.54349112426
234.939940828402
213.016863905325
196.935798816568
173.235798816568
153.957692307692
140.638165680473
134.877810650888
133.768343195266
136.16775147929
149.601479289941
160.301479289941
186.629881656805
223.61449704142
255.715088757397
269.593786982249
263.786094674556
263.786094674556
251.878402366864
237.573076923077
232.673668639053
235.300887573964
236.732840236686
235.707988165681
230.507988165681
230.571893491124
254.202662721893
269.042899408284
258.052366863905
245.176627218935
218.176627218935
200.954142011834
178.545857988166
159.56124260355
148.046449704142
141.218047337278
135.218047337278
137.123372781065
148.780177514793
160.605621301775
176.797928994083
205.106804733728
245.70325443787
262.70325443787
268.342307692308
270.781952662722
263.265384615385
247.434023668639
233.764792899408
230.164792899408
232.581360946746
230.380769230769
230.803846153846
230.442899408284
235.975443786982
272.759467455622
261.259467455622
248.715680473373
222.768343195267
198.664792899408
181.757692307693
165.041124260355
157.741124260355
142.534023668639
131.626331360947
132.202071005917
136.924556213018
138.691420118343
145.868934911243
157.868934911243
184.780177514793
208.262426035503
218.815680473373
216.552366863905
208.75650887574
198.75650887574
182.212130177515
170.848224852071
164.188461538461
162.188461538462
163.786094674556
163.857100591716
167.857100591716
207.399112426035
221.715088757396
210.300887573965
190.436982248521
174.191420118343
164.691420118343
146.570118343196
133.466568047337
124.942899408284
121.010946745562
120.281952662722
