108.404761904762
111.404761904762
120.47619047619
133.452380952381
138.738095238095
137.095238095238
152.571428571429
167.571428571428
170.142857142857
166.97619047619
159.119047619048
149.404761904762
142.571428571429
132.571428571429
123.47619047619
123.047619047619
132.333333333333
156.166666666667
192.380952380952
196.880952380952
197.095238095238
192.52380952381
180.238095238095
162.857142857143
145.333333333333
129.833333333333
124.333333333333
118.428571428571
115.833333333333
118.547619047619
128.642857142857
149.238095238095
181.738095238095
218.523809523809
248.02380952381
257.333333333333
250.119047619048
244.166666666667
219.666666666667
219.323809523809
221.595238095238
222.166666666667
220.166666666667
216.309523809524
213.309523809524
217.928571428571
248.071428571429
254.642857142857
239.547619047619
224.880952380952
198.880952380952
182.880952380952
150.285714285714
135.885714285714
134.571428571429
131.619047619048
126.047619047619
129.047619047619
133.761904761905
144.761904761905
165.428571428571
198.285714285714
241.095238095238
263.095238095238
259.309523809524
259.238095238095
256.133333333333
244.666666666667
228.952380952381
226.952380952381
235.428571428571
232.619047619048
227.547619047619
223.928571428571
230.261904761905
276.261904761905
259.261904761905
243.071428571428
222.861904761905
198.047619047619
172.690476190476
154.333333333333
138.833333333333
136.619047619048
130.285714285714
126.261904761905
128.97619047619
134.666666666667
151.666666666667
182.238095238095
216.738095238095
248.204761904762
265.571428571429
261.857142857143
256.857142857143
249
233.380952380952
222.238095238095
219.666666666667
223.428571428571
230.428571428571
219.428571428571
228.1
254.833333333333
266.690476190476
248.642857142857
233.166666666666
208.166666666667
187.452380952381
166.119047619048
149.595238095238
139.380952380952
130.738095238095
130.238095238095
129.285714285714
132.214285714286
143.523809523809
163.02380952381
189.52380952381
234.02380952381
254.238095238095
257.619047619048
254.97619047619
249
237.380952380952
218.880952380952
221.380952380952
225.904761904762
230.285714285714
228.714285714286
223.047619047619
229.690476190476
269.190476190476
259.404761904762
244.738095238095
228.404761904762
205.97619047619
179.619047619048
173.619047619048
143.733333333334
134.47619047619
132.119047619048
128.619047619048
128.119047619048
133.619047619048
150.071428571428
183.833333333333
219.119047619047
251.428571428571
276.571428571429
272.571428571429
264.571428571429
258.595238095238
245.666666666666
233.309523809524
228.404761904762
225.690476190476
228.690476190476
226.547619047619
226.214285714286
244.595238095238
267.380952380952
253.285714285715
238.285714285714
212.880952380953
192.809523809524
172.166666666667
153.8
145.285714285714
134.285714285714
129.47619047619
125.738095238095
129.095238095238
139.309523809524
152.880952380952
168.880952380952
189.880952380952
213.309523809524
219.047619047619
215.047619047619
210.904761904762
199.571428571428
181.571428571429
169.571428571429
164.904761904762
161.738095238095
158.738095238095
161.404761904762
170.404761904762
211.071428571428
220.071428571429
211.404761904762
198.071428571429
181.928571428571
164.928571428572
152.309523809524
139.452380952381
132.166666666667
126.538095238095
117.838095238095
