106.228571428571
117.728571428571
125.990476190476
134.419047619048
137.204761904762
137.419047619048
155.776190476191
171.27619047619
183.77619047619
188.442857142857
181.109523809524
168.32380952381
164.680952380952
159.680952380952
156.038095238095
163.609523809524
186.085714285714
208.919047619048
212.847619047619
213.347619047619
205.27619047619
192.204761904762
174.847619047619
158.471428571429
147.228571428571
136.228571428571
124.228571428571
120.32380952381
120.8
124.728571428571
133.490476190476
151.009523809524
198.909523809524
252.895238095238
278.561904761905
285.942857142857
286.657142857143
280.704761904762
275.204761904762
258.847619047619
257.061904761905
258.157142857143
260.32380952381
269.395238095238
269.895238095238
289.442857142857
288.228571428571
273.371428571429
254.133333333333
235.466666666667
213.966666666667
190.966666666667
174.766666666667
154.657142857143
138.228571428571
133.490476190476
135.442857142857
126.442857142857
133.728571428571
169.728571428572
201.966666666667
223.82380952381
264.3
290.3
294.314285714286
289.8
276.776190476191
261.109523809524
251.609523809524
245.109523809524
248.609523809524
252.609523809524
263.466666666667
281.752380952381
298.990476190476
295.990476190476
264.990476190476
248.561904761905
228.442857142857
206.514285714286
186.157142857143
160.442857142857
146.442857142857
139.728571428571
134.895238095238
131.585714285714
132.728571428571
142.014285714286
154.014285714286
202.747619047619
247.633333333333
279.585714285714
294.585714285714
293.3
290.3
281.585714285714
259.252380952381
249.038095238095
251.038095238095
252.847619047619
253.847619047619
258.847619047619
287.971428571429
293.8
277.728571428571
258.252380952381
244.680952380952
219.680952380953
198.109523809524
184.042857142857
171.157142857143
154.442857142857
137.204761904762
146.204761904762
136.657142857143
135.514285714286
145.061904761905
171.895238095238
221.109523809524
268.609523809524
299.442857142857
301.633333333333
297.704761904762
294.942857142857
286.466666666667
258.966666666667
260.766666666667
265.561904761905
268.585714285714
272.871428571429
285.038095238095
308.919047619048
300.419047619048
275.633333333333
255.8
232.657142857143
205.085714285714
186.171428571429
168.071428571429
150.514285714286
139.657142857143
131.3
127.966666666667
135.252380952381
144.252380952381
150.395238095238
190.604761904762
233.847619047619
268.3
294.085714285714
304.085714285714
295.585714285714
292.347619047619
273.633333333333
259.419047619048
262.419047619048
257.919047619048
263.419047619048
267.204761904762
285.438095238095
296.228571428571
284.585714285714
258.966666666667
246.466666666666
223.561904761905
203.133333333333
188.009523809524
173.609523809524
154.038095238095
137.038095238095
131.942857142857
129.728571428571
132.8
139.3
149.704761904762
176.704761904762
197.704761904762
217.085714285714
229.585714285714
230.371428571428
221.942857142857
216.2
195.6
180.314285714286
176.847619047619
176.990476190476
177.033333333333
185.27619047619
225.276190476191
242.204761904762
237.419047619048
224.395238095238
208.561904761905
188.490476190476
170.990476190477
157.77619047619
144.776190476191
134.633333333333
126.442857142857
117.657142857143
