111.899700598802
117.899700598802
126.306886227545
132.282934131737
131.803892215569
131.720059880239
157.504491017964
165.504491017964
172.282934131736
174.773952095808
168.905688622755
156.124251497006
147.755988023952
144.755988023952
142.582335329341
142.468562874251
149.073353293413
169.845808383233
211.336826347305
212.336826347305
209.983532934132
197.372754491018
181.366766467066
166.148203592814
146.12245508982
135.52245508982
127.983532934132
123.920658682635
121.875748502994
123.336826347305
134.175149700599
158.175149700599
192.35
222.300898203593
253.504491017964
279.130239520958
276.881736526946
277.881736526946
264.019461077844
246.666167664671
236.330838323353
236.160179640718
240.031437125749
237.031437125749
232.258982035928
242.752994011976
265.40868263473
279.031437125749
258.270958083832
239.770958083832
213.815868263473
187.926646706587
167.205089820359
153.037425149701
143.414670658683
136.914670658683
129.959580838323
126.166167664671
127.270958083832
136.690119760479
160.881736526946
215.881736526946
243.032634730539
269.426646706587
283.252994011976
285.582335329341
286.738023952096
275.738023952096
255.583532934132
250.839820359281
249.684131736527
247.366766467066
245.935628742515
241.935628742515
254.776347305389
275.088323353293
276.654191616767
261.684131736527
245.69131736527
218.891317365269
193.336826347305
170.422455089821
152.881736526946
141.986526946108
136.067365269461
128.067365269461
129.282934131737
132.714071856287
142.175149700599
171.142215568862
221.205089820359
251.005089820359
275.109281437126
279.10628742515
280.247005988024
276.241017964072
259.938023952096
238.138023952096
240.49251497006
237.019461077844
238.00748502994
237.791916167665
233.415868263473
243.375748502994
279.875748502994
267.064371257485
250.809880239521
232.042215568862
204.462574850299
184.935628742515
163.935628742515
147.447604790419
136.618263473054
130.744011976048
128.540419161677
129.23502994012
136.23502994012
154.471556886228
191.157185628743
225.791916167665
248.187125748503
276.761976047904
272.761976047904
270.450598802395
263.923652694611
251.77994011976
239.426646706587
237.495508982036
227.995508982036
233.480538922156
231.929640718563
232.714670658683
248.52245508982
278.833832335329
256.833832335329
242.214071856287
222.141616766467
200.875748502994
181.462574850299
161.196107784431
143.696107784431
135.438622754491
128.097305389222
125.447604790419
128.09131736527
132.97754491018
156.97754491018
199.714071856288
228.043413173653
252.522455089821
273.187125748503
276.025449101796
273.025449101796
261.887724550898
243.528443113772
233.217065868263
231.815868263473
228.510479041916
234.510479041916
232.539820359281
238.965568862275
256.519461077844
268.085329341317
251.89371257485
230.89371257485
211.00748502994
199.097305389221
183.435628742515
163.142814371257
147.157185628742
143.157185628743
132.10628742515
128.031437125748
130.618263473054
140.09131736527
157.588323353293
183.588323353294
192.450598802395
218.558383233533
229.675149700599
225.073353293413
220.133233532934
205.133233532934
186.758982035928
174.773952095809
170.747005988024
170.318862275449
168.318862275449
166.318862275449
178.959580838323
212.97754491018
224.226047904191
211.851796407186
196.336826347305
187.336826347305
184.26497005988
165.851796407185
153.726047904192
143.785928143712
125.001497005987
