161.564186851211
174.64723183391
203.169723183391
195.571107266436
191.667993079585
185.353114186851
190.360034602076
168.45
160.636851211073
167.232006920415
196.823702422145
195.578027681661
191.183564013841
185.85830449827
185.709515570934
177.399826989619
163.259688581315
162.299826989619
189.121280276816
199.692214532872
190.318512110727
190.854844290657
186.21124567474
181.681833910035
166.941349480969
163.294290657439
176.920588235294
198.384256055363
190.678373702422
192.617128027682
187.519204152249
184.802941176471
171.767647058824
160.792560553633
160.553806228374
183.709515570934
178.865224913495
170.474221453287
171.232006920415
173.657612456747
170.49152249135
160.162802768166
156.318512110727
160.363494809688
169.370415224913
165.751038062284
161.114359861592
167.508823529412
174.06937716263
160.997404844291
159.003633217993
176.659342560553
197.079757785467
191.83062283737
188.962110726644
185.889446366782
185.031314878893
166.730276816609
163.093598615917
166.986332179931
198.484602076125
195.211245674741
192.664532871972
187.764878892734
184.809861591695
173.657612456747
163.26660899654
162.827162629758
193.26107266436
196.87214532872
191.405017301038
189.828892733564
184.526124567474
181.740657439446
166.4776816609
163.917128027682
183.654152249135
198.254498269896
193.529584775087
194.678373702422
188.000173010381
188.834083044983
166.498442906574
162.744117647059
170.782179930796
198.052076124567
193.986332179931
193.297750865052
187.052076124567
185.062456747405
173.321972318339
163.83062283737
160.809861591696
179.789100346021
180.962110726644
174.522664359862
171.930968858131
175.408477508651
174.380795847751
162.103979238754
160.526124567474
159.183564013841
169.716435986159
165.934429065744
163.681833910035
169.124740484429
175.515743944637
164.868685121107
159.488062283737
170.398096885813
197.965570934256
190.460380622837
192.86660899654
183.415743944637
183.378027681661
172.827162629758
163.529584775087
164.411937716263
196.609169550173
196.232006920415
192.221626297578
188.657612456747
184.124740484429
180.792560553633
166.08321799308
164.072837370242
190.235467128028
197.671453287197
192.823702422145
191.460380622837
186.097058823529
184.121280276816
166.623010380623
162.415397923875
179.162802768166
199.539965397924
192.187024221453
194.657612456747
186.616089965398
186.138581314879
170.456920415225
164.166262975779
167.67491349481
197.723356401384
195.093598615917
194.488062283737
188.43615916955
183.865224913495
175.66107266436
166.031314878893
162.533044982699
179.110899653979
182.789100346021
172.571107266436
173.432698961938
176.892906574394
176.173183391003
163.847923875432
160.408477508651
158.443079584775
171.425778546713
169.276989619377
166.470761245675
171.114359861592
178.623010380623
164.384256055363
160.851384083045
169.564186851211
197.190484429066
194.522664359861
191.944809688581
186.353114186851
181.467301038062
173.003633217993
163.003633217993
162.827162629758
195.315051903114
195.744117647059
192.214705882353
189.474221453287
183.121280276817
180.692214532872
163.681833910035
163.996712802768
187.287370242214
197.965570934256
191.61955017301
193.110899653979
186.263148788927
185.097058823529
169.315051903114
163.126470588235
174.85830449827
204.273529411765
199.031314878892
200.820242214533
191.273529411765
186.4223183391
173.972491349481
164.851384083045
