119.952631578947
121.452631578947
127.68947368421
134.636842105263
132.794736842105
148.478947368421
167.215789473684
172.557894736842
170.478947368421
162.789473684211
152.268421052632
145.584210526316
143.005263157895
142.663157894737
153.531578947368
181.215789473684
199.742105263158
197.11052631579
191.163157894737
185.057894736842
168.057894736842
158.857894736842
138.478947368421
126.426315789474
120.9
121.610526315789
125.847368421053
140.426315789474
176.794736842105
223.005263157895
255.321052631579
266.321052631579
266.057894736842
261.478947368421
248.215789473684
231.373684210526
231.005263157895
233.147368421053
236.005263157895
238.742105263158
245.742105263158
267.942105263158
250.636842105263
231.852631578947
209.531578947368
188.9
178.478947368421
165.663157894737
149.721052631579
136.242105263158
132.689473684211
135.294736842105
139.742105263158
165.557894736842
215.68947368421
251.031578947368
273.426315789474
279.242105263158
277.794736842105
267.821052631579
249.321052631579
250.321052631579
257.005263157895
260.426315789474
257.952631578947
275.373684210526
286.215789473684
262.952631578947
237.952631578947
218.794736842105
201.268421052632
185.447368421053
169.215789473684
153.215789473684
141.478947368421
140.005263157895
142.710526315789
149.426315789474
157.215789473684
212.873684210526
244.373684210526
276.773684210526
279.426315789474
284.9
270.268421052632
252.005263157895
245.152631578947
249.742105263158
255.531578947368
255.4
257.163157894737
268.163157894737
258.9
214.715789473684
190.426315789474
202.031578947368
190.5
174.136842105263
153.847368421053
143.821052631579
133.321052631579
132.321052631579
140.321052631579
155.978947368421
194.794736842105
229.9
256.268421052632
267.884210526316
269.363157894737
260.447368421053
243.163157894737
231.563157894737
231.994736842105
235.010526315789
233.321052631579
235.478947368421
259.742105263158
273.9
249.9
233.9
208.9
199.9
181.9
162.505263157895
143.426315789474
133.9
131.321052631579
137.847368421053
150.5
183.68947368421
221.478947368421
254.294736842105
276.226315789474
276.321052631579
273.257894736842
263.926315789474
243.005263157895
243.321052631579
245.026315789474
243.794736842105
234.794736842105
245.094736842105
271.215789473684
255.268421052632
232.163157894737
210.242105263158
199.057894736842
185.4
167.636842105263
148.557894736842
134.847368421053
134.4
138.057894736842
140.215789473684
156.078947368421
179.084210526316
194.68947368421
215.742105263158
222.11052631579
214.68947368421
208.68947368421
182.189473684211
175.110526315789
178.057894736842
177.847368421053
174.478947368421
185.584210526316
216.794736842105
222.9
208.373684210526
193.9
180.61052631579
167.321052631579
151.005263157894
132.163157894737
123.715789473684
124.268421052632
121.931578947368
123.531578947369
128.636842105263
135.636842105263
131.636842105263
155.584210526316
169.005263157895
176.373684210526
183.268421052632
172.952631578948
159.531578947368
157.005263157895
156.821052631579
157.742105263158
166.005263157895
186.584210526316
206.531578947368
204.68947368421
195.373684210526
182.163157894737
167.831578947368
151.952631578947
137.636842105263
