102.174852071006
115.174852071006
118.784319526627
123.766568047337
131.441124260355
136.346449704142
133.417455621302
153.417455621302
164.423372781065
167.263609467456
167.263609467456
163.07426035503
151.488461538462
141.988461538462
138.381952662722
135.680769230769
134.719230769231
142.926331360947
167.14526627219
204.606804733728
205.606804733728
198.671893491124
187.529881656805
175.802071005917
161.488461538462
141.671893491124
128.671893491124
125.799112426035
122.518047337278
117.523964497041
123.121597633136
141.775443786982
150.766568047337
189.766568047338
226.174852071006
255.370118343195
269.441124260355
270.500295857988
267.80798816568
253.80798816568
235.547633136095
229.642307692308
234.600887573965
243.411538461538
246.960650887574
238.417455621302
251.417455621302
269.494378698225
265.299112426035
247.86124260355
225.93224852071
199.157100591716
189.157100591716
164.757692307692
146.116863905325
135.606804733728
130.364201183432
128.316863905325
134.269526627219
136.269526627219
155.665976331361
187.889053254438
222.281360946746
249.526923076923
265.84349112426
270.84349112426
269.009171597633
263.234023668639
252.151183431953
243.065384615385
244.186686390533
248.186686390533
251.192603550296
248.518047337278
258.944082840237
272.618639053254
274.463609467456
261.87899408284
251.87899408284
224.902662721894
193.417455621302
168.553550295858
152.269526627219
140.387869822485
134.387869822485
131.316863905325
128.316863905325
129.278402366864
140.234023668639
165.236982248521
202.352366863905
233.352366863905
261.725147928994
268.263609467456
262.464792899408
257.05650887574
255.358284023669
237.358284023669
231.819822485207
238.834615384615
235.429289940828
227.941124260355
230.127514792899
239.204437869822
273.204437869822
261.731065088758
244.417455621302
224.725147928994
202.186686390532
180.686686390532
159.186686390532
145.213313609467
135.121597633136
129.278402366864
128.512130177515
131.805029585799
134.813905325444
158.813905325444
195.417455621301
224.236982248521
245.606804733728
260.982544378698
266.470710059172
263.470710059172
254.470710059172
236.094970414201
226.553550295858
226.553550295858
227.310946745562
231.245857988166
224.245857988166
227.526923076923
252.518047337278
263.458875739645
246.364201183432
233.299112426035
209.299112426035
188.46775147929
166.884911242604
150.53875739645
139.03875739645
129.100295857988
126.700295857988
127.56124260355
132.96775147929
144.313905325444
174.245857988166
216.48550295858
236.589053254438
264.589053254438
268.624556213018
266.455917159763
263.216272189349
253.470710059172
233.701479289941
231.701479289941
223.87899408284
219.026923076923
216.535798816568
215.665976331361
226.269526627218
268.236390532545
259.836390532545
244.390828402367
217.25177514793
190.281360946745
170.03875739645
152.994378698225
132.494378698225
122.473668639053
121.435207100592
121.763609467456
123.476627218935
130.994378698225
148.026923076923
179.526923076923
189.299112426035
207.334615384615
221.387869822485
220.512130177515
210.222189349112
205.222189349112
190.873076923077
176.624556213018
168.305029585799
168.34349112426
173.133431952663
171.328698224852
180.328698224852
214.358284023668
225.370118343195
213.890828402367
194.174852071006
175.929289940829
164.429289940828
150.636390532545
136.269526627219
122.870118343195
113.671893491124
110.447041420118
