200.085714285714
194.085714285714
184.847619047619
173.919047619048
157.704761904762
137.395238095238
124.266666666667
114.566666666667
111.466666666667
112.133333333333
118.419047619048
128.27619047619
137.752380952381
170.752380952381
214.157142857143
242.228571428571
250.895238095238
246.228571428571
238.157142857143
229.657142857143
217.82380952381
214.966666666667
215.538095238095
217.490476190476
218.8
210.8
203.8
238.085714285714
246.8
234.442857142857
220.680952380952
199.942857142857
184.442857142857
161.657142857143
143.32380952381
131.395238095238
124.252380952381
119.966666666667
122.466666666667
122.252380952381
138.538095238095
166.514285714286
198.014285714286
225.442857142857
240.442857142857
243.061904761905
240.490476190476
239.061904761905
232.133333333333
216.371428571429
214.371428571429
214.571428571429
217.847619047619
216.895238095238
212.938095238095
220.204761904762
260.490476190476
246.490476190476
233.347619047619
218.814285714286
200.32380952381
178.038095238095
155.371428571429
135.871428571429
128.585714285714
124.014285714286
121.585714285714
123.419047619048
131.776190476191
145.27619047619
167.347619047619
203.180952380952
237.466666666667
249.942857142857
236.228571428571
232.228571428571
241.228571428572
221.085714285714
211.419047619048
211.990476190476
211.752380952381
210.371428571429
201.371428571429
205.657142857143
231.82380952381
251.633333333333
246.490476190476
223.490476190476
200.490476190476
183.823809523809
166.038095238095
149.685714285714
136.252380952381
126.038095238095
123.538095238095
122.466666666667
125.657142857143
138.728571428572
159.561904761905
185.419047619047
223.419047619048
241.419047619048
248.085714285714
246.514285714286
239.371428571429
228.728571428571
216.680952380952
217.680952380952
223.995238095238
226.928571428571
222.347619047619
213.419047619048
211.847619047619
242.847619047619
239.466666666667
226.752380952381
215.419047619048
200.585714285714
173.214285714286
152.614285714286
142.109523809524
132.642857142857
128.257142857143
127.061904761905
126.77619047619
133.77619047619
141.27619047619
163.752380952381
200.585714285714
236.371428571429
254.966666666667
251
237.7
237.685714285714
226.552380952381
217.752380952381
219.480952380952
222.561904761905
223.561904761905
219.133333333333
213.419047619048
232.561904761905
257.228571428571
246.3
229.8
207.109523809524
181.061904761905
159.204761904762
146.728571428571
141.609523809524
129.609523809524
122.609523809524
120.871428571429
123.157142857143
130.8
142.347619047619
151.728571428571
178.728571428571
196.985714285714
206.852380952381
205.680952380952
196.038095238095
185.466666666667
169.466666666666
160.704761904762
161.27619047619
162.657142857143
162.990476190476
164.847619047619
159.847619047619
204.371428571429
212.895238095238
202.823809523809
187.82380952381
173.776190476191
163.77619047619
148.77619047619
139.038095238095
128.990476190476
120.77619047619
116.633333333333
113.919047619048
116.919047619048
125.490476190476
117.657142857143
115.204761904762
129.919047619048
148.014285714286
157.514285714286
161.585714285714
157.585714285714
149.538095238095
142.871428571429
141.3
142.3
130.919047619047
128.82380952381
135.538095238095
157.014285714285
189.32380952381
