156.163157894737
193.30350877193
204.215789473684
192.812280701755
193.812280701754
183.882456140351
178.408771929825
177.70701754386
164.531578947369
157.022807017544
155.636842105263
157.338596491228
177.70701754386
178.478947368421
169.198245614035
167.610526315789
168.610526315789
168.20701754386
167.978947368421
158.891228070175
153.4
147.382456140351
152.698245614035
163.435087719298
163.382456140351
159.978947368421
160.742105263158
164.145614035088
173.547368421053
162.926315789474
155.417543859649
156.119298245614
166.856140350877
196.628070175439
196.20701754386
189.364912280702
191.487719298246
182.821052631579
177.435087719298
177.084210526316
163.4
157.242105263158
157.347368421053
184.540350877193
199.80350877193
193.663157894737
192.680701754386
189.364912280702
181.750877192982
181.224561403509
169.540350877193
159.084210526316
157.750877192982
167.277192982456
199.522807017544
200.417543859649
191.628070175439
194.119298245614
190.049122807018
181.382456140351
177.435087719298
162.277192982456
158.136842105263
156.926315789474
188.20701754386
202.785964912281
196.224561403509
192.908771929825
187.224561403509
183.347368421053
182.259649122807
169.522807017544
159.171929824561
158.522807017544
164.663157894737
195.856140350877
198.329824561404
188.610526315789
192.628070175439
184.838596491228
179.014035087719
179.663157894737
165.610526315789
159.610526315789
157.242105263158
170.066666666667
183.80350877193
175.610526315789
167.259649122807
167.242105263158
167.171929824561
169.417543859649
165.298245614035
155.60701754386
152.224561403509
146.294736842105
158.733333333333
162.740350877193
158.101754385965
154.119298245614
153.312280701754
159.435087719298
171.610526315789
159.435087719298
153.785964912281
155.417543859649
177.014035087719
195.470175438596
192.470175438596
191.59298245614
190.59298245614
181.382456140351
179.171929824561
172.908771929825
160.778947368421
159.452631578947
162.2
194.505263157895
199.329824561403
191.224561403509
193.838596491228
187.926315789474
178.329824561403
182.326315789474
167.066666666667
159.014035087719
159.961403508772
177.277192982456
199.014035087719
197.031578947368
195.329824561404
193.628070175439
185.663157894737
182.294736842105
174.61052631579
161.99649122807
159.18947368421
162.557894736842
193.943859649123
200.645614035088
193.663157894737
195.417543859649
188.908771929825
179.224561403509
181.59298245614
167.785964912281
158.891228070175
158.873684210526
177.373684210526
200.285964912281
198.70701754386
194.864912280702
194.356140350877
186.180701754386
178.294736842105
174.978947368421
163.426315789474
159.689473684211
155.777192982456
175.591228070175
181.338596491228
166.812280701755
168.794736842105
167.794736842105
166.777192982456
172.829824561403
163.636842105263
156.917543859649
153.601754385965
151.531578947368
161.689473684211
164.022807017544
158.70701754386
154.759649122807
156.461403508772
163.970175438596
170.022807017544
159.180701754386
157.321052631579
159.943859649123
189.978947368421
203.084210526316
196.417543859649
199.373684210526
194.163157894737
183.794736842105
185.882456140351
168.777192982456
159.777192982456
159.952631578947
176.075438596492
203.812280701754
200.338596491228
196.128070175439
200.584210526316
189.408771929824
180.180701754386
181.531578947368
164.785964912281
161.119298245614
