192.652380952381
192.128571428571
176.85
160.483333333333
147.897619047619
143.366666666667
146.516666666667
185.269047619047
229.009523809524
234.114285714286
225.747619047619
214.247619047619
215.957142857143
219.507142857143
233.419047619048
218.461904761905
195.62380952381
177.07619047619
161.354761904762
151.342857142857
154.866666666667
169.880952380952
220.080952380953
227.661904761905
224.271428571429
209.438095238095
211.461904761905
214.378571428571
233.47380952381
222.630952380952
203.42619047619
186.040476190476
164.707142857143
152.628571428571
151.197619047619
159.521428571429
207.690476190476
234.17619047619
232.17619047619
221.328571428571
211.283333333333
209.807142857143
222.664285714286
231.557142857143
208.771428571429
186.104761904762
171.47380952381
150.902380952381
149.354761904762
159.261904761905
188.009523809524
230.259523809524
231.580952380952
222.604761904762
211.547619047619
216.033333333333
221.814285714286
230.428571428571
217.611904761905
192.819047619048
172.557142857143
155.414285714286
150.069047619048
152.069047619048
182.007142857143
221.842857142857
228.014285714286
222.057142857143
206.164285714286
206.421428571429
208.140476190476
230.688095238095
220.445238095238
196.492857142857
182.633333333333
160.152380952381
149.497619047619
151.378571428571
157.409523809524
185.009523809524
200.747619047619
200.254761904762
183.688095238095
173.95
176.569047619048
195.330952380953
200.545238095238
183.47380952381
170.223809523809
159.169047619048
151.711904761905
143.554761904762
148.054761904762
153.219047619048
160.104761904762
169.914285714286
167.9
159.557142857143
155.797619047619
162.295238095238
190.152380952381
184.319047619048
173.188095238095
165.061904761905
148.733333333333
145.688095238095
150.011904761905
194.07619047619
219.073809523809
228.259523809524
216.878571428571
208.069047619048
209.640476190476
209.040476190476
228.580952380952
218.652380952381
191.4
170.995238095238
156.969047619048
149.854761904762
149.842857142857
172.997619047619
217.526190476191
230.564285714286
222.2
204.438095238095
208.92619047619
207.938095238095
229.278571428571
222.021428571429
202.438095238095
181.580952380953
160.22380952381
153.592857142857
152.759523809524
157.830952380952
208.083333333334
232.830952380952
224.580952380952
213.414285714286
207.116666666667
208.164285714286
220.069047619048
224.121428571428
207.140476190476
187.47380952381
166.554761904762
152.197619047619
153.033333333333
156.628571428571
193.783333333333
231.366666666667
232.664285714286
221.914285714285
210.342857142857
211.938095238095
213.640476190476
229.366666666667
213.402380952381
190.342857142857
174.414285714286
158.009523809524
151.235714285714
155.485714285714
177.688095238095
218.664285714286
227.283333333333
221.2
205.711904761905
208.628571428571
210.509523809524
229.140476190476
219.569047619047
194.616666666667
179.507142857143
157.533333333333
150.42619047619
151.771428571429
160.12857142857
186.914285714286
200.92619047619
200.414285714285
185.47380952381
171.842857142857
174.390476190476
195.747619047619
200.45
186.830952380953
168.830952380952
154.938095238095
144.914285714286
136.390476190476
145.057142857143
150.080952380952
161.973809523809
173.604761904762
170.557142857143
157.414285714285
154.069047619048
162.497619047619
