211.032634730539
204.032634730539
191.415868263473
174.694311377246
158.841017964072
145.394910179641
126.661377245509
121.661377245509
119.104491017964
120.188323353293
121.930838323353
125.808083832335
144.148802395209
196.748802395209
239.019461077844
277.484730538922
300.541616766467
300.805089820359
289.23622754491
289.23622754491
272.050598802395
267.376347305389
270.601497005988
273.583532934132
280.014670658683
295.014670658682
294.539221556886
290.099101796407
278.673353293413
260.317065868264
243.367964071856
219.367964071856
194.591916167665
173.214670658683
152.727245508982
137.559580838323
138.409880239521
124.409880239521
124.397904191617
132.826047904192
147.918862275449
172.32245508982
211.344011976048
259.344011976048
282.529640718563
295.987724550898
299.220658682635
291.487724550898
275.535628742515
260.035628742515
262.94880239521
267.038023952096
266.361976047904
271.897904191617
298.37994011976
299.87994011976
293.643413173653
276.667365269461
256.697305389222
235.475748502994
210.146407185629
189.746407185629
168.793113772455
153.444610778443
143.248203592814
135.583532934132
128.703293413174
129.203293413174
135.775149700599
145.132035928144
179.20628742515
227.903892215569
263.449401197605
287.349401197605
290.056586826347
282.94880239521
275.372754491018
265.674550898204
250.685329341317
247.685329341317
248.517664670659
256.361976047904
267.487724550898
280.76616766467
293.667365269461
293.667365269461
273.296107784431
253.068562874252
230.194311377245
210.287125748503
195.248203592814
164.048203592814
163.684131736527
147.254191616766
135.643413173653
131.032634730539
130.098502994012
142.098502994012
148.432634730539
190.332035928144
238.936826347305
277.110479041916
296.857784431138
296.035628742515
291.535628742515
285.418862275449
270.97874251497
257.469760479042
254.905688622755
261.198502994012
267.098502994012
285.385928143713
297.667365269461
297.652395209581
285.467365269461
264.415868263473
251.415868263473
220.936826347305
200.266167664671
184.206287425149
165.643413173653
151.727245508982
139.727245508982
134.481736526946
135.655389221557
141.451796407186
149.703293413174
160.858982035928
209.858982035928
251.580538922156
283.847005988024
297.784131736527
296.20628742515
296.514670658682
287.014670658683
265.358982035928
253.595508982036
253.224850299401
259.427844311377
267.867964071856
293.367964071856
299.942814371258
292.679341317365
280.664371257485
264.852994011976
238.487724550898
213.487724550898
194.733233532934
178.817065868263
158.847005988024
138.038622754491
128.46377245509
131.46377245509
131.75119760479
132.811077844311
136.957784431138
151.224251497006
180.347005988024
194.847005988024
223.54760479042
234.86497005988
234.176347305389
227.23622754491
215.733233532934
200.733233532934
188.703293413174
179.314071856287
177.209281437126
187.918862275449
212.436826347306
233.936826347305
241.805089820359
233.954790419162
216.323053892215
196.906886227545
182.424850299401
173.724850299401
158.645808383233
139.850598802395
128.526646706587
123.990718562874
118.436826347305
107.936826347305
114.211676646707
123.104491017964
129.19131736527
131.94880239521
136.83502994012
157.83502994012
172.490718562874
184.266167664671
186.553592814371
177.571556886228
162.056586826347
153.056586826347
153.442814371257
153.547604790419
175.481736526946
199.874550898204
206.140419161677
