105.257142857143
110.257142857143
116.87619047619
123.380952380952
127.695238095238
133.352380952381
150.92380952381
159.923809523809
168.495238095238
166.661904761905
155.947619047619
144.519047619048
141.42380952381
137.42380952381
136.138095238095
141.209523809524
166.519047619048
197.185714285714
204.685714285714
203.185714285714
198.638095238095
183.804761904762
171.233333333333
158.314285714286
139.242857142857
124.542857142857
118.542857142857
114.971428571429
114.447619047619
117.161904761905
126.685714285714
151.828571428571
199.828571428572
231.714285714286
260.180952380952
274.661904761905
273.104761904762
268.114285714286
255.614285714286
237.414285714286
233.828571428571
236.590476190476
239.090476190476
239.947619047619
236.947619047619
275.37619047619
279.685714285714
266.971428571429
249.971428571429
230.647619047619
201.447619047619
192.447619047619
168.87619047619
153.638095238095
145.209523809524
135.971428571429
126.590476190476
129.590476190476
136.019047619048
146.019047619048
178.471428571428
227.114285714286
257.633333333333
278.833333333333
277.233333333333
270.37619047619
262.37619047619
251.042857142857
235.328571428571
233.328571428571
237.519047619048
239.352380952381
244.352380952381
262.257142857143
289.209523809524
286.209523809524
265.709523809524
245.614285714286
220.042857142857
200.257142857143
187.709523809524
159.8
147.7
135.942857142857
127.442857142857
127.161904761905
132.161904761905
133.733333333333
150.233333333333
196.590476190477
231.590476190476
257.804761904762
272.471428571429
268.9
261.9
251.566666666667
236.87619047619
232.876190476191
235.971428571429
237.304761904762
244.304761904762
251.304761904762
284.209523809524
291.638095238095
279.209523809524
264.780952380952
245.019047619047
210.019047619048
194.304761904762
174.871428571428
154.685714285714
141.285714285714
136.833333333333
127.133333333333
130.642857142857
127.971428571429
137.042857142857
169.876190476191
221.661904761905
263.161904761905
288.947619047619
289.185714285714
283.971428571429
275.519047619048
258.92380952381
241.92380952381
247.92380952381
247.447619047619
251.019047619048
258.447619047619
269.780952380952
290.590476190476
287.590476190476
267.447619047619
247.447619047619
224.661904761905
200.247619047619
183.719047619048
168.819047619048
149.304761904762
135.733333333333
129.971428571429
128.304761904762
127.304761904762
138.304761904762
147.4
189.92380952381
231.095238095238
259.547619047619
278.37619047619
282.87619047619
273.37619047619
264.280952380952
248.161904761905
239.876190476191
248.804761904762
260.352380952381
264.852380952381
280.066666666667
287.6
287.161904761905
277.733333333333
254.92380952381
233.923809523809
209.576190476191
197.519047619048
181.090476190476
158.923809523809
143.638095238095
135.638095238095
130.495238095238
128.542857142857
131.828571428572
136.804761904762
144.638095238095
175.138095238095
199.538095238095
219.161904761905
222.495238095238
219.495238095238
220.495238095238
220.661904761904
204.161904761905
189.37619047619
183.87619047619
186.209523809524
195.638095238095
213.209523809524
226.709523809524
229.804761904762
222.876190476191
212.638095238095
197.971428571429
175.614285714286
163.114285714286
145.471428571428
133.971428571429
123.614285714285
115.661904761905
111.9
