0.59836129032258
0.60306129032258
0.607761290322581
0.612461290322581
0.617161290322581
0.621861290322581
0.626561290322581
0.63126129032258
0.630541935483871
0.629641935483871
0.62874193548387
0.62784193548387
0.626941935483871
0.626041935483871
0.625141935483871
0.62396129032258
0.62276129032258
0.62156129032258
0.62036129032258
0.61916129032258
0.617961290322579
0.616761290322579
0.621974193548387
0.627874193548386
0.633774193548386
0.639674193548386
0.645574193548386
0.651474193548386
0.657374193548387
0.656654838709677
0.654954838709677
0.653254838709677
0.651554838709677
0.649854838709677
0.648154838709677
0.646454838709677
0.648948387096774
0.652248387096774
0.655548387096774
0.658848387096773
0.662148387096774
0.665448387096773
0.668748387096774
0.666322580645161
0.662522580645161
0.658722580645161
0.654922580645161
0.651122580645161
0.64732258064516
0.64352258064516
0.638251612903225
0.632551612903225
0.626851612903225
0.621151612903225
0.615451612903225
0.609751612903225
0.604051612903225
0.602654838709676
0.602754838709677
0.602854838709677
0.602954838709677
0.603054838709677
0.603154838709677
0.603254838709677
0.601864516129033
0.599864516129032
0.597864516129032
0.595864516129032
0.593864516129032
0.591864516129032
0.589864516129032
0.590709677419354
0.592909677419354
0.595109677419355
0.597309677419354
0.599509677419354
0.601709677419355
0.603909677419355
0.603851612903226
0.602551612903225
0.601251612903225
0.599951612903225
0.598651612903225
0.597351612903225
0.596051612903225
0.595425806451612
0.595225806451612
0.595025806451612
0.594825806451612
0.594625806451612
0.594425806451612
0.594225806451612
0.593096774193548
0.591296774193548
0.589496774193548
0.587696774193548
0.585896774193548
0.584096774193547
0.582296774193547
0.582964516129032
0.585664516129032
0.588364516129031
0.591064516129032
0.593764516129032
0.596464516129032
0.599164516129032
0.600677419354838
0.601077419354838
0.601477419354838
0.601877419354838
0.602277419354839
0.602677419354839
0.603077419354838
0.600332258064516
0.594232258064516
0.588132258064516
0.582032258064515
0.575932258064515
0.569832258064516
0.563732258064515
0.558445161290322
0.554145161290322
0.549845161290322
0.545545161290322
0.541245161290322
0.536945161290321
0.532645161290321
0.53086129032258
0.53256129032258
0.53426129032258
0.53596129032258
0.53766129032258
0.53936129032258
0.54106129032258
0.541638709677419
0.540438709677418
0.539238709677419
0.538038709677419
0.536838709677419
0.535638709677419
0.534438709677419
0.5326
0.5296
0.5266
0.5236
0.5206
0.517599999999999
0.5146
0.51476129032258
0.52156129032258
0.528361290322581
0.53516129032258
0.54196129032258
0.54876129032258
0.55556129032258
0.560967741935483
0.562967741935483
0.564967741935483
0.566967741935483
0.568967741935483
0.570967741935483
0.572967741935483
0.575070967741934
0.577470967741934
0.579870967741935
0.582270967741935
0.584670967741934
0.587070967741935
0.589470967741935
0.59108064516129
0.58998064516129
0.58888064516129
0.587780645161289
0.58668064516129
0.58558064516129
0.58448064516129
0.582819354838709
0.578819354838709
0.574819354838709
0.57081935483871
0.566819354838709
0.56281935483871
0.558819354838709
0.555754838709678
0.557554838709677
0.559354838709678
0.561154838709677
0.562954838709677
0.564754838709677
0.566554838709677
0.568225806451613
0.569025806451613
0.569825806451612
0.570625806451612
0.571425806451613
0.572225806451613
0.573025806451612
0.574164516129031
0.578464516129032
0.582764516129032
0.587064516129031
0.591364516129032
0.595664516129032
0.599964516129032
0.604083870967742
0.605583870967742
0.607083870967742
0.608583870967742
0.610083870967741
0.611583870967742
0.613083870967741
0.6145
0.6134
0.612299999999999
0.611199999999999
0.610099999999999
0.609
0.6079
0.606799999999999
0.607199999999999
0.607599999999999
0.607999999999999
0.608399999999999
0.6088
0.6092
0.6096
0.61174193548387
0.613941935483871
0.616141935483871
0.61834193548387
0.620541935483871
0.622741935483871
0.624941935483871
0.624429032258064
0.623729032258064
0.623029032258065
0.622329032258064
0.621629032258064
0.620929032258064
0.620229032258064
0.61474193548387
0.60874193548387
0.60274193548387
0.59674193548387
0.59074193548387
0.584741935483871
0.578741935483871
0.581451612903226
0.585451612903225
0.589451612903226
0.593451612903225
0.597451612903225
0.601451612903225
0.605451612903225
0.606767741935483
0.607567741935483
0.608367741935484
0.609167741935484
0.609967741935483
0.610767741935483
0.611567741935484
0.611964516129032
0.612264516129032
0.612564516129032
0.612864516129032
0.613164516129031
0.613464516129032
0.613764516129031
0.612206451612902
0.610106451612902
0.608006451612903
0.605906451612903
0.603806451612903
0.601706451612903
0.599606451612903
0.600622580645161
0.602722580645161
0.60482258064516
0.60692258064516
0.60902258064516
0.61112258064516
0.613222580645161
0.614825806451613
0.616225806451612
0.617625806451612
0.619025806451612
0.620425806451612
0.621825806451612
0.623225806451612
0.627538709677418
0.633238709677418
0.638938709677419
0.644638709677418
0.650338709677418
0.656038709677418
0.661738709677419
0.663567741935483
0.663267741935483
0.662967741935484
0.662667741935483
0.662367741935484
0.662067741935483
0.661767741935483
0.661345161290323
0.660845161290322
0.660345161290322
0.659845161290322
0.659345161290321
0.658845161290323
0.658345161290322
0.657845161290322
0.657345161290322
0.656845161290322
0.656345161290322
0.655845161290323
0.655345161290322
0.654845161290322
0.656758064516129
0.660658064516128
0.664558064516129
0.668458064516129
0.672358064516129
0.676258064516129
0.680158064516128
0.68256129032258
0.68356129032258
0.68456129032258
0.68556129032258
0.686561290322581
0.68756129032258
0.688561290322581
0.689996774193549
0.691896774193548
0.693796774193549
0.695696774193548
0.697596774193549
0.699496774193548
0.701396774193549
0.700858064516129
0.697358064516129
0.693858064516129
0.690358064516128
0.686858064516129
0.683358064516129
0.679858064516129
0.676483870967741
0.673283870967741
0.670083870967741
0.666883870967741
0.663683870967742
0.660483870967742
0.657283870967742
0.655554838709678
0.656154838709677
0.656754838709677
0.657354838709676
0.657954838709677
0.658554838709677
0.659154838709677
0.660358064516128
0.662658064516128
0.664958064516128
0.667258064516128
0.669558064516128
0.671858064516128
0.674158064516129
0.674716129032258
0.671616129032257
0.668516129032258
0.665416129032258
0.662316129032257
0.659216129032258
0.656116129032257
0.6538
0.653399999999999
0.652999999999999
0.6526
0.652199999999999
0.651799999999999
0.651399999999999
0.651438709677419
0.652738709677419
0.654038709677419
0.655338709677419
0.656638709677419
0.657938709677419
0.659238709677419
0.660448387096774
0.661348387096774
0.662248387096773
0.663148387096773
0.664048387096774
0.664948387096774
0.665848387096773
0.666806451612902
0.668006451612902
0.669206451612902
0.670406451612903
0.671606451612903
0.672806451612903
0.674006451612903
0.674867741935484
0.673967741935484
0.673067741935483
0.672167741935483
0.671267741935484
0.670367741935484
0.669467741935483
0.668748387096774
0.669248387096774
0.669748387096774
0.670248387096773
0.670748387096773
0.671248387096774
0.671748387096773
0.67186129032258
0.66836129032258
0.66486129032258
0.66136129032258
0.65786129032258
0.654361290322581
0.65086129032258
0.647541935483871
0.646841935483871
0.646141935483871
0.64544193548387
0.64474193548387
0.644041935483871
0.64334193548387
0.642638709677419
0.641838709677419
0.641038709677418
0.640238709677419
0.639438709677419
0.638638709677418
0.637838709677418
