0.648188336835786
0.648595992194536
0.642342464725308
0.641287676373461
0.642379270489343
0.641417547283098
0.640189657760432
0.639576298408886
0.639886445511858
0.639878369858901
0.639985214650255
0.639297883518463
0.638030366256379
0.637082482737917
0.638039192434704
0.638533518462924
0.639343185229661
0.638496382467728
0.637926133293306
0.638330186130291
0.638295872110478
0.63839608225758
0.636757355148604
0.635120129090363
0.633862788952267
0.633724151906335
0.634533398378865
0.635883023116181
0.636550990693486
0.636448739117382
0.636922470729511
0.636389057340138
0.634850060042029
0.63537542779946
0.635080261182828
0.635705839087361
0.63488110177124
0.634836610627439
0.635162758931252
0.635983323326328
0.635817577304113
0.636049009306515
0.635450720504353
0.635966481537076
0.635352071450015
0.631959126388472
0.632033668567998
0.632384374061843
0.632315806064245
0.633257385169619
0.633476238366857
0.632863479435605
0.632988997298109
0.633826103272291
0.634500915640949
0.636389927949565
0.637439732812969
0.637363989792855
0.63826242870009
0.63782565295707
0.637126013209246
0.637458616031222
0.637759636745722
0.637547958571
0.638084043830682
0.639171525067547
0.639886145301711
0.637774377063945
0.638302116481537
0.637425983188232
0.637782572800961
0.638173776643651
0.639349189432603
0.637716826778745
0.637854443110177
0.638369153407385
0.639195661963374
0.639368763134194
0.639263269288502
0.639274317021916
0.638945947163014
0.638066181326929
0.636518207745422
0.635963269288502
0.637784073851696
0.637409681777244
0.637027604323026
0.636415055538877
0.63667900030021
0.63631583608526
0.635231807265086
0.634615986190333
0.635121149804863
0.635944866406485
0.632837991594116
0.632874467126989
0.632866691684179
0.633416076253377
0.633638952266587
0.632487886520565
0.633870294205944
0.635020819573702
0.635363419393576
0.636704398078655
0.635737481236866
0.637698303812669
0.637783593515461
0.637007340138097
0.637532677874512
0.636961107775443
0.636792900030021
0.637110732512759
0.635607069948964
0.634872665866106
0.633651921344942
0.634047298108676
0.634862608826179
0.635692629840889
0.635828745121585
0.634828444911438
0.634052581807265
0.634145526868808
0.632640513359352
0.63239193935755
0.631604728309817
0.630413854698289
0.634738922245572
0.634469303512459
0.636303377364155
0.636327334133894
0.635529495646953
0.635370894626239
0.637517187030922
0.638318567997598
0.638816376463525
0.637445136595617
0.636316586610628
0.636331987391174
0.635966301410988
0.636195902131492
0.636508901230862
0.636624782347643
0.634696112278595
0.634778850195137
0.636075397778445
0.6362671419994
0.636142344641249
0.636580051035725
0.63738989792855
0.639050690483338
0.637896412488742
0.637957205043531
0.638844416091264
0.638496922845992
0.638840753527469
0.638024362053437
0.637698934253978
0.638407670369259
0.638163659561693
0.637798423896728
0.637331537075953
0.636779690783549
0.638578189732813
0.63928371359952
0.639085424797358
0.638230456319424
0.637390498348844
0.637614335034524
0.636545166616632
0.636336400480336
0.637004308015611
0.636526493545482
0.635997643350345
0.637020879615731
0.637665971179826
0.638368703092165
0.638046997898529
0.638338742119484
0.63810493845692
0.638304668267788
0.638354232963074
0.638394190933654
0.639021179825878
0.639022921044731
0.639960417292105
0.641132167517262
0.641447718402882
0.641123851696187
0.640327574302011
0.640480981687181
0.639364920444311
0.640278099669769
0.640460987691384
0.640032858000601
0.639352972080456
0.63792826478535
0.638536520564395
0.637624241969379
0.637640153107175
0.637642854998499
0.638850720504353
0.638227514259982
0.637969423596518
0.637851140798559
0.637239732812969
0.636260687481237
0.635751771239868
0.637151441008706
0.636507460222156
0.636173956769739
0.636625322725908
0.634521419993996
0.633517006904833
0.632973686580606
0.632847358150706
0.634035229660763
0.633256424497148
0.63294177424197
0.632690768537977
0.632376148303813
0.632076178324827
0.630271705193636
0.631453422395677
0.631057084959472
0.630889207445212
0.630159636745722
0.629672215550886
0.630980711498049
0.631707760432303
0.631404458120685
0.630675037526269
0.632069123386371
0.632832707895527
0.632141504052837
0.632430426298409
0.633227964575203
0.633920249174422
0.633024211948364
0.634133338336836
0.634416106274392
0.633393260282198
0.632964109876914
0.632891909336536
0.632749159411588
0.632449759831882
0.632512563794656
0.632770624437106
0.633061347943561
0.63275675472831
0.632152882017412
0.632428925247673
0.631804758330832
0.631511723206244
0.632208751125788
0.633074677274092
0.632434719303513
0.632443155208646
0.632742854998499
0.632618357850495
0.631024211948364
0.630614695286701
0.630690438306815
0.631743425397779
0.631223971780246
0.631675037526269
0.63074012308616
0.629685785049535
0.629417637346143
0.629736940858601
0.630783833683579
0.630572485740018
0.630786655658961
0.630567622335635
0.630546037226058
0.630661287901531
0.628785634944461
0.630065190633444
0.6298287751426
0.630988456919844
0.629999384569199
0.630253902731912
0.630396982888022
0.630572005403783
0.631106589612729
0.631218117682378
0.631000315220655
0.63191736715701
0.631675818072651
0.630790378264786
0.629510492344641
0.630187256079256
0.629991519063344
0.629731537075953
0.630334989492645
0.630059486640649
0.630197883518463
0.629993800660462
0.630430426298409
0.631046637646352
0.631663929750826
0.63191016211348
0.632207730411288
0.633178189732813
0.632878369858901
0.633534779345542
0.633631627138997
0.633704277994596
0.633418628039628
0.633620159111378
0.633979720804563
0.63482622335635
0.634588096667667
0.634191819273492
0.634485694986491
0.634199384569199
0.633899804863405
0.633501876313419
0.633948829180426
0.632499294506154
0.632323161212849
0.631509681777244
0.632434359051336
0.632105658961273
0.632555523866707
0.632370564395077
0.633604277994596
0.633492990093065
0.634385815070549
0.632694791353948
0.633412924046833
0.633735439807866
0.634044235965176
0.633816436505554
0.633584614229961
0.633603227259081
0.633925382767938
0.63455465325728
0.63467746922846
0.635357595316722
0.634455854097869
0.634283803662564
0.635060027018913
0.634571044731312
0.634372425697989
0.635071495046533
0.634474106874812
0.634722290603422
0.634519858901231
0.634555914139898
0.633440093065146
0.634114725307716
0.633715475833083
0.63301169318523
0.633185214650255
0.633778009606725
0.633066601621135
0.633081462023416
0.633021780246172
0.633270414290003
0.633389867907535
0.633212053437406
0.633025172620835
0.633268372861003
0.63258989792855
0.633250720504353
0.633673746622636
0.634151771239868
0.633863209246473
0.633877499249475
0.634709621735215
0.634762879015311
0.634491639147403
0.633312743920744
0.633989417592315
0.635642014410087
0.636265520864605
0.635262668868208
0.63517281597118
0.636067892524767
0.636113914740318
0.637447418192735
0.636869213449415
0.636957175022516
0.638126883818673
0.638686505553888
0.638567982587811
0.638235109576704
0.638707850495347
0.637090768537977
0.637514154908436
0.636352731912339
0.633032317622336
0.63510589912939
0.634519198438907
0.63678371359952
0.636512173521465
0.636445436805764
0.636019228459922
0.638288126688682
0.638506169318523
0.639384494145902
0.638867322125488
0.638821540078055
0.638318417892525
0.639417397178025
0.640257385169619
0.641098453917743
0.643716046232363
0.642796202341639
0.643037000900631
0.643591759231462
0.644581582107475
0.643022680876614
0.64480902131492
0.646357595316722
0.646632227559292
0.646693950765536
0.644552882017413
0.644395361753227
0.643259036325428
0.644853302311618
0.644791489042329
0.645751471029721
0.646815866106275
0.647699234464125
0.647314695286701
0.647827304112879
0.64960493845692
0.647787916541579
0.6475681627139
0.647629465625938
0.648586685679976
0.649280441308916
0.649422620834584
0.649465911137796
0.649742494746323
