0.664032173913043
0.666232173913043
0.668432173913043
0.670632173913043
0.672769565217391
0.674669565217391
0.676569565217391
0.678469565217391
0.679451304347826
0.679151304347826
0.678851304347826
0.678551304347826
0.675058260869565
0.669658260869565
0.664258260869565
0.658858260869565
0.656713913043478
0.655213913043478
0.653713913043478
0.652222608695652
0.650922608695652
0.649622608695652
0.648322608695652
0.647098260869565
0.646098260869565
0.645098260869565
0.644098260869565
0.643144347826087
0.642244347826087
0.641344347826087
0.640444347826087
0.639008695652174
0.637308695652174
0.635608695652174
0.633908695652174
0.634404347826087
0.635204347826087
0.636004347826087
0.636760869565217
0.637060869565217
0.637360869565217
0.637660869565217
0.637724347826087
0.637224347826087
0.636724347826087
0.636224347826087
0.637893043478261
0.641693043478261
0.645493043478261
0.649293043478261
0.650668695652174
0.651068695652174
0.651468695652174
0.651868695652174
0.652453043478261
0.653053043478261
0.653653043478261
0.653848695652174
0.651348695652174
0.648848695652174
0.646348695652174
0.645646086956521
0.648446086956522
0.651246086956522
0.654046086956521
0.651751304347826
0.645251304347826
0.638751304347826
0.632251304347826
0.628474782608696
0.625574782608695
0.622674782608696
0.619774782608695
0.617743478260869
0.615743478260869
0.613743478260869
0.611221739130435
0.606221739130435
0.601221739130435
0.596221739130434
0.595277391304348
0.600877391304347
0.606477391304348
0.612077391304348
0.613893043478261
0.613093043478261
0.612293043478261
0.611493043478261
0.611973043478261
0.612773043478261
0.613573043478261
0.614323478260869
0.609423478260869
0.604523478260869
0.599623478260869
0.595875652173913
0.596275652173913
0.596675652173913
0.597075652173913
0.596793913043478
0.595593913043478
0.594393913043478
0.593193913043478
0.591359130434783
0.589159130434783
0.586959130434783
0.584759130434782
0.580366086956522
0.575566086956522
0.570766086956521
0.566253043478261
0.566953043478261
0.567653043478261
0.568353043478261
0.567305217391304
0.561305217391304
0.555305217391304
0.549305217391304
0.547202608695652
0.549502608695652
0.551802608695652
0.554102608695652
0.553079130434782
0.550479130434782
0.547879130434782
0.545279130434783
0.544630434782609
0.544230434782609
0.543830434782608
0.543229565217391
0.540729565217391
0.538229565217391
0.535729565217391
0.534020869565218
0.534120869565218
0.534220869565217
0.534320869565218
0.536934782608696
0.541934782608696
0.546934782608696
0.551934782608696
0.551449565217391
0.548849565217391
0.546249565217391
0.543649565217391
0.542817391304347
0.542117391304348
0.541417391304348
0.541454782608696
0.546054782608696
0.550654782608695
0.555254782608696
0.555993913043478
0.549493913043478
0.542993913043479
0.536493913043479
0.534557391304348
0.536257391304348
0.537957391304347
0.539657391304348
0.540133043478261
0.540233043478261
0.540333043478261
0.540433043478261
0.545792173913043
0.551292173913044
0.556792173913043
0.561506956521739
0.562706956521739
0.563906956521739
0.565106956521739
0.565133043478261
0.563333043478261
0.561533043478261
0.55973304347826
0.559553043478261
0.56045304347826
0.561353043478261
0.562253043478261
0.564123478260869
0.566223478260869
0.568323478260869
0.57037304347826
0.569573043478261
0.568773043478261
0.567973043478261
0.568846086956522
0.575446086956522
0.582046086956521
0.588646086956522
0.592941739130434
0.594241739130435
0.595541739130434
0.596841739130435
0.601294782608696
0.607494782608696
0.613694782608696
0.619894782608696
0.614590434782609
0.607290434782608
0.599990434782608
0.593305217391304
0.596105217391304
0.598905217391304
0.601705217391304
0.603858260869565
0.604258260869565
0.604658260869565
0.605058260869565
0.606271304347826
0.608371304347826
0.610471304347826
0.612571304347826
0.61508347826087
0.617783478260869
0.620483478260869
0.62318347826087
0.623017391304347
0.622517391304348
0.622017391304348
0.621767826086956
0.623667826086957
0.625567826086956
0.627467826086957
0.629399130434782
0.631399130434783
0.633399130434783
0.635399130434783
0.63661652173913
0.63711652173913
0.637616521739131
0.63811652173913
0.635037391304348
0.630637391304348
0.626237391304348
0.621837391304348
0.621381739130435
0.621181739130435
0.620981739130435
0.620840869565218
0.621040869565217
0.621240869565218
0.621440869565217
0.621533913043478
0.621433913043478
0.621333913043478
0.621233913043478
0.624129565217391
0.629329565217391
0.634529565217391
0.639729565217391
0.64392347826087
0.64782347826087
0.651723478260869
0.65562347826087
0.655691304347826
0.655691304347826
0.655691304347826
0.655920869565218
0.657120869565217
0.658320869565217
0.659520869565217
0.661280869565217
0.663880869565217
0.666480869565217
0.669080869565217
0.670646086956521
0.671546086956522
0.672446086956521
0.673346086956521
0.676126086956522
0.679326086956522
0.682526086956522
0.685559130434782
0.682359130434783
0.679159130434782
0.675959130434782
0.673158260869565
0.671658260869565
0.670158260869565
0.668658260869565
0.668488695652174
0.669988695652174
0.671488695652174
0.672988695652174
0.672597391304348
0.671197391304348
0.669797391304347
0.668397391304348
0.670182608695652
0.672482608695652
0.674782608695652
0.676832173913043
0.675532173913043
0.674232173913043
0.672932173913043
0.672105217391304
0.672505217391304
0.672905217391304
0.673305217391304
0.673997391304348
0.674997391304347
0.675997391304348
0.676997391304348
0.68078
0.68578
0.69078
0.69578
0.695263478260869
0.694163478260869
0.69306347826087
0.692065217391304
0.691865217391304
0.691665217391304
0.691465217391304
0.69178
0.69318
0.69458
0.69598
0.694197391304348
0.689597391304347
0.684997391304347
0.680397391304348
0.685036521739131
0.692936521739131
0.70083652173913
0.70873652173913
0.70706347826087
0.704863478260869
0.702663478260869
0.700933043478261
0.701733043478261
0.702533043478261
0.703333043478261
0.705484347826087
0.709984347826087
0.714484347826087
0.718984347826087
0.721131304347826
0.721531304347826
0.721931304347826
0.722331304347826
0.725157391304348
0.728657391304348
0.732157391304348
0.735657391304348
0.736778260869565
0.737878260869566
0.738978260869565
0.740618260869565
0.744418260869565
0.748218260869565
0.752018260869565
0.752957391304347
0.749757391304348
0.746557391304348
0.743357391304348
0.742441739130434
0.742941739130435
0.743441739130435
0.743941739130435
0.741880869565217
0.739280869565218
0.736680869565217
0.734164347826087
0.733964347826087
0.733764347826087
0.733564347826087
0.732633913043478
0.729433913043478
0.726233913043478
0.723033913043478
0.720466956521739
0.718666956521739
0.716866956521739
0.715066956521739
0.714919130434783
0.715619130434783
0.716319130434783
0.717019130434782
0.71502347826087
0.712623478260869
0.710223478260869
0.707925217391304
0.706825217391304
0.705725217391304
0.704625217391304
0.704070434782608
0.704870434782609
0.705670434782608
0.706470434782609
0.704395652173913
0.699395652173913
0.694395652173913
0.689395652173913
0.688128695652174
0.688428695652173
0.688728695652174
0.689028695652174
0.685767826086957
0.682167826086956
0.678567826086956
0.675235652173913
0.673835652173913
0.672435652173913
0.671035652173913
0.670197391304348
0.670497391304347
0.670797391304348
0.671097391304348
0.670642608695652
0.669542608695652
0.668442608695652
0.667342608695652
0.664746956521739
0.661646956521739
0.658546956521739
0.655446956521739
0.65521652173913
0.65511652173913
0.65501652173913
0.653974782608695
0.648174782608695
0.642374782608695
0.636574782608696
0.632868695652174
0.632668695652174
0.632468695652174
0.632268695652174
0.630204347826087
0.626804347826087
0.623404347826087
0.620004347826086
0.619057391304348
0.618757391304348
0.618457391304348
