0.694541758241758
0.691341758241758
0.688141758241758
0.684941758241758
0.681741758241758
0.678896703296703
0.677396703296703
0.675896703296703
0.674396703296703
0.672896703296703
0.67264945054945
0.674149450549451
0.675649450549451
0.67714945054945
0.67864945054945
0.678332967032967
0.676932967032967
0.675532967032967
0.674132967032966
0.672732967032967
0.674423076923077
0.676723076923077
0.679023076923077
0.681323076923077
0.683464835164835
0.682164835164835
0.680864835164835
0.679564835164835
0.678264835164835
0.677394505494506
0.677794505494505
0.678194505494506
0.678594505494505
0.678994505494505
0.679671428571428
0.680671428571428
0.681671428571428
0.682671428571428
0.683671428571428
0.687352747252747
0.692352747252747
0.697352747252747
0.702352747252747
0.707352747252747
0.706990109890109
0.70589010989011
0.70479010989011
0.70369010989011
0.702669230769231
0.702469230769231
0.70226923076923
0.702069230769231
0.70186923076923
0.702143956043956
0.703543956043955
0.704943956043956
0.706343956043956
0.707743956043956
0.706110989010988
0.701510989010989
0.696910989010989
0.692310989010989
0.687710989010989
0.69203956043956
0.69993956043956
0.707839560439561
0.715739560439561
0.723639560439561
0.722216483516483
0.720016483516484
0.717816483516483
0.715616483516483
0.713812087912087
0.714612087912088
0.715412087912088
0.716212087912088
0.717012087912088
0.719072527472527
0.723572527472527
0.728072527472528
0.732572527472528
0.737072527472527
0.739319780219781
0.73971978021978
0.74011978021978
0.74051978021978
0.74091978021978
0.743670329670329
0.74717032967033
0.75067032967033
0.75417032967033
0.75767032967033
0.75884945054945
0.759949450549451
0.761049450549451
0.76214945054945
0.763724175824176
0.767524175824176
0.771324175824176
0.775124175824176
0.778924175824175
0.780031868131867
0.776831868131868
0.773631868131868
0.770431868131868
0.767231868131868
0.766227472527472
0.766727472527472
0.767227472527472
0.767727472527472
0.768227472527473
0.766240659340659
0.763640659340659
0.761040659340659
0.758440659340659
0.755867032967032
0.755667032967033
0.755467032967033
0.755267032967033
0.755067032967032
0.754207692307692
0.751007692307692
0.747807692307692
0.744607692307692
0.741407692307692
0.738807692307693
0.737007692307692
0.735207692307692
0.733407692307692
0.731607692307692
0.731401098901099
0.732101098901099
0.732801098901099
0.733501098901099
0.734201098901099
0.732278021978022
0.729878021978022
0.727478021978022
0.725078021978022
0.72274945054945
0.72164945054945
0.72054945054945
0.71944945054945
0.718349450549451
0.717750549450549
0.718550549450549
0.71935054945055
0.720150549450549
0.72095054945055
0.71900989010989
0.71400989010989
0.709009890109889
0.70400989010989
0.69900989010989
0.697620879120879
0.697920879120879
0.698220879120879
0.698520879120879
0.698820879120879
0.69564945054945
0.69204945054945
0.688449450549451
0.68484945054945
0.681467032967033
0.680067032967033
0.678667032967033
0.677267032967033
0.675867032967032
0.67499010989011
0.67529010989011
0.67559010989011
0.67589010989011
0.67619010989011
0.675767032967032
0.674667032967033
0.673567032967033
0.672467032967033
0.671367032967033
0.668816483516483
0.665716483516483
0.662616483516484
0.659516483516484
0.656416483516483
0.656118681318681
0.656018681318681
0.655918681318681
0.655818681318681
0.654904395604395
0.649104395604395
0.643304395604395
0.637504395604396
0.631704395604395
0.627873626373626
0.627673626373626
0.627473626373627
0.627273626373626
0.627073626373626
0.62508021978022
0.62168021978022
0.61828021978022
0.61488021978022
0.61148021978022
0.610464835164835
0.610164835164835
0.609864835164835
0.609564835164835
0.609264835164835
0.613854945054945
0.618554945054945
0.623254945054945
0.627954945054945
0.631608791208792
0.630708791208791
0.629808791208792
0.628908791208792
0.628008791208791
0.62699010989011
0.62579010989011
0.62459010989011
0.62339010989011
0.62219010989011
0.625281318681318
0.631181318681319
0.637081318681318
0.642981318681318
0.648881318681318
0.648601098901099
0.646901098901099
0.645201098901099
0.643501098901099
0.641910989010989
0.645210989010989
0.648510989010989
0.651810989010989
0.655110989010989
0.656772527472527
0.652972527472527
0.649172527472527
0.645372527472527
0.641572527472527
0.636937362637362
0.631237362637363
0.625537362637362
0.619837362637362
0.614137362637363
0.612197802197802
0.612297802197802
0.612397802197802
0.612497802197802
0.612597802197802
0.610897802197802
0.608897802197802
0.606897802197802
0.604897802197802
0.603174725274726
0.605374725274726
0.607574725274725
0.609774725274725
0.611974725274725
0.613213186813187
0.611913186813187
0.610613186813187
0.609313186813186
0.608013186813187
0.607245054945054
0.607045054945055
0.606845054945055
0.606645054945055
0.606445054945055
0.605137362637362
0.603337362637362
0.601537362637362
0.599737362637362
0.597937362637362
0.600192307692307
0.602892307692307
0.605592307692308
0.608292307692308
0.61073956043956
0.61113956043956
0.611539560439561
0.61193956043956
0.61233956043956
0.610668131868132
0.604568131868132
0.598468131868132
0.592368131868132
0.586268131868131
0.581117582417582
0.576817582417582
0.572517582417582
0.568217582417582
0.563917582417582
0.564035164835165
0.565735164835165
0.567435164835165
0.569135164835165
0.570835164835165
0.569794505494505
0.568594505494506
0.567394505494505
0.566194505494506
0.564717582417582
0.561717582417583
0.558717582417583
0.555717582417582
0.552717582417582
0.553271428571429
0.560071428571429
0.566871428571428
0.573671428571428
0.580471428571428
0.584528571428571
0.586528571428571
0.588528571428571
0.590528571428571
0.592528571428571
0.594840659340659
0.597240659340659
0.59964065934066
0.602040659340659
0.604440659340659
0.603379120879121
0.602279120879121
0.601179120879121
0.600079120879121
0.598405494505494
0.594405494505495
0.590405494505495
0.586405494505495
0.582405494505494
0.580763736263736
0.582563736263736
0.584363736263736
0.586163736263737
0.587963736263737
0.589148351648352
0.589948351648351
0.590748351648351
0.591548351648351
0.592348351648351
0.596032967032967
0.600332967032967
0.604632967032967
0.608932967032967
0.613140659340659
0.614640659340659
0.616140659340659
0.617640659340659
0.619140659340659
0.620012087912088
0.618912087912088
0.617812087912087
0.616712087912088
0.615612087912088
0.615187912087912
0.615587912087912
0.615987912087912
0.616387912087912
0.616787912087912
0.618374725274725
0.620574725274725
0.622774725274725
0.624974725274725
0.627174725274726
0.626857142857143
0.626157142857143
0.625457142857143
0.624757142857143
0.62364945054945
0.617649450549451
0.611649450549451
0.60564945054945
0.59964945054945
0.596506593406593
0.600506593406594
0.604506593406593
0.608506593406593
0.612506593406594
0.614924175824176
0.615724175824176
0.616524175824176
0.617324175824176
0.618124175824176
0.618572527472527
0.618872527472527
0.619172527472527
0.619472527472528
0.619772527472528
0.617883516483516
0.615783516483516
0.613683516483516
0.611583516483517
0.609991208791209
0.612091208791209
0.614191208791209
0.616291208791209
0.618391208791209
0.62026043956044
0.621660439560439
0.62306043956044
0.624460439560439
0.62586043956044
0.629575824175824
0.635275824175824
0.640975824175824
0.646675824175824
0.652375824175824
0.653592307692308
0.653292307692308
0.652992307692308
0.652692307692307
0.652392307692308
0.651901098901099
0.651401098901099
0.650901098901098
0.650401098901099
0.649901098901099
0.649401098901099
0.648901098901099
0.648401098901099
0.647901098901099
0.649045054945055
0.652945054945055
0.656845054945055
0.660745054945055
0.664645054945055
0.666856043956044
0.667856043956044
0.668856043956044
0.669856043956044
0.670856043956044
0.672568131868132
0.674468131868132
0.676368131868132
0.678268131868132
