0.9175
0.9010
0.9000
0.8978
0.8928
0.8770
0.8795
0.8905
0.9005
0.9005
0.8985
0.8925
0.9020
0.9025
0.8998
0.8988
0.9023
0.9083
0.9060
0.9080
0.9052
0.9050
0.9038
0.9030
0.9020
0.8985
0.9015
0.9024
0.9067
0.9082
0.9087
0.9131
0.9178
0.9203
0.9219
0.9240
0.9226
0.9214
0.9247
0.9296
0.9307
0.9316
0.9326
0.9381
0.9464
0.9453
0.9464
0.9350
0.9382
0.9450
0.9440
0.9426
0.9440
0.9429
0.9435
0.9432
0.9508
0.9550
0.9574
0.9533
0.9527
0.9546
0.9614
0.9648
0.9653
0.9653
0.9535
0.9573
0.9553
0.9418
0.9395
0.9487
0.9475
0.9384
0.9365
0.9350
0.9389
0.9389
0.9393
0.9333
0.9185
0.9115
0.9153
0.9202
0.9224
0.9175
0.9184
0.9212
0.9231
0.9230
0.9208
0.9207
0.9213
0.9201
0.9228
0.9253
0.9309
0.9270
0.9198
0.9144
0.9082
0.9044
0.9040
0.8983
0.8991
0.9020
0.9001
0.8929
0.8914
0.8988
0.9032
0.9009
0.9019
0.8989
0.8972
0.8970
0.8992
0.8996
0.9044
0.9004
0.8941
0.8972
0.8984
0.8964
0.8954
0.8936
0.8879
0.8828
0.8835
0.8843
0.8728
0.8668
0.8557
0.8568
0.8643
0.8614
0.8613
0.8567
0.8573
0.8562
0.8518
0.8402
0.8346
0.8309
0.8224
0.8258
0.8400
0.8396
0.8339
0.8273
0.8289
0.8307
0.8232
0.8231
0.8290
0.8402
0.8388
0.8278
0.8300
0.8305
0.8347
0.8381
0.8468
0.8382
0.8427
0.8434
0.8437
0.8407
0.8410
0.8432
0.8445
0.8474
0.8549
0.8535
0.8542
0.8546
0.8563
0.8523
0.8497
0.8529
0.8519
0.8488
0.8455
0.8417
0.8318
0.8331
0.8301
0.8276
0.8343
0.8363
0.8325
0.8325
0.8283
0.8291
0.8321
0.8311
0.8283
0.8316
0.8315
0.8288
0.8328
0.8330
0.8304
0.8312
0.8332
0.8328
0.8337
0.8337
0.8337
0.8315
0.8310
0.8310
0.8302
0.8299
0.8297
0.8315
0.8333
0.8352
0.8354
0.8436
0.8483
0.8488
0.8422
0.8422
0.8487
0.8516
0.8581
0.8614
0.8621
0.8638
0.8646
0.8625
0.8616
0.8632
0.8606
0.8593
0.8583
0.8603
0.8593
0.8565
0.8595
0.8578
0.8542
0.8551
0.8577
0.8602
0.8596
0.8558
0.8541
0.8545
0.8512
0.8506
0.8434
0.8442
0.8478
0.8456
0.8404
0.8382
0.8353
0.8355
0.8312
0.8328
0.8350
0.8303
0.8278
0.8193
0.8083
0.8187
0.8103
0.8156
0.8099
0.8176
0.8222
0.8217
0.8173
0.8187
0.8195
0.8176
0.8169
0.8123
0.8121
0.8137
0.8137
0.8168
0.8151
0.8150
0.8130
0.7937
0.7849
0.7813
0.7677
0.7753
0.7653
0.7509
0.7415
0.7411
0.7405
0.7447
0.7115
0.6885
0.7055
0.7115
0.7035
0.7000
0.6975
0.7138
0.7063
0.7090
0.6963
0.6836
0.6886
0.6899
0.6952
0.7026
0.6964
0.6892
0.6849
0.6882
0.6926
0.7037
0.6929
0.6998
0.6954
0.6958
0.7029
0.7065
0.7051
0.7004
0.6708
0.6665
0.6550
0.6665
0.6638
0.6687
0.6702
0.6633
0.6695
0.6649
0.6385
0.6395
0.6308
0.6365
0.6565
0.6545
0.6580
0.6523
0.6503
0.6500
0.6615
0.6655
0.6632
0.6833
0.6930
0.6887
0.6957
0.7030
0.6935
0.6815
0.6810
0.6935
0.6923
0.6928
0.6818
0.6807
0.6657
0.6555
0.6593
0.6650
0.6580
0.6618
0.6625
0.6575
0.6615
0.6633
0.6625
0.6700
0.6640
0.6643
0.6615
0.6608
0.6705
0.6657
0.6665
0.6633
0.6650
0.6684
0.6687
0.6655
0.6681
0.6668
0.6669
0.6687
0.6722
0.6770
0.6812
0.6830
0.6950
0.6975
0.7057
0.7072
0.7051
0.7157
0.7126
0.7094
0.7144
0.7130
0.7047
0.7059
0.7156
0.7177
0.7271
0.7244
0.7134
0.7170
0.7136
0.7009
0.7035
0.7056
0.7154
0.7124
0.7074
0.7052
0.7004
0.7047
0.7047
0.7052
0.7057
0.7047
0.7042
0.7027
0.7016
0.7032
0.7034
0.6984
0.6884
0.6847
0.6904
0.6882
0.6765
0.6712
0.6734
0.6725
0.6734
0.6801
0.6834
0.6816
0.6791
0.6807
0.7020
0.7120
0.7086
0.7164
0.7124
0.7077
0.7039
0.7124
0.7082
0.7174
0.7040
0.7051
0.7004
0.6996
0.7032
0.7030
0.7017
0.6989
0.7001
0.7025
0.7045
0.7020
0.7017
0.6997
0.6996
0.7006
0.7002
0.7018
0.7002
0.6994
0.6897
0.6700
0.6605
0.6705
0.6740
0.6703
0.6575
0.6615
0.6733
0.6713
0.6718
0.6740
0.6804
0.6805
0.6835
0.6955
0.6903
0.6905
0.6855
0.6850
0.6836
0.6778
0.6793
0.6834
0.6795
0.6786
0.6795
0.6835
0.6840
0.6839
0.6819
0.6799
0.6797
0.6811
0.6823
0.6806
0.6806
0.6800
0.6822
0.6809
0.6831
0.6836
0.6809
0.6820
0.6879
0.6910
0.6914
0.6932
0.6891
0.6918
0.6974
0.6977
0.6959
0.6994
0.7064
0.7104
0.7088
0.7132
0.7136
0.7132
0.7155
0.7074
0.6964
0.6930
0.6972
0.6927
0.6929
0.6907
0.6969
0.6879
0.7012
0.6997
0.6972
0.7064
0.7077
0.7010
0.7018
0.7077
0.7093
0.7084
0.7012
0.6962
0.6997
0.7030
0.7004
0.7009
0.7025
0.7036
0.7052
0.7043
0.7034
0.7043
0.7124
0.7107
0.7114
0.7131
0.7175
0.7222
0.7173
0.7119
0.7152
0.7210
0.7175
0.7187
0.7184
0.7194
0.7184
0.7152
0.7148
0.7160
0.7129
0.7159
0.7171
0.7149
0.7221
0.7264
0.7309
0.7284
0.7388
0.7382
0.7391
0.7349
0.7325
0.7382
0.7402
0.7367
0.7404
0.7424
0.7455
0.7407
0.7124
0.7160
0.7172
0.7217
0.7269
0.7250
0.7127
0.7167
0.7183
0.7217
0.7224
0.7204
0.7166
0.7084
0.7083
0.7000
0.7012
0.6898
0.6910
0.6964
0.6879
0.6916
0.6941
0.6962
0.6936
0.6939
0.6934
0.6831
0.6811
0.6655
0.6714
0.6712
0.6772
0.6646
0.6604
0.6345
0.6450
0.6445
0.6289
0.6302
0.6387
0.6370
0.6426
0.6440
0.6392
0.6359
0.6389
0.6410
0.6378
0.6277
0.6132
0.6101
0.6030
0.6095
0.6084
0.5980
0.6020
0.6047
0.6124
0.6170
0.6137
0.6091
0.6057
0.6068
0.6140
0.6130
0.6269
0.6264
0.6286
0.6155
0.6120
0.6089
0.6052
0.6076
0.6085
0.6089
0.6085
0.6097
0.6092
0.6094
0.6144
0.6144
0.6154
0.6125
0.6120
0.6167
0.6183
0.6255
0.6250
0.6217
0.6243
0.6260
0.6264
0.6316
0.6317
0.6317
0.6292
0.6288
0.6274
0.6299
0.6296
0.6330
0.6351
0.6361
0.6357
0.6374
0.6378
0.6368
0.6397
0.6439
0.6411
0.6371
0.6362
0.6372
0.6381
0.6430
0.6443
0.6395
0.6415
0.6432
0.6402
0.6420
0.6398
0.6413
0.6421
0.6419
0.6430
0.6460
0.6441
0.6442
0.6453
0.6455
0.6429
0.6419
0.6442
0.6445
0.6453
0.6455
0.6467
0.6506
0.6493
0.6488
0.6521
0.6507
0.6522
0.6536
0.6533
0.6532
0.6529
0.6524
0.6583
0.6589
0.6615
0.6641
0.6635
0.6648
0.6660
0.6748
0.6693
0.6598
0.6621
0.6642
0.6648
0.6674
0.6687
0.6653
0.6648
0.6648
0.6667
0.6665
0.6602
0.6425
0.6483
0.6502
0.6468
0.6637
0.6608
0.6598
0.6618
0.6622
0.6610
0.6613
0.6608
0.6606
0.6631
0.6686
0.6694
0.6688
0.6684
0.6642
0.6660
0.6660
0.6637
0.6577
0.6619
0.6647
0.6655
0.6635
0.6645
0.6683
0.6732
0.6733
0.6748
0.6803
0.6768
0.6793
0.6785
0.6781
0.6786
0.6843
0.6839
0.6882
0.6862
0.6814
0.6874
0.6888
0.6824
0.6846
0.6871
0.6942
0.6958
0.6931
0.6963
0.7036
0.7053
0.7049
0.7032
0.7095
0.7113
0.7083
0.7103
0.7129
0.7150
0.7204
0.7205
0.7258
0.7149
0.7068
0.7058
0.7113
0.7084
0.7130
0.7064
0.7071
0.7048
0.7037
0.7038
0.7073
0.7109
0.7101
0.7130
0.7120
0.7163
0.7135
0.7127
0.7142
0.7193
0.7183
0.7199
0.7230
0.7208
0.7181
0.7188
0.7132
0.7135
0.7137
0.7142
0.7140
0.7168
0.7158
0.7139
0.7151
0.7161
0.7160
0.7167
0.7162
0.7178
0.7204
0.7218
0.7219
0.7201
0.7168
0.7169
0.7188
0.7194
0.7198
0.7203
0.7212
0.7202
0.7185
0.7147
0.7098
0.7064
0.7090
0.7081
0.7120
0.7044
0.7046
0.7110
0.7110
0.7067
0.7071
0.7093
0.7079
0.7070
0.7074
0.7028
0.7010
0.6977
0.6978
0.6998
0.6993
0.7008
0.7010
0.7001
0.6990
0.7012
0.7030
0.7030
0.7056
0.7103
0.7085
0.7166
0.7139
0.7131
0.7140
0.7143
0.7140
0.7128
0.7121
0.7124
0.7166
0.7192
0.7203
0.7207
0.7253
0.7248
0.7292
0.7262
0.7275
0.7303
0.7291
0.7341
0.7334
0.7346
0.7370
0.7363
0.7286
0.7317
0.7215
0.7243
0.7220
0.7194
0.7141
0.7181
0.7143
0.7201
0.7223
0.7237
0.7227
0.7263
0.7236
0.7212
0.7253
0.7208
0.7241
0.7161
0.7124
0.7142
0.7154
0.7137
0.7012
0.6996
0.6825
0.6757
0.6791
0.6730
0.6771
0.6795
0.6816
0.6845
0.6783
0.6817
0.6820
0.6831
0.6860
0.6948
0.6940
0.6953
0.6933
0.6855
0.6857
0.6918
0.6953
0.6939
0.7052
0.7061
0.7028
0.7040
0.6979
0.6980
0.6987
0.7022
0.7037
0.7103
0.7174
0.7175
0.7128
0.7187
0.7166
0.7113
0.7118
0.7138
0.7138
0.7175
0.7212
0.7208
0.7225
0.7248
0.7199
0.7082
0.7066
0.7031
0.7107
0.7081
0.7139
0.7088
0.7126
0.7038
0.7107
0.7124
0.7151
0.7162
0.7155

0.7152
0.7153
0.7138
0.7095
0.7112
0.7150
0.7109
0.7128
0.7098
0.7102
0.7110
0.7133
0.7118
0.7086
0.7138
0.7135
0.7157
0.7163
0.7194
0.7193
0.7186
0.7177
0.7188
0.7198
0.7188
0.7218
0.7240
0.7246
0.7283
0.7310
0.7297
0.7293
0.7310
0.7298
0.7296
0.7312
0.7353
0.7333
0.7377
0.7385
0.7407
0.7406
0.7417
0.7368
0.7352
0.7366
0.7388
0.7415
0.7399
0.7384
0.7408
0.7444
0.7441
0.7432
0.7443
0.7480
0.7481
0.7502
0.7473
0.7499
0.7542
0.7559
0.7559
0.7559
0.7585
0.7583
0.7619
0.7710
0.7664
0.7679
0.7690
0.7746
0.7771
0.7656
0.7742
0.7744
0.7706
0.7708
0.7728
0.7819
0.7869
0.7867
0.7872
0.7993
0.8065
0.8052
0.8051
0.8135
0.8043
0.8070
0.7903
0.7941
0.8056
0.8049
0.8065
0.8034
0.7984
0.8048
0.8124
0.8213
0.8223
0.8237
0.8229
0.8248
0.8118
0.8106
0.7984
0.7940
0.7863
0.7751
0.7830
0.7964
0.8040
0.7998
0.7900
0.7935
0.8005
0.7989
0.7944
0.7931
0.7985
0.8100
0.8079
0.8140
0.8151
0.8089
0.8031
0.8089
0.8045
0.8010
0.8073
0.8036
0.8051
0.8051
0.7971
0.8004
0.7957
0.8003
0.8032
0.8039
0.8007
0.8020
0.8033
0.8144
0.8162
0.8139
0.8122
0.8189
0.8135
0.8135
0.8025
0.8069
0.7972
0.7953
0.8032
0.8021
0.8061
0.8015
0.8054
0.8030
0.7982
0.7964
0.7958
0.7998
0.7896
0.7858
0.7817
0.7846
0.7862
0.7798
0.7844
0.7828
0.7824
0.7829
0.7833
0.7871
0.7907
0.7945
0.7970
0.8021
0.8036
0.8031
0.8087
0.8089
0.8117
0.8094
0.8174
0.8191
0.8214
0.8178
0.8167
0.8223
0.8249
0.8235
0.8256
0.8220
0.8222
0.8271
0.8292
0.8276
0.8328
0.8347
0.8440
0.8471
0.8542
0.8522
0.8463
0.8611
0.8546
0.8540
0.8614
0.8637
0.8664
0.8728
0.8689
0.8701
0.8781
0.8772
0.8677
0.8754
0.8767
0.8745
0.8661
0.8701
0.8562
0.8483
0.8439
0.8566
0.8433
0.8495
0.8533
0.8520
0.8545
0.8520
0.8550
0.8517
0.8555
0.8595
0.8715
0.8704
0.8673
0.8636
0.8687
0.8614
0.8657
0.8647
0.8635
0.8559
0.8645
0.8645
0.8729
0.8763
0.8812
0.8810
0.8798
0.8761
0.8744
0.8890
0.8906
0.8937
0.8788
0.8784
0.8813
0.8900
0.8913
0.8866
0.8877
0.8873
0.8764
0.8505
0.8308
0.8187
0.8101
0.8134
0.8260
0.8221
0.8179
0.7996
0.7987
0.8012
0.8118
0.8161
0.8116
0.8077
0.8161
0.8246
0.8213
0.8143
0.8053
0.8143
0.8175
0.8227
0.8264
0.8238
0.8271
0.8203
0.8115
0.8193
0.8194
0.8206
0.8226
0.8078
0.8030
0.8087
0.8063
0.8083
0.8090
0.8081
0.8060
0.8111
0.7968
0.7998
0.8020
0.7978
0.7919
0.7956
0.7954
0.7928
0.7921
0.7917
0.7953
0.8020
0.8008
0.7997
0.7988
0.7923
0.7918
0.7850
0.7774
0.7723
0.7637
0.7624
0.7618
0.7456
0.7479
0.7492
0.7568
0.7619
0.7391
0.7480
0.7484
0.7522
0.7579
0.7594
0.7505
0.7528
0.7536
0.7527
0.7417
0.7445
0.7396
0.7520
0.7512
0.7562
0.7583
0.7729
0.7689
0.7702
0.7631
0.7575
0.7570
0.7553
0.7572
0.7622
0.7708
0.7693
0.7671
0.7675
0.7601
0.7584
0.7595
0.7569
0.7554
0.7590
0.7482
0.7476
0.7502
0.7485
0.7499
0.7534
0.7571
0.7490
0.7524
0.7594
0.7668
0.7674
0.7653
0.7619
0.7652
0.7677
0.7666
0.7621
0.7597
0.7603
0.7562
0.7584
0.7561
0.7582
0.7645
0.7637
0.7589
0.7604
0.7599
0.7577
0.7665
0.7656
0.7635
0.7602
0.7599
0.7612
0.7613
0.7642
0.7632
0.7629
0.7699
0.7763
0.7776
0.7753
0.7756
0.7753
0.7687
0.7808
0.7912
0.7875
0.7858
0.7777
0.7764
0.7776
0.7777
0.7785
0.7770
0.7785
0.7834
0.7779
0.7775
0.7734
0.7684
0.7590
0.7677
0.7695
0.7724
0.7759
0.7719
0.7699
0.7751
0.7761
0.7767
0.7795
0.7831
0.7809
0.7792
0.7800
0.7802
0.7822
0.7843
0.7877
0.7886
0.7871
0.7876
0.7864
0.7814
0.7819
0.7821
0.7782
0.7751
0.7797
0.7813
0.7846
0.7855
0.7823
0.7815
0.7827
0.7828
0.7807
0.7829
0.7840
0.7827
0.7839
0.7854
0.7866
0.7859
0.7836
0.7834
0.7846
0.7847
0.7859
0.7885
0.7946
0.7957
0.7927
0.7875
0.7854
0.7824
0.7850
0.7832
0.7859
0.7875
0.7919
0.7924
0.7923
0.7894
0.7903
0.7954
0.7939
0.7932
0.7822
0.7695
0.7667
0.7592
0.7598
0.7644
0.7708
0.7682
0.7721
0.7717
0.7661
0.7620
0.7512
0.7529
0.7519
0.7535
0.7491
0.7468
0.7559
0.7597
0.7612
0.7567
0.7673
0.7608
0.7631
0.7657
0.7594
0.7590
0.7641
0.7588
0.7613
0.7610
0.7614
0.7603
0.7581
0.7585
0.7636
0.7588
0.7551
0.7519
0.7572
0.7537
0.7521
0.7502
0.7460
0.7466
0.7469
0.7479
0.7542
0.7569
0.7614
0.7649
0.7649
0.7664
0.7665
0.7648
0.7636
0.7665
0.7650
0.7660
0.7716
0.7725
0.7695
0.7667

0.7614
0.7534
0.7509
0.7466
0.7517
0.7563
0.7547
0.7548
0.7562
0.7589
0.7586
0.7617
0.7618
0.7684
0.7638
0.7630
0.7619
0.7637
0.7652
0.7676
0.7648
0.7647
0.7690
0.7668
0.7721
0.7691
0.7686
0.7689
0.7679
0.7709
0.7730
0.7726

0.7741
0.7747
0.7745
0.7753
0.7768
0.7811
0.7836
0.7865
0.7845
0.7843
0.7849
0.7883
0.7874
0.7890
0.7947
0.7969
0.8017
0.7995
0.7978
0.7990
0.8085
0.8081
0.7956
0.7935
0.7822
0.7892
0.7902
0.7894
0.7869
0.7862
0.7848
0.7840
0.7837
0.7830
0.7918
0.7901
0.7948
0.7831
0.7854
0.7874
0.7912
0.7927
0.8000
0.7986
0.8005
0.8043
0.8053
0.8063
0.8071
0.8070
0.8137
0.8184
0.8240
0.8450
0.8290
0.8347
0.8308
0.8263
0.8162
0.8120
0.8146
0.8265
0.8245
0.8221
0.8150
0.8163
0.8212
0.8200
0.8265
0.8301
0.8300
0.8291
0.8265
0.8300
0.8295
0.8329
0.8327
0.8313
0.8265
0.8302
0.8297
0.8298
0.8307
0.8335
0.8371
0.8375
0.8305
0.8220
0.8180
0.7947
0.7835
0.7860
0.7825
0.7751
0.7767
0.7778
0.7795
0.7779
0.7822
0.7839
0.7845
0.7847
0.7835
0.7780
0.7830
0.7925
0.7823
0.7803
0.7805
0.7792
0.7797
0.7720
0.7712
0.7715
0.7639
0.7660
0.7670
0.7668
0.7665
0.7670
0.7699
0.7705
0.7724
0.7745
0.7733
0.7760
0.7760
0.7695
0.7697
0.7726
0.7681
0.7665
0.7638
0.7633
0.7645
0.7684
0.7697
0.7699
0.7705
0.7725
0.7700
0.7708
0.7733
0.7725
0.7744
0.7782
0.7780
0.7779
0.7742
0.7737
0.7733
0.7732
0.7770
0.7847
0.7802
0.7827
0.7814
0.7805
0.7836
0.7836
0.7798
0.7835
0.7852
0.7849
0.7820
0.7819
0.7818
0.7763
0.7824
0.7784
0.7803
0.7810
0.7884
0.7869
0.7874
0.7884
0.7902
0.7869
0.7869
0.7878
0.7838
0.7843
0.7852
0.7851
0.7874
0.7824
0.7733
0.7684
0.7719
0.7649
0.7657
0.7697
0.7657
0.7680
0.7710
0.7696
0.7718
0.7713
0.7710
0.7727
0.7724
0.7696
0.7754
0.7752
0.7752
0.7759
0.7819
0.7844
0.7856
0.7864
0.7884
0.7849
0.7830
0.7825
0.7799
0.7806
0.7777
0.7712
0.7708
0.7742
0.7753
0.7778
0.7781
0.7817
0.7800
0.7769
0.7782
0.7810
0.7799
0.7822
0.7848
0.7820
0.7812
0.7781
0.7823
0.7826
0.7827
0.7816
0.7818
0.7760
0.7611
0.7597
0.7574
0.7606
0.7623
0.7628
0.7609
0.7569
0.7599
0.7605
0.7578
0.7533

0.7535
0.7562
0.7532
0.7559
0.7575
0.7610
0.7615
0.7641
0.7652
0.7634
0.7655
0.7670
0.7677
0.7681
0.7674
0.7659
0.7631
0.7624
0.7638
0.7662
0.7658
0.7668
0.7678
0.7675
0.7731
0.7757
0.7750
0.7749
0.7726
0.7758
0.7738
0.7767
0.7751
0.7743
0.7761
0.7772
0.7775
0.7792
0.7780
0.7791
0.7828
0.7831
0.7835
0.7837
0.7837
0.7839
0.7818
0.7805
0.7781
0.7764
0.7804
0.7820
0.7860
0.7868
0.7861
0.7834
0.7849
0.7843
0.7848
0.7840
0.7782
0.7834
0.7862
0.7863
0.7881
0.7903
0.7887
0.7931
0.7938
0.7963
0.8002
0.8005
0.7971
0.7957
0.7984
0.8008
0.7980
0.7952
0.7937
0.7995
0.7985
0.7987
0.8023
0.7972
0.7936
0.7938
0.7950
0.7953
0.7968
0.7996
0.7995
0.7955
0.7968
0.7986
0.7980
0.7958
0.7901
0.7840
0.7867
0.7838
0.7851
0.7884
0.7837
0.7801
0.7818
0.7851
0.7846
0.7835
0.7843
0.7857
0.7865
0.7855
0.7863
0.7861
0.7863
0.7871
0.7893
0.7903
0.7913
0.7923
0.7896
0.7873
0.7856
0.7848
0.7829
0.7838
0.7859
0.7812
0.7758
0.7763
0.7732
0.7732
0.7718
0.7708
0.7738
0.7740
0.7739
0.7733
0.7704
0.7635
0.7610

0.7613
0.7601
0.7598
0.7593
0.7567
0.7616
0.7599
0.7578
0.7525
0.7402
0.7406
0.7443
0.7429
0.7431
0.7407
0.7443
0.7503
0.7509
0.7537
0.7389
0.7412
0.7447
0.7442
0.7498
0.7510
0.7523
0.7492
0.7445
0.7465
0.7525
0.7484
0.7508
0.7524
0.7553
0.7553
0.7551
0.7557
0.7561
0.7551
0.7491
0.7507
0.7507
0.7520
0.7546
0.7532
0.7542
0.7527
0.7548
0.7563
0.7550
0.7564
0.7568
0.7565
0.7547
0.7549
0.7566
0.7605
0.7595
0.7608
0.7607
0.7618
0.7644
0.7663
0.7644
0.7657
0.7684
0.7663
0.7655
0.7674
0.7676
0.7632
0.7617
0.7616
0.7622
0.7621
0.7652
0.7670
0.7653
0.7666
0.7632
0.7613
0.7570
0.7554
0.7554
0.7609
0.7593
0.7572
0.7560
0.7590
0.7574
0.7556
0.7534
0.7508
0.7511
0.7526
0.7564
0.7566
0.7574
0.7582
0.7559
0.7559
0.7572
0.7587
0.7584
0.7578
0.7583
0.7589
0.7587
0.7580
0.7601
0.7629
0.7627
0.7651
0.7628
0.7616
0.7615
0.7558
0.7539
0.7542
0.7526
0.7539
0.7511
0.7522
0.7511
0.7524
0.7486
0.7485
0.7488
0.7463
0.7431
0.7445
0.7458
0.7439
0.7438
0.7454
0.7465
0.7468
0.7483
0.7467
0.7437
0.7433
0.7464
0.7462
0.7474
0.7471
0.7473
0.7456
0.7433
0.7431
0.7458
0.7442
0.7440
0.7427
0.7408
0.7371
0.7384
0.7380
0.7324
0.7273
0.7191
0.7186
0.7219
0.7226
0.7245
0.7228
0.7218
0.7125
0.7155
0.7150
0.7148
0.7187
0.7134
0.7163
0.7208
0.7200
0.7228
0.7184
0.7145
0.7157
0.7207
0.7238
0.7325
0.7293
0.7329
0.7298
0.7274
0.7277
0.7233
0.7233
0.7208
0.7233
0.7220
0.7153
0.7140
0.7134
0.7168
0.7175
0.7214
0.7173
0.7201
0.7176
0.7183
0.7227
0.7227
0.7226
0.7231
0.7190
0.7163
0.7164
0.7190
0.7188
0.7173
0.7129
0.7023
0.6970
0.6954
0.6907
0.6933
0.6936
0.6976
0.6956
0.6988
0.6897
0.6945
0.6928
0.6930
0.6931
0.6853
0.6858
0.6851
0.6847
0.6870
0.6858
0.6894
0.6878
0.6880
0.6823
0.6834
0.6838
0.6859
0.6932
0.6919
0.6925
0.6939
0.6914
0.6899
0.6892
0.6877
0.6895
0.6904
0.6909
0.6916
0.6918
0.6885
0.6901
0.6888
0.6886
0.6880
0.6868
0.6788
0.6725
0.6713
0.6713
0.6725
0.6732
0.6740
0.6718
0.6724
0.6758
0.6758
0.6718
0.6654
0.6734
0.6712
0.6720
0.6758
0.6751
0.6786
0.6741
0.6763
0.6785
0.6783
0.6771
0.6715
0.6705
0.6705
0.6737
0.6762
0.6773
0.6757
0.6849
0.6864
0.6871
0.6901
0.6922
0.6947
0.6939
0.6957
0.7019
0.7046
0.7070
0.7077
0.7116
0.7054
0.7027
0.7028
0.7058
0.7050
0.7067
0.7064
0.7068
0.7095
0.7164
0.7169
0.7073
0.7057
0.7054
0.7079
0.7078
0.7115
0.7058
0.7000
0.6985
0.6981
0.7023
0.7062
0.7093
0.7135
0.7175
0.7201
0.7169
0.7163
0.7203
0.7168
0.7139
0.7109
0.7173
0.7205
0.7133
0.7123
0.7116
0.7073
0.7012
0.7007
0.7033
0.7051
0.7073
0.7015
0.7018
0.6988
0.7037
0.7013
0.6950
0.6927
0.6924
0.6937
0.6921
0.6969
0.6970
0.6945
0.6921
0.6769
0.6732
0.6810
0.6768
0.6748
0.6753
0.6713
0.6711
0.6740
0.6770
0.6748
0.6779
0.6774
0.6741
0.6782
0.6853
0.6829
0.6704
0.6718
0.6683
0.6688
0.6722
0.6722
0.6672
0.6688
0.6749
0.6748
0.6770
0.6814
0.6819
0.6789
0.6771
0.6810
0.6793
0.6814
0.6764
0.6760
0.6785
0.6775
0.6767
0.6786
0.6782
0.6782
0.6772
0.6834
0.6897
0.6892
0.6875
0.6878
0.6804
0.6815
0.6841
0.6859
0.6828
0.6760
0.6754
0.6805
0.6745
0.6768
0.6791
0.6760
0.6674
0.6706
0.6707
0.6678
0.6718
0.6708
0.6703
0.6648
0.6531
0.6513
0.6483
0.6548
0.6563
0.6571
0.6503
0.6443
0.6461
0.6507
0.6482
0.6471
0.6511
0.6559
0.6514
0.6545
0.6522
0.6473
0.6461
0.6453
0.6463
0.6475
0.6464
0.6514
0.6543
0.6544
0.6589
0.6593
0.6600
0.6622
0.6631
0.6609
0.6638
0.6646
0.6693
0.6690
0.6679
0.6700
0.6658
0.6655
0.6661
0.6720
0.6730
0.6736
0.6746
0.6740
0.6728
0.6665
0.6667
0.6615
0.6640
0.6535
0.6568
0.6625
0.6657
0.6593
0.6588
0.6636
0.6628
0.6655
0.6624
0.6593
0.6586
0.6591
0.6626
0.6687
0.6673
0.6697
0.6679
0.6725
0.6709
0.6702
0.6711
0.6732
0.6755
0.6745
0.6786
0.6797
0.6798
0.6793
0.6784
0.6771
0.6757
0.6771
0.6873
0.6870
0.6857
0.6851
0.6849
0.6904
0.6894
0.6905
0.6892
0.6897
0.6968
0.6998
0.7010
0.7022
0.7016
0.7084
0.7088
0.7075
0.7112
0.7133
0.7134
0.7151
0.7145
0.7120
0.7184
0.7183
0.7208
0.7170
0.7113
0.7081
0.7120
0.7134
0.7143
0.7110
0.7186
0.7220
0.7280
0.7225
0.7178
0.7150
0.7085
0.7084
0.7111
0.7200
0.7187
0.7143
0.7095
0.7104
0.7181
0.7198
0.7139
0.7124
0.7103
0.7142
0.7089
0.7111
0.7116
0.7084
0.7113
0.7089
0.7029
0.7008
0.7017
0.7049
0.7067
0.7175
0.7212
0.7206
0.7238
0.7238
0.7265
0.7236
0.7178
0.7162
0.7136
0.7186
0.7177
0.7164
0.7137
0.7124
0.7154
0.7118
0.7041
0.7117
0.7158
0.7153
0.7197
0.7217
0.7178
0.7212
0.7236
0.7261
0.7309
0.7283
0.7290
0.7311
0.7343
0.7348
0.7331
0.7330
0.7341
0.7361
0.7390
0.7381
0.7368
0.7375
0.7343
0.7345
0.7346
0.7344
0.7348
0.7304
0.7268
0.7324
0.7402
0.7397
0.7445
0.7331
0.7313
0.7210
0.7248
0.7221
0.7291
0.7313
0.7328
0.7305
0.7241
0.7317
0.7276
0.7331
0.7364
0.7365
0.7340
0.7365
0.7331
0.7316
0.7366
0.7366
0.7381
0.7427
0.7440
0.7403
0.7367
0.7393
0.7379
0.7377
0.7318
0.7304
0.7414
0.7423
0.7419
0.7412
0.7483
0.7443
0.7436
0.7408
0.7427
0.7400
0.7404
0.7384
0.7354
0.7398
0.7418
0.7423
0.7425
0.7428
0.7425
0.7422
0.7426
0.7395
0.7408
0.7406
0.7431
0.7452
0.7428
0.7437
0.7443
0.7422
0.7434
0.7434
0.7431
0.7400
0.7358
0.7391
0.7414
0.7411
0.7400
0.7377
0.7393
0.7416
0.7384
0.7394
0.7402
0.7382
0.7382
0.7387
0.7366
0.7373
0.7355
0.7363
0.7367
0.7372
0.7363
0.7320
0.7371
0.7368
0.7386
0.7424
0.7432
0.7422
0.7421
0.7409
0.7424
0.7423
0.7485
0.7527
0.7526
0.7550
0.7540
0.7530
0.7518
0.7504
0.7529
0.7535
0.7582
0.7644
0.7588
0.7614
0.7594
0.7617
0.7626
0.7674
0.7683
0.7671
0.7718
0.7686
0.7697
0.7690
0.7724
0.7726
0.7757
0.7778
0.7777
0.7773
0.7763
0.7758
0.7765
0.7761
0.7758
0.7768
0.7769
0.7768
0.7768
0.7761
0.7704
0.7693
0.7699
0.7658
0.7643
0.7670
0.7706
0.7613
0.7593
0.7616
0.7596
0.7613
0.7674
0.7701
0.7698
0.7711
0.7625
0.7601
0.7583
0.7582
0.7585
0.7590
0.7528
0.7455
0.7470
0.7419
0.7437
0.7470
0.7426
0.7466
0.7459
0.7379
0.7377
0.7418
0.7435
0.7392
0.7376
0.7399
0.7395
0.7364
0.7351
0.7373
0.7337
0.7387
0.7386
0.7410
0.7413
0.7455
0.7459
0.7465
0.7466
0.7418
0.7293
0.7255
0.7281
0.7226
0.7265
0.7275
0.7268
0.7271
0.7263
0.7280
0.7343
0.7324
0.7387
0.7393
0.7371
0.7402
0.7391
0.7423
0.7420
0.7456
0.7407
0.7357
0.7363
0.7248
0.7276
0.7271
0.7299
0.7282
0.7285
0.7295
0.7348
0.7426
0.7411
0.7382
0.7286
0.7295
0.7350
0.7368
0.7323
0.7314
0.7303
0.7196
0.7195
0.7187
0.7198
0.7182
0.7229
0.7197
0.7212
0.7138
0.7125
0.7160
0.7143
0.7143
0.7193
0.7200
0.7204
0.7206
0.7174
0.7214
0.7213
0.7269
0.7272
0.7243
0.7245
0.7250
0.7198
0.7215
0.7188
0.7153
0.7158
0.7086
0.7109
0.7093
0.7113
0.7115
0.7144
0.7159
0.7173
0.7198
0.7319
0.7302
0.7309
0.7333
0.7319
0.7337
0.7351
0.7359
0.7390
0.7405
0.7374
0.7346
0.7389
0.7406
0.7393
0.7396
0.7365
0.7412
0.7435
0.7441
0.7408
0.7443
0.7411
0.7414
0.7330
0.7333
0.7354
0.7368
0.7378
0.7395
0.7394
0.7426
0.7426
0.7498
0.7523
0.7524
0.7496
0.7507
0.7508
0.7513
0.7507
0.7526
0.7520
0.7576
0.7651
0.7602
0.7610
0.7558
0.7577
0.7573
0.7560
0.7504
0.7487
0.7521
0.7496
0.7536
0.7550
0.7605
0.7643
0.7675
0.7638
0.7597
0.7642
0.7592
0.7618
0.7642
0.7608
0.7583
0.7571
0.7511
0.7583
0.7518
0.7489
0.7499
0.7491
0.7567
0.7536
0.7593
0.7566
0.7603
0.7578
0.7579
0.7575
0.7543
0.7513
0.7427
0.7385
0.7383
0.7384
0.7396
0.7389
0.7405
0.7428
0.7458
0.7416
0.7403
0.7394
0.7403
0.7453
0.7507
0.7469
0.7430
0.7403
0.7378
0.7420
0.7408
0.7399
0.7376
0.7377
0.7421
0.7449
0.7406
0.7414
0.7417
0.7413
0.7428
0.7409
0.7438
0.7463
0.7450
0.7440
0.7462
0.7450
0.7408
0.7472
0.7462
0.7453
0.7458
0.7440
0.7446
0.7447
0.7433
0.7412
0.7393
0.7346
0.7336
0.7327
0.7368
0.7394
0.7422
0.7447
0.7458
0.7503
0.7578
0.7556
0.7528
0.7546
0.7563
0.7564
0.7557
0.7541
0.7548
0.7554
0.7576
0.7571
0.7544
0.7530
0.7552
0.7579
0.7583
0.7594
0.7635
0.7645
0.7634
0.7588
0.7627
0.7641
0.7660
0.7676
0.7689
0.7738
0.7760
0.7740
0.7733
0.7758
0.7739
0.7752
0.7770
0.7746
0.7732
0.7752
0.7827
0.7793
0.7840
0.7849
0.7805
0.7842
0.7873
0.7892
0.7910
0.7911
0.7921
0.7877
0.7858
0.7863
0.7820
0.7859
0.7891
0.7862
0.7900
0.7873
0.7854
0.7900
0.7944
0.7956
0.7969
0.7974
0.8014
0.7993
0.8016
0.7992
0.8011
0.8022
0.8018
0.8023
0.7989
0.7932
0.7937
0.7933
0.7901
0.7914
0.7933
0.7972
0.7977
0.7983
0.8007
0.7988
0.7943
0.7907
0.7879
0.7934
0.7923
0.7924
0.7869
0.7911
0.7919
0.7886
0.7886
0.7892
0.7894
0.7916
0.7921
0.7901
0.7890
0.7874
0.7863
0.7823
0.7826
0.7856
0.7939
0.7942
0.7964
0.7991
0.7943
0.7959
0.7938
0.7875
0.7838
0.7910
0.7923
0.7879
0.7914
0.7908
0.7877
0.7883
0.7877
0.7731
0.7757
0.7741
0.7729
0.7729
0.7728
0.7778
0.7786
0.7787
0.7786
0.7798
0.7808
0.7827
0.7857
0.7886
0.7911
0.7911
0.7907
0.7909
0.7891
0.7901
0.7932
0.7909
0.7892
0.7908
0.7920
0.7903
0.7944
0.8008
0.7991
0.7993
0.7990
0.7968
0.7918
0.7898
0.7893
0.7896
0.7911
0.7928
0.7906
0.7886
0.7916
0.7923
0.7924
0.7912
0.7937
0.7938
0.7894
0.7896
0.7871
0.7897
0.7877
0.7893
0.7904
0.7923
0.7910
0.7919
0.7938
0.7974
0.7961
0.7948
0.7918
0.7930
0.7925
0.7918
0.7920
0.7919
0.7898
0.7886
0.7871
0.7908
0.7828
0.7837
0.7878
0.7874
0.7885
0.7902
0.7906
0.7908
0.7944
0.7967
0.8068
0.8096
0.8111
0.8111
0.8104
0.8101
0.8107
0.8203
0.8149
0.7976
0.7963
0.7951
0.7984
0.8028
0.7918
0.7927
0.7940
0.7923
0.7938
0.7933
0.7915
0.7963
0.7969
0.7997
0.7963
0.7969
0.7965
0.7944
0.7918
0.7908
0.7906
0.7874
0.7812
0.7768
0.7815
0.7779
0.7773
0.7748
0.7796
0.7814
0.7785
0.7776
0.7707
0.7729
0.7733
0.7677
0.7720
0.7620
0.7636
0.7655
0.7636
0.7642
0.7606
0.7605
0.7586
0.7565
0.7673
0.7638
0.7641
0.7668
0.7644
0.7688
0.7737
0.7767
0.7760
0.7743
0.7757
0.7758
0.7804
0.7912
0.7876
0.7853
0.7897
0.7865
0.7885
0.7939
0.7923
0.7988
0.7980
0.7903
0.7877
0.7872
0.7841
0.7873
0.7894
0.7829
0.7865
0.7874
0.7861
0.7816
0.7767
0.7761
0.7761
0.7811
0.7808
0.7854
0.7841
0.7769
0.7755
0.7735
0.7752
0.7763
0.7757
0.7775
0.7750
0.7768
0.7795
0.7811
0.7856
0.7835
0.7828
0.7808
0.7767
0.7776
0.7782
0.7782
0.7816
0.7778
0.7767
0.7769
0.7752
0.7738
0.7766
0.7837
0.7677
0.7640
0.7656
0.7651
0.7665
0.7613
0.7580
0.7590
0.7598
0.7575
0.7597
0.7613
0.7599
0.7522
0.7524
0.7511
0.7477
0.7514
0.7480
0.7510
0.7514
0.7518
0.7506
0.7509
0.7495
0.7455
0.7531
0.7550
0.7532
0.7523
0.7460
0.7421
0.7453
0.7429
0.7445
0.7379
0.7356
0.7336
0.7376
0.7386
0.7409
0.7407
0.7379
0.7349
0.7405
0.7373
0.7373
0.7456
0.7452
0.7446
0.7392
0.7395
0.7356
0.7358
0.7313
0.7362
0.7382
0.7450
0.7436
0.7438
0.7423
0.7369
0.7434
0.7450
0.7480
0.7474
0.7468
0.7476
0.7411
0.7344
0.7315
0.7273
0.7272
0.7313
0.7326
0.7303
0.7286
0.7267
0.7200
0.7218
0.7230
0.7173
0.7195
0.7166
0.7201
0.7201
0.7204
0.7198
0.7241
0.7249
0.7183
0.7198
0.7271
0.7281
0.7285
0.7279
0.7230
0.7251
0.7374
0.7353
0.7391
0.7384
0.7345
0.7381
0.7345
0.7306
0.7289
0.7123
0.7077
0.7056
0.6865
0.6941
0.7036
0.6986
0.7036
0.7128
0.7092
0.7051
0.6984
0.6960
0.6961
0.6986
0.6971
0.6942
0.6973
0.7021
0.6971
0.6946
0.6876
0.6937
0.6940
0.6883
0.6849
0.6806
0.6803
0.6790
0.6777
0.6757
0.6736
0.6732
0.6711
0.6712
0.6660
0.6672
0.6618
0.6589
0.6496
0.6574
0.6586
0.6506
0.6522
0.6533
0.6555
0.6575
0.6543
0.6527
0.6506
0.6493
0.6343
0.6336
0.6364
0.6415
0.6416
0.6396
0.6499
0.6514
0.6566
0.6657
0.6637
0.6621
0.6568
0.6580
0.6723
0.6785
0.6739
0.6693
0.6825
0.6844
0.6802
0.6784
0.6753
0.6716
0.6744
0.6823
0.6778
0.6730
0.6666
0.6641
0.6707
0.6727
0.6751
0.6656
0.6654
0.6633
0.6690
0.6745
0.6803
0.6833
0.6784
0.6743
0.6670
0.6663
0.6687
0.6694
0.6667
0.6726
0.6722
0.6697
0.6652
0.6631
0.6628
0.6632
0.6697
0.6689
0.6705
0.6737
0.6684
0.6634
0.6617
0.6577
0.6548
0.6588
0.6572
0.6588
0.6588
0.6486
0.6482
0.6505
0.6545
0.6467
0.6482
0.6520
0.6514
0.6520
0.6468
0.6446
0.6466
0.6499
0.6543
0.6455
0.6413
0.6416
0.6358
0.6380
0.6335
0.6351
0.6326
0.6270
0.6239
0.6226
0.6259
0.6235
0.6288
0.6307
0.6260
0.6238
0.6203
0.6223
0.6236
0.6193
0.6123
0.6139
0.6117
0.6065
0.5968
0.5845
0.5889
0.5897
0.5865
0.5858
0.5921
0.6125
0.6113
0.6094
0.6092
0.6051
0.6023
0.6063
0.6048
0.6135
0.6203
0.6171
0.6165
0.6153
0.6159
0.6207
0.6141
0.6143
0.6069
0.6179
0.6217
0.6255
0.6308
0.6260
0.6288
0.6240
0.6193
0.6218
0.6136
0.6114
0.6121
0.6128
0.6113
0.6053
0.6060
0.6060
0.6069
0.6010
0.5991
0.5962
0.5975
0.5907
0.5974
0.5921
0.5901
0.5954
0.5922
0.5880
0.5817
0.5803
0.5751
0.5621
0.5638
0.5691
0.5702
0.5827
0.5836
0.5892
0.5920
0.5929
0.5903
0.5878
0.5975
0.5990
0.5945
0.5966
0.5911
0.5900
0.5865
0.5846
0.5797
0.5817
0.5870
0.5888
0.5953
0.5945
0.5943
0.5920
0.5985
0.5838
0.5991
0.6145
0.6178
0.6264
0.6230
0.6286
0.6353
0.6379
0.6351
0.6328
0.6315
0.6239
0.6252
0.6184
0.6159
0.6156
0.6184
0.6263
0.6259
0.6237
0.6308
0.6314
0.6305
0.6344
0.6294
0.6293
0.6313
0.6360
0.6378
0.6317
0.6308
0.6438
0.6436
0.6410
0.6392
0.6420
0.6379
0.6358
0.6323
0.6307
0.6347
0.6255
0.6246
0.6174
0.6185
0.6140
0.6177
0.6238
0.6185
0.6207
0.6234
0.6241
0.6190
0.6193
0.6155
0.6116
0.6098
0.6103
0.6101
0.6139
0.6138
0.6242
0.6201
0.6315
0.6343
0.6343
0.6387
0.6356
0.6313
0.6316
0.6367
0.6345
0.6389
0.6384
0.6393
0.6321
0.6306
0.6263
0.6286
0.6315
0.6374
0.6398
0.6387
0.6508
0.6525
0.6475
0.6450
0.6460
0.6459
0.6478
0.6419
0.6353
0.6358
0.6362
0.6383
0.6388
0.6383
0.6287
0.6225
0.6188
0.6206
0.6252
0.6208
0.6275
0.6278
0.6316
0.6343
0.6369
0.6349
0.6336
0.6267
0.6252
0.6282
0.6275
0.6304
0.6367
0.6387
0.6365
0.6378
0.6333
0.6285
0.6293
0.6355
0.6313
0.6300
0.6235
0.6285
0.6355
0.6348
0.6365
0.6343
0.6423
0.6488
0.6503
0.6495
0.6460
0.6543
0.6487
0.6518
0.6535
0.6598
0.6614
0.6615
0.6590
0.6711
0.6730
0.6692
0.6660
0.6713
0.6646
0.6678
0.6631
0.6738
0.6628
0.6600
0.6626
0.6566
0.6595
0.6488
0.6510
0.6526
0.6491
0.6458
0.6442
0.6420
0.6503
0.6571
0.6590
0.6573
0.6590
0.6635
0.6595
0.6579
0.6593
0.6533
0.6533
0.6508
0.6560
0.6583
0.6618
0.6605
0.6582
0.6596
0.6686
0.6670
0.6662
0.6707
0.6625
0.6687
0.6635
0.6659
0.6636
0.6605
0.6587
0.6603
0.6593
0.6519
0.6481
0.6488
0.6478
0.6515
0.6462
0.6449
0.6443
0.6520
0.6513
0.6557
0.6573
0.6544
0.6518
0.6533
0.6504
0.6510
0.6518
0.6534
0.6495
0.6471
0.6368
0.6383
0.6380
0.6373
0.6336
0.6318
0.6319
0.6321
0.6379
0.6381
0.6398
0.6451
0.6441
0.6456
0.6500
0.6490
0.6508
0.6554
0.6554
0.6518
0.6488
0.6505
0.6439
0.6459
0.6500
0.6490
0.6500
0.6551
0.6503
0.6544
0.6536
0.6522
0.6620
0.6612
0.6617
0.6563
0.6538
0.6518
0.6561
0.6505
0.6507
0.6440
0.6458
0.6488
0.6480
0.6501
0.6486
0.6525
0.6471
0.6434
0.6446
0.6367
0.6392
0.6445
0.6427
0.6371
0.6399
0.6370
0.6387
0.6423
0.6426
0.6466
0.6448
0.6429
0.6401
0.6383
0.6394
0.6367
0.6356
0.6328
0.6382
0.6361
0.6376
0.6365
0.6353
0.6323
0.6333
0.6345
0.6365
0.6385
0.6357
0.6357
0.6358
0.6353
0.6371
0.6431
0.6414
0.6427
0.6470
0.6447
0.6437
0.6463
0.6533
0.6538
0.6583
0.6558
0.6582
0.6539
0.6556
0.6558
0.6583
0.6629
0.6664
0.6654
0.6633
0.6644
0.6634
0.6653
0.6563
0.6558
0.6523
0.6511
0.6382
0.6358
0.6395
0.6343
0.6333
0.6388
0.6358
0.6332
0.6348
0.6286
0.6328
0.6263
0.6323
0.6305
0.6328
0.6277
0.6261
0.6218
0.6213
0.6179
0.6136
0.6143
0.6074
0.6074
0.6092
0.6048
0.6018
0.6035
0.6130
0.6158
0.6124
0.6169
0.6124
0.6146
0.6107
0.6060
0.6096
0.6088
0.6040
0.6073
0.6126
0.6143
0.6116
0.6115
0.6055
0.6071
0.6030
0.6053
0.6057
0.5998
0.5977
0.5950
0.5965
0.5986
0.5977
0.6028
0.5950
0.5972
0.5964
0.5887
0.5902
0.5909
0.5808
0.5845
0.5900
0.5885
0.5936
0.5871
0.5815
0.5824
0.5780
0.5800
0.5774
0.5765
0.5700
0.5705
0.5745
0.5728
0.5768
0.5710
0.5732
0.5705
0.5743
0.5770
0.5735
0.5740
0.5715
0.5810
0.5811
0.5885
0.5895
0.5870
0.5909
0.6017
0.6004
0.6072
0.6038
0.6054
0.5998
0.6018
0.5956
0.5931
0.6010
0.6003
0.6019
0.5986
0.6013
0.5985
0.5953
0.5908
0.5873
0.5939
0.5915
0.5890
0.5901
0.5855
0.5856
0.5843
0.5818
0.5771
0.5838
0.5880
0.5857
0.5873
0.5921
0.5917
0.5822
0.5806
0.5831
0.5865
0.5847
0.5872
0.5828
0.5815
0.5823
0.5797
0.5833
0.5875
0.5908
0.5933
0.5899
0.5900
0.5705
0.5728
0.5715
0.5734
0.5744
0.5713
0.5748
0.5748
0.5768
0.5735
0.5668
0.5639
0.5593
0.5585
0.5573
0.5547
0.5498
0.5501
0.5433
0.5435
0.5403
0.5386
0.5464
0.5465
0.5503
0.5488
0.5498
0.5433
0.5440
0.5363
0.5360
0.5315
0.5343
0.5304
0.5337
0.5307
0.5298
0.5275
0.5214
0.5203
0.5181
0.5277
0.5279
0.5268
0.5272
0.5190
0.5195
0.5249
0.5148
0.5205
0.5185
0.5235
0.5269
0.5269
0.5308
0.5234
0.5280
0.5207
0.5217
0.5215
0.5209
0.5213
0.5192
0.5132
0.5125
0.5248
0.5208
0.5211
0.5253
0.5257
0.5227
0.5368
0.5417
0.5433
0.5451
0.5493
0.5454
0.5432
0.5396
0.5420
0.5404
0.5458
0.5453
0.5426
0.5478
0.5528
0.5558
0.5592
0.5568
0.5540
0.5578
0.5647
0.5570
0.5714
0.5695
0.5643
0.5567
0.5549
0.5620
0.5524
0.5565
0.5549
0.5551
0.5617
0.5571
0.5568
0.5530
0.5438
0.5439
0.5423
0.5466
0.5518
0.5539
0.5518
0.5508
0.5492
0.5434
0.5365
0.5377
0.5373
0.5311
0.5271
0.5264
0.5288
0.5303
0.5233
0.5249
0.5224
0.5271
0.5236
0.5250
0.5273
0.5271
0.5264
0.5218
0.5133
0.5093
0.5121
0.5084
0.5076
0.5027
0.4956
0.4944
0.4978
0.5005
0.5014
0.4927
0.4945
0.4926
0.4988
0.4994
0.4934
0.4890
0.4857
0.4833
0.4874
0.4923
0.4931
0.4947
0.4943
0.4990
0.5049
0.5112
0.5008
0.5034
0.5155
0.5048
0.5068
0.5067
0.5113
0.5088
0.5127
0.5202
0.5199
0.5175
0.5184
0.5184
0.5198
0.5231
0.5244
0.5187
0.5188
0.5206
0.5248
0.5271
0.5294
0.5267
0.5193
0.5129
0.5216
0.5203
0.5171
0.5200
0.5100
0.5064
0.5085
0.5065
0.5157
0.5159
0.5215
0.5213
0.5274
0.5270
0.5236
0.5267
0.5213
0.5191
0.5199
0.5169
0.5176
0.5178
0.5203
0.5180
0.5075
0.5096
0.5145
0.5189
0.5177
0.5116
0.5083
0.5100
0.5100
0.5057
0.5062
0.5093
0.5070
0.5102
0.5151
0.5138
0.5080
0.5092
0.5088
0.5104
0.5087
0.5058
0.5041
0.5110
0.5188
0.5178
0.5160
0.5162
0.5165
0.5156
0.5168
0.5165
0.5237
0.5291
0.5244
0.5353
0.5343
0.5372
0.5356
0.5345
0.5310
0.5265
0.5310
0.5303
0.5342
0.5268
0.5248
0.5189
0.5206
0.5178
0.5141
0.5145
0.5206
0.5170
0.5151
0.5123
0.4955
0.4905
0.4933
0.4910
0.4878
0.4925
0.4932
0.4865
0.4923
0.4944
0.4981
0.4990
0.5017
0.5060
0.5069
0.5016
0.4978
0.5014
0.5164
0.5133
0.5158
0.5089
0.5064
0.5095
0.5099
0.5066
0.5086
0.5034
0.5014
0.5069
0.5053
0.5057
0.5090
0.5085
0.5106
0.5138
0.5160
0.5132
0.5184
0.5203
0.5218
0.5178
0.5194
0.5222
0.5204
0.5172
0.5166
0.5181
0.5172
0.5204
0.5227
0.5213
0.5200
0.5216
0.5160
0.5147
0.5170
0.5193
0.5158
0.5147
0.5188
0.5195
0.5180
0.5179
0.5178
0.5147
0.5101
0.5066
0.5091
0.5080
0.5076
0.5106
0.5110
0.5163
0.5161
0.5189
0.5185
0.5233
0.5237
0.5216
0.5183
0.5182
0.5163
0.5124
0.5150
0.5156
0.5191
0.5212
0.5179
0.5194
0.5143
0.5093
0.5078
0.5068
0.5097
0.5115
0.5091
0.5086
0.5111
0.5125
0.5120
0.5089
0.5138
0.5152
0.5179
0.5178
0.5183
0.5156
0.5138
0.5134
0.5147
0.5138
0.5164
0.5177
0.5200
0.5204
0.5194
0.5238
0.5244
0.5211
0.5216
0.5197
0.5201
0.5234
0.5254
0.5239
0.5273
0.5300
0.5305
0.5299
0.5290
0.5275
0.5316


0.5327
0.5301
0.5309
0.5308
0.5284
0.5288
0.5309
0.5344
0.5358
0.5337
0.5313
0.5339
0.5376
0.5403
0.5409
0.5405
0.5387
0.5447
0.5438
0.5397
0.5389
0.5393
0.5356
0.5394
0.5426
0.5428
0.5408
0.5428
0.5471
0.5468
0.5471
0.5482
0.5479
0.5517
0.5549
0.5578
0.5569
0.5539
0.5574
0.5576
0.5628
0.5642
0.5674
0.5674
0.5753
0.5727
0.5723
0.5734

0.5693
0.5703
0.5691
0.5674
0.5598
0.5591
0.5655
0.5677
0.5738
0.5766
0.5718
0.5767
0.5653
0.5648
0.5608
0.5605
0.5613
0.5574
0.5560
0.5626
0.5646
0.5692
0.5640
0.5580
0.5607
0.5629
0.5557
0.5517
0.5573
0.5550
0.5423
0.5404
0.5424
0.5390
0.5371
0.5435
0.5478
0.5406
0.5408

0.5262
0.5301
0.5368
0.5338
0.5392
0.5399
0.5412
0.5392
0.5457
0.5443
0.5438
0.5468
0.5435
0.5411
0.5436
0.5516
0.5527
0.5514
0.5532
0.5486
0.5486
0.5433
0.5434
0.5445
0.5481
0.5500
0.5480
0.5521
0.5515
0.5487
0.5492
0.5465
0.5501
0.5487
0.5464
0.5422
0.5459
0.5436
0.5444
0.5435
0.5415
0.5422
0.5441
0.5463

0.5490
0.5467
0.5471
0.5474
0.5465
0.5460
0.5474
0.5490
0.5504
0.5538
0.5542
0.5528
0.5533
0.5550
0.5556
0.5590
0.5552
0.5534
0.5551
0.5604
0.5615
0.5608
0.5640
0.5656
0.5648
0.5596
0.5614
0.5597
0.5632
0.5634
0.5618
0.5580
0.5604
0.5625
0.5622
0.5604
0.5607
0.5574
0.5608
0.5598
0.5590
0.5604
0.5616
0.5612
0.5634
0.5633
0.5605
0.5612
0.5660
0.5662
0.5670
0.5663
0.5662
0.5659
0.5627
0.5617
0.5643
0.5636
0.5662

0.5634
0.5629
0.5696
0.5745
0.5737
0.5773
0.5759
0.5835
0.5863
0.5868
0.5869
0.5895
0.5904
0.5882
0.5899
0.5870
0.5931
0.5895
0.5888
0.5878
0.5884
0.5860
0.5851
0.5928
0.5894
0.5922
0.5916
0.5886
0.5924
0.5907
0.5958
0.5909
0.5911
0.5904
0.5952
0.5992
0.5987
0.6058
0.6044
0.6073
0.6054
0.6065
0.6143
0.6171
0.6141
0.6142
0.6132
0.6141
0.6051
0.5926
0.5952
0.6011
0.5927
0.5928
0.5926
0.5933
0.5941
0.5963
0.5968
0.5998
0.5993
0.6036
0.6041
0.6035
0.6023
0.6015
0.5965
0.6000
0.6030
0.6059
0.6069
0.6048
0.6038
0.6086
0.6140
0.6144
0.6205
0.6208
0.6176
0.6203
0.6230
0.6271
0.6323
0.6314
0.6359
0.6421
0.6360
0.6431
0.6487
0.6487
0.6452
0.6438
0.6422
0.6564
0.6567
0.6588
0.6548
0.6563
0.6587
0.6589
0.6568
0.6478
0.6522
0.6503
0.6582
0.6607
0.6628
0.6662
0.6575
0.6572
0.6647
0.6644
0.6678
0.6709
0.6701
0.6654
0.6706
0.6675
0.6643
0.6642
0.6688
0.6661
0.6674
0.6732
0.6783
0.6807
0.6812
0.6845
0.6750
0.6620
0.6526
0.6587
0.6567
0.6564
0.6510
0.6544
0.6474
0.6475
0.6529
0.6515
0.6623
0.6630
0.6620
0.6646
0.6604
0.6529
0.6475
0.6474
0.6502
0.6452
0.6519
0.6541
0.6590
0.6536
0.6590
0.6576
0.6612
0.6547
0.6551
0.6582
0.6512
0.6511
0.6458
0.6442
0.6366
0.6400
0.6475
0.6433
0.6376
0.6404
0.6429
0.6488
0.6485
0.6584
0.6593
0.6597
0.6624
0.6659
0.6597
0.6645
0.6690
0.6795
0.6776
0.6751
0.6792
0.6800
0.6717
0.6801
0.6832
0.6859
0.6846
0.6860
0.6904
0.6936
0.6895
0.6905
0.6844
0.6906
0.6884
0.6898
0.6927
0.6943
0.6999
0.7036
0.7014
0.7014
0.7036
0.7060
0.7050
0.7046
0.7078
0.6975
0.7097
0.7109
0.7072
0.7116
0.7149
0.7154
0.7190
0.7217
0.7140
0.7153
0.7230
0.7216
0.7216
0.7232
0.7203
0.7181
0.7239
0.7206
0.7247
0.7292
0.7324
0.7341
0.7345
0.7385
0.7395
0.7402
0.7366
0.7411
0.7394
0.7441
0.7421
0.7416
0.7392
0.7345
0.7359
0.7395
0.7430
0.7447
0.7500
0.7527
0.7630
0.7668
0.7677
0.7679
0.7752
0.7787
0.7782
0.7766
0.7738
0.7708
0.7580
0.7575
0.7698
0.7732
0.7773
0.7695
0.7770
0.7713
0.7644
0.7615
0.7604
0.7635
0.7610
0.7634
0.7762
0.7791
0.7796
0.7871
0.7908
0.7902
0.7932
0.7972
0.7930
0.7885
0.7729
0.7725
0.7803
0.7731
0.7708
0.7745
0.7726
0.7512
0.7516
0.7509
0.7576
0.7639
0.7565
0.7425
0.7284
0.7338
0.7367
0.7430
0.7450
0.7486
0.7447
0.7536
0.7516
0.7438
0.7403
0.7450
0.7503
0.7589
0.7618
0.7648
0.7576
0.7526
0.7588
0.7666
0.7671
0.7429
0.7367
0.7422
0.7476
0.7405
0.7310
0.7294
0.7346
0.7339
0.7318
0.7179
0.7220
0.7217
0.7224
0.7315
0.7311
0.7180
0.6979
0.6963
0.7003
0.6916
0.6879
0.6937
0.6834
0.6963
0.6924
0.6999
0.6962
0.7000
0.7088
0.7118
0.7189
0.7143
0.7160
0.7087
0.6925
0.6909
0.7004
0.7040
0.6970
0.6906
0.6939
0.6847
0.6941
0.6839
0.6819
0.6883
0.6864
0.6900
0.6894
0.7003
0.6964
0.6995
0.6889
0.6994
0.7038
0.7134
0.7174
0.7186
0.7217
0.7235
0.7246
0.7249
0.7256
0.7240
0.7235
0.7343
0.7307
0.7261
0.7134
0.7131
0.7120
0.7116
0.7016
0.6988
0.6986
0.7013
0.7025
0.7048
0.7038
0.7161
0.7150
0.7128
0.7141
0.7070
0.7165
0.7188
0.7162
0.7146
0.7250
0.7225
0.7125
0.7064
0.7049
0.7065
0.6967
0.7011
0.7047
0.7001
0.6975
0.6916
0.6938
0.6901
0.6935
0.6886
0.6966
0.6990
0.6989
0.6948
0.6986
0.6991
0.7001
0.7048
0.7078
0.7129
0.7114
0.7145
0.7165
0.7147
0.7265

0.7215
0.7246
0.7246
0.7278
0.7338
0.7315
0.7284
0.7247
0.7303
0.7312
0.7248
0.7275
0.7367
0.7365
0.7445
0.7476
0.7454
0.7487
0.7461
0.7473
0.7449
0.7459
0.7564
0.7572
0.7605
0.7565
0.7602
0.7595
0.7648
0.7695
0.7704
0.7736
0.7816
0.7755
0.7820
0.7791
0.7858
0.7868
0.7937
0.7867
0.7775
0.7767
0.7805
0.7746
0.7817
0.7772
0.7660
0.7582
0.7512
0.7532
0.7597
0.7568
0.7655
0.7615
0.7634
0.7664
0.7632
0.7659
0.7677
0.7792
0.7753
0.7790



0.7788
0.7648
0.7637
0.7625
0.7583
0.7607
0.7605
0.7664
0.7591
0.7608
0.7528
0.7570
0.7611
0.7578
0.7696
0.7702

0.7763
0.7753
0.7744
0.7737
0.7744
0.7753
0.7697
0.7724
0.7669
0.7636
0.7767
0.7818
0.7851
0.7846
0.7864
0.7849
0.7847
0.7877
0.7905
0.7928
0.7880
0.7852
0.7905
0.7869
0.7830
0.7818
0.7826
0.7897
0.7928
0.7971
0.7960
0.7899
0.7929
0.7894
0.7901
0.7926
0.7929
0.7915
0.7844
0.7802
0.7734


0.7707
0.7733
0.7719
0.7730
0.7706
0.7652
0.7654
0.7687
0.7665
0.7721
0.7751
0.7777
0.7738
0.7667
0.7647
0.7675
0.7734
0.7758
0.7777
0.7808
0.7756
0.7772
0.7811
0.7802
0.7767
0.7775
0.7793
0.7792
0.7732
0.7736
0.7757
0.7729
0.7647
0.7558
0.7574
0.7560
0.7592
0.7586
0.7565
0.7606
0.7606
0.7613
0.7597
0.7617
0.7557
0.7561
0.7513
0.7564
0.7595
0.7659
0.7679
0.7670
0.7648
0.7641
0.7638
0.7679
0.7721
0.7774
0.7753
0.7782
0.7772
0.7718
0.7695
0.7682
0.7629
0.7637
0.7579
0.7498
0.7493
0.7436
0.7401
0.7381
0.7433
0.7506
0.7550
0.7514
0.7518
0.7496
0.7512
0.7522
0.7590
0.7657
0.7627
0.7601
0.7552
0.7552
0.7595
0.7637
0.7634
0.7718
0.7697
0.7645
0.7653
0.7626
0.7696
0.7728
0.7716
0.7672
0.7648
0.7602
0.7520
0.7532
0.7557
0.7522
0.7580
0.7584
0.7563
0.7486
0.7471
0.7552
0.7634
0.7692
0.7669
0.7676
0.7696
0.7714
0.7730
0.7707
0.7699
0.7691
0.7693
0.7629
0.7686
0.7693
0.7690
0.7601
0.7582
0.7539
0.7575
0.7599
0.7615
0.7637
0.7601
0.7580
0.7606
0.7582
0.7575
0.7515
0.7517
0.7518
0.7534
0.7475
0.7476
0.7492
0.7510
0.7482
0.7504
0.7563
0.7568
0.7563
0.7487
0.7462
0.7435
0.7415
0.7381
0.7329
0.7299
0.7344
0.7328
0.7325
0.7337
0.7285
0.7307
0.7316
0.7325
0.7333
0.7343
0.7372
0.7382
0.7360
0.7334
0.7399
0.7389
0.7385
0.7427
0.7458
0.7512
0.7492
0.7456
0.7518
0.7518
0.7561
0.7541
0.7547
0.7454
0.7460
0.7390
0.7346
0.7336
0.7306
0.7272
0.7290
0.7337
0.7377
0.7427
0.7475
0.7472
0.7533
0.7493
0.7504
0.7553
0.7508
0.7559
0.7539
0.7478
0.7465
0.7488
0.7539
0.7507
0.7515
0.7521
0.7491
0.7510
0.7577
0.7520
0.7527
0.7464
0.7425
0.7381
0.7399
0.7395
0.7369
0.7373
0.7407
0.7389
0.7389
0.7414
0.7382
0.7387
0.7359
0.7402
0.7386
0.7382
0.7430
0.7454
0.7447
0.7446
0.7380
0.7342
0.7359
0.7345
0.7333
0.7335
0.7391
0.7377
0.7359
0.7252
0.7203
0.7175
0.7178
0.7111
0.7079
0.7103
0.7021
0.7103
0.7159
0.7150
0.7129
0.7216
0.7290
0.7304
0.7281
0.7316
0.7334
0.7302
0.7391
0.7431
0.7449
0.7382
0.7452
0.7462
0.7523
0.7542
0.7614
0.7561
0.7674
0.7675
0.7681
0.7713
0.7689
0.7720
0.7713
0.7769
0.7704
0.7628
0.7692
0.7600
0.7633
0.7507
0.7538
0.7514
0.7520
0.7590
0.7577
0.7617
0.7636
0.7488
0.7464
0.7522
0.7458
0.7411
0.7451
0.7450
0.7415
0.7383
0.7382
0.7427
0.7372
0.7397
0.7395
0.7403
0.7342
0.7318
0.7338
0.7319
0.7284
0.7433
0.7423
0.7442
0.7465
0.7421
0.7464
0.7519
0.7487
0.7544
0.7556
0.7506
0.7509
0.7490
0.7451
0.7500
0.7493
0.7513
0.7561
0.7559
0.7615
0.7625
0.7658
0.7630
0.7672
0.7640
0.7618
0.7620
0.7578
0.7701
0.7685
0.7675
0.7595
0.7641
0.7674
0.7609
0.7597
0.7618
0.7630
0.7616
0.7604
0.7586
0.7623
0.7623
0.7627
0.7650
0.7704
0.7701
0.7684
0.7664
0.7566
0.7522
0.7526
0.7507
0.7515
0.7560
0.7523
0.7555
0.7525
0.7567
0.7561
0.7522
0.7550
0.7507
0.7502
0.7480
0.7477
0.7437
0.7462
0.7447
0.7430
0.7451
0.7436
0.7470
0.7510
0.7501
0.7547
0.7544
0.7553
0.7597
0.7601
0.7573
0.7612
0.7627
0.7645
0.7698
0.7692
0.7739
0.7721
0.7743
0.7699
0.7736
0.7716
0.7667
0.7677
0.7673
0.7646
0.7654
0.7663
0.7664
0.7687
0.7695
0.7721
0.7749
0.7751
0.7794
0.7786
0.7825
0.7850
0.7896
0.7866
0.7879
0.7875
0.7891
0.7893
0.7822
0.7853
0.7879
0.7863
0.7819
0.7815
0.7805
0.7848
0.7860
0.7862
0.7855
0.7867
0.7913
0.7939
0.7974
0.7909
0.7822
0.7799
0.7830
0.7798
0.7825
0.7800
0.7856
0.7830
0.7836
0.7882
0.7906
0.7899
0.7889
0.7838
0.7796
0.7739
0.7732
0.7720
0.7751
0.7730
0.7733
0.7749
0.7770
0.7815
0.7806
0.7739
0.7730
0.7800
0.7839
0.7846
0.7875
0.7867
0.7873
0.7910
0.7884
0.7919
0.7940
0.7880
0.7860
0.7850
0.7768
0.7738
0.7765
0.7773
0.7791
0.7814
0.7858
0.7820
0.7862
0.7920
0.7956
0.7984
0.8022
0.8061
0.8056
0.8046
0.8090
0.8049
0.8070
0.8070
0.8139
0.8144
0.8120
0.8167
0.8233
0.8245
0.8246
0.8324
0.8315
0.8323
0.8363
0.8322
0.8342
0.8344
0.8250
0.8332
0.8250
0.8268
0.8292
0.8247
0.8245
0.8190
0.8247
0.8307
0.8293
0.8323
0.8301
0.8334
0.8327
0.8327
0.8258
0.8209
0.8230
0.8217
0.8218
0.8228
0.8199
0.8192
0.8174
0.8188
0.8244
0.8295
0.8333
0.8354
0.8436
0.8466
0.8424
0.8435
0.8412
0.8386
0.8368
0.8428
0.8437
0.8468
0.8458
0.8472
0.8488
0.8474
0.8412
0.8419
0.8487
0.8532
0.8567
0.8578
0.8581
0.8562
0.8591
0.8576
0.8607
0.8606
0.8671
0.8730
0.8738
0.8777
0.8776
0.8805
0.8827
0.8845
0.8867
0.8847
0.8707
0.8493
0.8572
0.8454
0.8545
0.8578
0.8586
0.8565
0.8660
0.8410
0.8485
0.8387
0.8287
0.8057
0.7810
0.7959
0.8043
0.8011
0.8150
0.8211
0.8325
0.8232
0.8077
0.8152
0.8214
0.8225
0.8268
0.8237
0.8233
0.8201
0.8270
0.8358
0.8392
0.8398
0.8439
0.8304
0.8524
0.8596
0.8692
0.8672
0.8657
0.8732
0.8783
0.8827
0.8860
0.8880
0.8811
0.8872
0.9030
0.8927
0.8987
0.8996
0.8984
0.9057
0.8998
0.8840
0.8934
0.8936
0.8882
0.8915
0.8974
0.9021
0.9119
0.9242
0.9165
0.9216
0.9305
0.9168
0.9204
0.9224
0.9376
0.9244
0.9285
0.8924
0.8891
0.9026
0.9001
0.8856
0.8932
0.8836
0.8867
0.8753
0.8736
0.8839
0.8786
0.8758
0.8830
0.8865
0.8797
0.8742
0.8706
0.8735
0.8774
0.8764
0.8886
0.8760
0.8827
0.8767
0.8618
0.8594
0.8628
0.8578
0.8621
0.8690
0.8756
0.8734
0.8816
0.8797
0.8832
0.8806
0.8729
0.8771
0.8821
0.8840
0.8953
0.8952
0.9002
0.8845
0.8800
0.8765
0.8762
0.8577
0.8638
0.8746
0.8847
0.8870
0.8881
0.8884
0.8951
0.9046
0.9069
0.8957
0.8925
0.8951
0.9016
0.9041
0.9037
0.9026
0.9042
0.9132
0.9195
0.9154
0.9183
0.9203
0.9237
0.9284
0.9350
0.9426
0.9466
0.9336
0.9271
0.9254
0.9352
0.9289
0.9280
0.9197
0.9315
0.9357
0.9434
0.9267
0.9217
0.9325
0.9154
0.9116
0.9164
0.9205
0.9225
0.9180
0.9102
0.9079
0.9141
0.9117
0.9210
0.9272
0.9302
0.9311
0.9318
0.9228
0.9294
0.9272
0.9379
0.9384
0.9400
0.9416
0.9497
0.9474
0.9369
0.9356
0.9337
0.9377
0.9318
0.9405
0.9444
0.9463
0.9400
0.9417
0.9373
0.9465
0.9381
0.9336
0.9449
0.9551
0.9586
0.9587
0.9644
0.9580
0.9615
0.9635
0.9612
0.9613
0.9559
0.9522
0.9547
0.9567
0.9550
0.9593
0.9488
0.9445
0.9379
0.9402
0.9394
0.9427
0.9415
0.9464
0.9517
0.9543
0.9527
0.9567
0.9592
0.9600
0.9626
0.9553
0.9599
0.9624
0.9620
0.9606
0.9543
0.9515
0.9603
0.9602
0.9682
0.9750
0.9786
0.9773
0.9724
0.9754
0.9754
0.9687
0.9587
0.9584
0.9541
0.9583
0.9478
0.9434
0.9374
0.9221
0.9179
0.9109
0.8953
0.8855
0.8741
0.8656
0.8703
0.8639
0.8737
0.8675
0.8721
0.8729
0.8803
0.8633
0.8580
0.8583
0.8671
0.8639
0.8537
0.8465
0.8254
0.8335
0.8164
0.8349
0.8050
0.8065
0.7962
0.8048
0.8257
0.7905
0.7990
0.7936
0.8127
0.8315
0.8429
0.8366
0.8372
0.8311
0.8280
0.7996
0.7962
0.7908
0.7804
0.7223
0.7051
0.6916
0.6551
0.6602
0.7083
0.6983
0.6681
0.6899
0.7004
0.6949
0.6662
0.6663
0.6514
0.6194
0.6122
0.6376
0.6849
0.6680
0.6815
0.6644
0.6882
0.6730
0.6724
0.6869
0.6730
0.6597
0.6393
0.6568
0.6472
0.6462
0.6441
0.6351
0.6186
0.6310
0.6429
0.6458
0.6503
0.6572
0.6481
0.6408
0.6454
0.6442
0.6441
0.6506
0.6572
0.6615
0.6566
0.6583
0.6697
0.6697
0.6994
0.7044
0.6856
0.6817
0.6835
0.6774
0.6871
0.6914
0.6928
0.6968
0.7111
0.7124
0.7223
0.7056
0.7070
0.6909
0.6776
0.6737
0.6581
0.6731
0.6810
0.6601
0.6536
0.6590
0.6518
0.6633
0.6664
0.6602
0.6438
0.6320
0.6384
0.6477
0.6437
0.6521
0.6695
0.6686
0.6551
0.6580
0.6574
0.6516
0.6428
0.6392
0.6431
0.6394
0.6492
0.6456
0.6513
0.6502
0.6454
0.6326
0.6390
0.6326
0.6433
0.6428
0.6397
0.6384
0.6418
0.6482
0.6532
0.6564
0.6609
0.6613
0.6754
0.6884
0.6966
0.7045
0.6974
0.6983
0.6996
0.6833
0.6873
0.6883
0.7033
0.7141
0.7176
0.7126
0.7055
0.7112
0.7282
0.7177
0.7253
0.7199
0.7184
0.7024
0.7053
0.7084
0.7120
0.7129
0.7014
0.7127
0.7265
0.7274
0.7354
0.7407
0.7376
0.7535
0.7556
0.7668
0.7599
0.7691
0.7523
0.7591
0.7511
0.7663
0.7695
0.7754
0.7777
0.7811
0.7806
0.7856
0.7779
0.7912
0.8050
0.8090
0.8259
0.8003
0.8041
0.7887
0.8087
0.8094
0.8143
0.8035
0.7929
0.7949
0.7938
0.8029
0.8014
0.7806
0.7958
0.7994
0.8048
0.8005
0.8114
0.8037
0.8040
0.7971
0.7950
0.7966
0.7869
0.7791
0.7815
0.7745
0.7855
0.7946
0.7982
0.8009
0.8070
0.8133
0.8154
0.8179
0.8156
0.8212
0.8304
0.8243
0.8201
0.8281
0.8427
0.8413
0.8437
0.8385
0.8399
0.8348
0.8232
0.8366
0.8430
0.8213
0.8242
0.8246
0.8309
0.8254
0.8392
0.8351
0.8369
0.8280
0.8398
0.8393
0.8420
0.8321
0.8361
0.8401
0.8518
0.8566
0.8601
0.8608
0.8649
0.8567
0.8621
0.8662
0.8765
0.8702
0.8640
0.8687
0.8758
0.8726
0.8693
0.8622
0.8755
0.8801
0.8789
0.8698
0.8848
0.8904
0.9016
0.9048
0.9027
0.9073
0.9133
0.9223
0.9222
0.9178
0.9289
0.9228
0.9251
0.9288
0.9244
0.9189
0.9092
0.8985
0.9161
0.9035
0.9016
0.9028
0.9054
0.9133
0.9264
0.9279
0.9304
0.9338
0.9254
0.9349
0.9346
0.9286
0.9235
0.9206
0.9196
0.9220
0.9259
0.9224
0.9043
0.9178
0.9136
0.9270
0.9287
0.9237
0.9154
0.9133
0.9059
0.9136
0.9155
0.9103
0.9138
0.8993
0.8894
0.8891
0.8872
0.8793
0.8760
0.8816
0.8880
0.8904
0.8969
0.9133
0.9138
0.9225
0.9154
0.9309
0.9272
0.9238
0.9296
0.9272
0.9224
0.9237
0.9174
0.9136
0.9029
0.9069
0.9020
0.9010
0.8909
0.8831
0.8802
0.8849
0.8805
0.8675
0.8662
0.8678
0.8751
0.8886
0.8890
0.8874
0.8937
0.9016
0.8954
0.8909
0.9012
0.9011
0.8930
0.8883
0.8899
0.8975
0.8988
0.9050
0.9021
0.9007
0.9112
0.9094
0.9158
0.9143
0.9159
0.9138
0.9152
0.9189
0.9220
0.9215
0.9145
0.9176
0.9175
0.9115
0.9102
0.9082
0.9188
0.9159
0.9164
0.9225
0.9266
0.9275
0.9275
0.9323
0.9246
0.9324
0.9341
0.9304
0.9195
0.9270
0.9329
0.9272
0.9212
0.9250
0.9212
0.9251
0.9300
0.9250
0.9208
0.9100
0.9050
0.8879
0.9034
0.8963
0.8924
0.9008
0.8944
0.8770
0.8743
0.8561
0.8311
0.8305
0.8265
0.8178
0.8226
0.8326
0.8524
0.8490
0.8385
0.8309
0.8499
0.8440
0.8156
0.8198
0.8227
0.8385
0.8449
0.8564
0.8645
0.8606
0.8691
0.8828
0.8759
0.8698
0.8731
0.8626
0.8750
0.8643
0.8523
0.8366
0.8448
0.8446
0.8419
0.8480
0.8725
0.8770
0.8732
0.8721
0.8815
0.8803
0.8757
0.8687
0.8780
0.8822
0.8776
0.8919
0.8954
0.9019
0.8950
0.8973
0.8986
0.9083
0.9108
0.9159
0.9164
0.9183
0.9119
0.9049
0.8994
0.9026
0.8924
0.9015
0.9013
0.8979
0.8900
0.8907
0.8894
0.8837
0.8882
0.8874
0.8982
0.8918
0.9000
0.9069
0.9081
0.9170
0.9136
0.9138
0.9210
0.9235
0.9298
0.9331
0.9378
0.9340
0.9448
0.9444
0.9456
0.9559
0.9568
0.9504
0.9581
0.9589
0.9675
0.9667
0.9657
0.9586
0.9711
0.9832
0.9835
0.9866
0.9786
0.9867
0.9950
0.9914
0.9854
0.9868
0.9757
0.9822
0.9835
0.9934
0.9909
0.9739
0.9755
0.9761
0.9881
0.9974
0.9973
1.0059
1.0153
1.0132
1.0115
1.0038
1.0045
0.9935
0.9855
0.9864
0.9763
0.9844
0.9857
0.9930
0.9854
0.9789
0.9785
0.9735
0.9634
0.9618
0.9571
0.9639
0.9758
0.9877
0.9904
0.9796
0.9869
0.9853
0.9843
0.9950
0.9958
0.9864
0.9909
0.9880
0.9964
0.9973
1.0013
1.0039
1.0106
1.0170
1.0163
1.0099
1.0014
0.9967
0.9933
0.9958
0.9846
0.9848
0.9947
0.9964
0.9877
0.9939
1.0033
0.9966
0.9861
0.9881
0.9959
0.9964
0.9894
0.9924
1.0037
1.0125
1.0105
1.0186
1.0135
1.0146
1.0133
1.0074
0.9991
1.0040
1.0043
0.9998
1.0035
1.0126
1.0117
1.0037
1.0019
1.0075
1.0134
1.0163
1.0156
1.0092
1.0153
1.0139
1.0127
1.0123
1.0068
1.0050
1.0032
1.0076
0.9964
0.9910
0.9794
0.9936
1.0018
1.0060
1.0101
1.0129
1.0207
1.0260
1.0256
1.0325
1.0334
1.0345
1.0385
1.0328
1.0356
1.0465
1.0522
1.0564
1.0438
1.0478
1.0534
1.0524
1.0563
1.0463
1.0583
1.0769
1.0835
1.0925
1.0900
1.0939
1.0919
1.0829
1.0741
1.0698
1.0767
1.0749
1.0866
1.0617
1.0670
1.0554
1.0606
1.0631
1.0641
1.0665
1.0557
1.0547
1.0462
1.0611
1.0684
1.0683
1.0709
1.0748
1.0621
1.0666
1.0741
1.0681
1.0671
1.0581
1.0598
1.0636
1.0707
1.0527
1.0522
1.0543
1.0562
1.0593
1.0550
1.0540
1.0425
1.0445
1.0564
1.0739
1.0715
1.0727
1.0675
1.0730
1.0731
1.0773
1.0719
1.0606
1.0643
1.0729
1.0703
1.0603
1.0615
1.0714
1.0737
1.0849
1.0823
1.0924
1.1052
1.1055
1.0954
1.0924
1.0745
1.0657
1.0476
1.0308
1.0176
1.0345
1.0270
1.0290
1.0429
1.0467
1.0490
1.0505
1.0338
1.0393
1.0461
1.0481
1.0437
1.0488
1.0623
1.0675
1.0691
1.0703
1.0702
1.0588
1.0509
1.0596
1.0596
1.0614
1.0339
1.0343
1.0215
1.0215
1.0345
1.0223
1.0191
1.0278
1.0027
0.9760
0.9672
0.9889
0.9853
0.9808
0.9781
0.9500
0.9544
0.9641
0.9782
0.9838
0.9972
0.9915
1.0199
1.0192
1.0302
1.0202
1.0317
1.0177
1.0216
1.0398
1.0470
1.0376
1.0489
1.0664
1.0509
1.0455
1.0355
1.0249
1.0383
1.0369
1.0325
1.0355
1.0146
1.0160
1.0297
1.0169
1.0086
1.0100
0.9997
0.9979
0.9842
0.9771
0.9726
0.9699
0.9837
0.9932
1.0021
1.0256
1.0223
1.0214
1.0176
1.0266
1.0269
1.0131
1.0166
1.0093
1.0017
0.9895
0.9985
0.9909
0.9938
1.0138
1.0082
1.0170
1.0156
1.0101
1.0156
1.0294
1.0353
1.0323
1.0221
1.0170
1.0311
1.0284
1.0296
1.0320
1.0278
1.0377
1.0400
1.0395
1.0401
1.0490
1.0494
1.0513
1.0615
1.0589
1.0637
1.0610
1.0715
1.0682
1.0718
1.0778
1.0792
1.0800
1.0713
1.0740
1.0678
1.0737
1.0683
1.0772
1.0777
1.0724
1.0652
1.0646
1.0738
1.0689
1.0777
1.0816
1.0763
1.0793
1.0717
1.0614
1.0539
1.0602
1.0658
1.0533
1.0553
1.0547
1.0467
1.0536
1.0608
1.0570
1.0492
1.0395
1.0397
1.0451
1.0517
1.0427
1.0371
1.0402
1.0391
1.0401
1.0283
1.0304
1.0318
1.0289
1.0379
1.0396
1.0331
1.0318
1.0402
1.0354
1.0336
1.0339
1.0262
1.0381
1.0369
1.0453
1.0339
1.0342
1.0305
1.0267
1.0146
1.0192
1.0074
1.0105
1.0053
1.0013
0.9995
0.9915
0.9958
0.9818
0.9854
0.9925
0.9777
0.9758
0.9744
0.9867
0.9864
0.9796
0.9727
0.9700
0.9675
0.9794
0.9829
0.9962
0.9852
0.9898
0.9946
0.9956
1.0015
1.0120
1.0131
1.0190
1.0164
1.0057
1.0031
1.0034
1.0065
1.0118
1.0191
1.0227
1.0270
1.0295
1.0267
1.0260
1.0190
1.0176
1.0214
1.0170
1.0163
1.0234
1.0294
1.0300
1.0390
1.0403
1.0314
1.0304
1.0220
1.0331
1.0426
1.0464
1.0526
1.0507
1.0483
1.0479
1.0580
1.0551
1.0593
1.0519
1.0550
1.0516
1.0476
1.0483
1.0472
1.0446
1.0481
1.0437
1.0516
1.0438
1.0384
1.0374
1.0373
1.0337
1.0301
1.0266
1.0276
1.0205
1.0226
1.0321
1.0351
1.0334
1.0470
1.0471
1.0579
1.0534
1.0452
1.0470
1.0389
1.0469
1.0422
1.0422
1.0353
1.0419
1.0464
1.0305
1.0213
1.0222
1.0263
1.0161
1.0229
1.0228
1.0280
1.0271
1.0216
1.0264
1.0309
1.0386
1.0364
1.0326
1.0323
1.0315
1.0363
1.0313
1.0357
1.0341
1.0378
1.0372
1.0396
1.0363
1.0429
1.0451
1.0410
1.0420
1.0420
1.0404
1.0453
1.0369
1.0326
1.0374
1.0410
1.0352
1.0382
1.0396
1.0457
1.0486
1.0458
1.0466
1.0431
1.0414
1.0439
1.0477
1.0463
1.0480
1.0472
1.0482
1.0524
1.0550
1.0540
1.0541
1.0541
1.0517
1.0482
1.0451
1.0405
1.0357
1.0380
1.0384
1.0468
1.0491
1.0434
1.0472
1.0480
1.0504
1.0549
1.0583
1.0560
1.0546
1.0564
1.0508
1.0518
1.0517
1.0550
1.0537
1.0515
1.0450
1.0445
1.0475
1.0394
1.0390
1.0428
1.0400
1.0353
1.0318
1.0287
1.0301
1.0251
1.0359
1.0352
1.0366
1.0288
1.0330
1.0360
1.0241
1.0314
1.0282
1.0275
1.0214
1.0275
1.0232
1.0124
1.0241
1.0277
1.0251
1.0241
1.0221
1.0282
1.0310
1.0369
1.0376
1.0364
1.0387
1.0380
1.0372
1.0431
1.0450
1.0462
1.0466
1.0426
1.0457
1.0457
1.0462
1.0419
1.0371
1.0431
1.0505
1.0518
1.0553
1.0445
1.0362
1.0356
1.0305
1.0336
1.0289
1.0236
1.0254
1.0309
1.0312
1.0368
1.0367
1.0231
1.0271
1.0290
1.0193
1.0187
1.0237
1.0071
0.9996
0.9989
0.9892
0.9861
0.9760
0.9771
0.9826
0.9770
0.9614
0.9686
0.9633
0.9649
0.9539
0.9674
0.9649
0.9635
0.9733
0.9617
0.9443
0.9504
0.9407
0.9418
0.9463
0.9581
0.9625
0.9514
0.9485
0.9240
0.9233
0.9202
0.9252
0.9269
0.9318
0.9275
0.9194
0.9172
0.9083
0.9120
0.9138
0.9051
0.9137
0.9189
0.9295
0.9170
0.9107
0.9194
0.9215
0.9179
0.9181
0.9223
0.9258
0.9253
0.9164
0.9271
0.9257
0.9072
0.9037
0.8969
0.8909
0.8977
0.8957
0.9080
0.9118
0.9203
0.9127
0.9099
0.9166
0.9147
0.9216
0.9060
0.9037
0.8991
0.9009
0.9040
0.8959
0.8924
0.8973
0.8947
0.8969
0.9033
0.9097
0.9161
0.9131
0.9191
0.9275
0.9289
0.9249
0.9235
0.9324
0.9313
0.9350
0.9496
0.9454
0.9432
0.9411
0.9381
0.9376
0.9359
0.9309
0.9396
0.9369
0.9391
0.9443
0.9434
0.9434
0.9397
0.9470
0.9469
0.9533
0.9525
0.9542
0.9617
0.9672
0.9649
0.9655
0.9651
0.9615
0.9609
0.9515
0.9482
0.9490
0.9481
0.9481
0.9467
0.9518
0.9477
0.9465
0.9382
0.9336
0.9306
0.9347
0.9344
0.9398
0.9386
0.9406
0.9296
0.9177
0.9144
0.9195
0.9123
0.9134
0.9087
0.9151
0.9068
0.9067
0.9041
0.9058
0.9105
0.9104
0.9134
0.9025
0.8934
0.8954
0.8941
0.8904
0.8836
0.8871
0.8945
0.8920
0.8906
0.8865
0.8948
