0.850587272727273
0.851687272727273
0.852787272727273
0.857843636363636
0.865343636363637
0.870385454545455
0.867485454545455
0.864585454545455
0.864078181818182
0.863978181818182
0.861750909090909
0.857150909090909
0.853023636363636
0.853623636363636
0.854223636363636
0.853618181818182
0.852518181818182
0.850338181818182
0.845938181818182
0.841538181818182
0.830330909090909
0.818730909090909
0.810512727272727
0.804912727272727
0.799658181818182
0.795958181818182
0.792258181818182
0.784718181818182
0.776218181818182
0.772694545454546
0.776094545454546
0.779887272727273
0.794087272727273
0.808287272727273
0.812930909090909
0.812530909090909
0.810685454545454
0.804985454545455
0.799285454545454
0.792783636363636
0.786183636363637
0.783758181818182
0.785358181818182
0.786983636363637
0.788783636363636
0.790583636363636
0.785450909090909
0.777950909090909
0.773141818181818
0.773041818181818
0.772941818181818
0.778732727272727
0.784632727272727
0.793712727272727
0.804912727272727
0.813363636363636
0.811963636363636
0.810563636363636
0.801134545454546
0.790134545454546
0.785134545454546
0.787334545454545
0.789410909090909
0.789910909090909
0.790410909090909
0.793467272727273
0.797667272727273
0.80162
0.80502
0.80842
0.816734545454545
0.825434545454546
0.824698181818182
0.816098181818182
0.809641818181818
0.814141818181818
0.818641818181818
0.820170909090909
0.820870909090909
0.821410909090909
0.821710909090909
0.821950909090909
0.818950909090909
0.815950909090909
0.815050909090909
0.815350909090909
0.816134545454546
0.818334545454545
0.820534545454546
0.821949090909091
0.823249090909091
0.825334545454546
0.828234545454546
0.831636363636364
0.839136363636364
0.846636363636364
0.847663636363637
0.846263636363636
0.845589090909091
0.846289090909091
0.846989090909091
0.8474
0.8478
0.848956363636364
0.850656363636364
0.851216363636363
0.847216363636364
0.843216363636363
0.840361818181818
0.837761818181818
0.837692727272727
0.840892727272727
0.843863636363636
0.842863636363636
0.841863636363636
0.839450909090909
0.836350909090909
0.833192727272727
0.829892727272728
0.826592727272727
0.822838181818182
0.819038181818182
0.812021818181818
0.802121818181818
0.793850909090909
0.795150909090909
0.796450909090909
0.794467272727273
0.791467272727273
0.788658181818182
0.786158181818182
0.783658181818182
0.790358181818182
0.797058181818182
0.800852727272727
0.802852727272727
0.803481818181818
0.799681818181818
0.795881818181818
0.795329090909091
0.795329090909091
0.793343636363637
0.789143636363636
0.785398181818182
0.786198181818182
0.786998181818182
0.789358181818182
0.792358181818182
0.794049090909091
0.793049090909091
0.792049090909091
0.789347272727273
0.786547272727273
0.787185454545455
0.790485454545455
0.793167272727273
0.793067272727273
0.792967272727273
0.790787272727273
0.788087272727273
0.788189090909091
0.792189090909091
0.796050909090909
0.796250909090909
0.796450909090909
0.794818181818182
0.792218181818182
0.790545454545455
0.791345454545455
0.792145454545455
0.794014545454546
0.796014545454546
0.796792727272728
0.796392727272727
0.796158181818182
0.797058181818182
0.797958181818182
0.798187272727273
0.798187272727273
0.798187272727273
0.798187272727273
0.798187272727273
0.796027272727273
0.793827272727273
0.792647272727273
0.792147272727273
0.791756363636364
0.791756363636364
0.791756363636364
0.791087272727273
0.790287272727273
0.789714545454546
0.789414545454545
0.789121818181818
0.788921818181818
0.788721818181818
0.789903636363636
0.791703636363636
0.793503636363637
0.795303636363637
0.797103636363637
0.798996363636364
0.800896363636364
0.801869090909091
0.802069090909091
0.803578181818182
0.811778181818182
0.819978181818182
0.825441818181818
0.830141818181819
0.833161818181818
0.833661818181818
0.834032727272727
0.827432727272727
0.820832727272727
0.818432727272727
0.818432727272728
0.820087272727273
0.826587272727273
0.833087272727272
0.836445454545455
0.839345454545455
0.844012727272727
0.850512727272727
0.856663636363636
0.859963636363636
0.863263636363637
0.864672727272727
0.865372727272727
0.866418181818182
0.868118181818182
0.869818181818182
0.870650909090909
0.871450909090909
0.870563636363637
0.868463636363636
0.866603636363637
0.865703636363637
0.864803636363637
0.865949090909091
0.867549090909091
0.867316363636363
0.864716363636364
0.862187272727273
0.860887272727273
0.859587272727273
0.858489090909091
0.857489090909091
0.857361818181818
0.859361818181818
0.861361818181818
0.860634545454545
0.859634545454545
0.857685454545455
0.854885454545455
0.852929090909091
0.855929090909091
0.858929090909091
0.85834
0.85664
0.854214545454546
0.850614545454546
