0.860736997055937
0.859782531894014
0.859431207065751
0.858370363101079
0.859519725220805
0.857761236506379
0.855802747791953
0.853781256133464
0.852625515210991
0.849078900883219
0.84799273797841
0.849734739941119
0.848812953876349
0.847469283611384
0.847998233562316
0.839930520117762
0.834357605495584
0.828956820412169
0.819841805691855
0.817839352306182
0.818162512266928
0.816739646712463
0.81501452404318
0.81810598626104
0.81796310107949
0.816746810598626
0.809717762512267
0.808998037291462
0.802834936211972
0.806825122669284
0.805584887144259
0.811893130520118
0.818169970559372
0.81464700686948
0.813669479882237
0.808135917566241
0.808754465161923
0.808793719332679
0.808665358194308
0.809737389597645
0.810335230618253
0.809891560353287
0.812881452404318
0.818280078508342
0.822349165848871
0.82171766437684
0.822917369970559
0.822599607458292
0.81968675171737
0.819992541707556
0.819684200196271
0.819358881256133
0.818976054955839
0.815872031403337
0.811571344455348
0.814073307163886
0.817843179587831
0.82192208047105
0.820977625122669
0.819159862610402
0.819067320902846
0.819186261040236
0.818335230618253
0.818867713444553
0.81112777232581
0.810964769381747
0.811193719332679
0.813391462217861
0.815946221786065
0.813658488714426
0.81308675171737
0.81429842983317
0.813207458292444
0.813427870461236
0.813962708537782
0.814847399411187
0.816047890088322
0.817603729146222
0.820939156035329
0.821961040235525
0.816772718351325
0.81607948969578
0.818368204121688
0.818995191364082
0.820644553483808
0.818840726202159
0.819194700686948
0.819375760549558
0.821460451422964
0.822657311089303
0.822927183513248
0.823165456329735
0.821878704612365
0.823554072620216
0.82731010794897
0.827090088321884
0.828207850834151
0.826964180569185
0.824199411187439
0.822726987242394
0.823696368989205
0.81879872423945
0.817087536800785
0.817222473012758
0.815425122669284
0.811042983316977
0.806454955839058
0.800187340529931
0.803673994111874
0.802656133464181
0.796752894995093
0.794945142296369
0.795106771344455
0.794613738959764
0.797410991167812
0.796445829244357
0.79469558390579
0.795192051030422
0.796406869479882
0.796790677134446
0.798523454367026
0.800303631010795
0.800161138370952
0.800652011776251
0.802003532875368
0.803089106967615
0.802025711481845
0.804075466143278
0.803169970559372
0.803471638861629
0.804233366045142
0.804068891069676
0.804226104023552
0.805621295387635
0.805804906771344
0.806378508341511
0.807840235525024
0.809310598626104
0.808751128557409
0.809776251226693
0.809365456329735
0.806393621197252
0.80596467124632
0.808611776251227
0.808333856722277
0.810537978410206
0.809599803729146
0.808327183513248
0.809190186457311
0.811746712463199
0.81301197252208
0.814349754661433
0.81390441609421
0.814498037291462
0.816673601570167
0.819691854759568
0.820756035328754
0.823136408243376
0.821181746810599
0.821049656526006
0.819568007850834
0.821181550539745
0.82255740922473
0.823323159960746
0.823850245338567
0.821866633954858
0.822466143277723
0.822430814524043
0.822747595682041
0.823910696761531
0.82327791952895
0.823848086359176
0.820983709519136
0.821352011776251
0.8212441609421
0.820580372914622
0.81889558390579
0.81831197252208
0.81835740922473
0.819312266928361
0.822631010794897
0.822089990186457
0.821592934249264
0.823711874386654
0.825434936211972
0.826570166830226
0.827854955839058
0.824160942100098
0.822237487733072
0.824178410206084
0.824505004906771
0.824492541707556
0.822297742885182
0.815510598626104
0.812029048086359
0.813767419038273
0.814298331697743
0.817107360157017
0.816383120706575
0.819978115799804
0.817898135426889
0.820643179587831
0.822679685966634
0.821722669283611
0.823823552502453
0.822602453385672
0.821034347399411
0.821456918547596
0.822282433758587
0.822346319921492
0.822033954857704
0.821001962708538
0.821010206084396
0.822517958783121
0.823125809617272
0.82340569185476
0.8257558390579
0.826378115799804
0.827355250245338
0.828744455348381
0.827610794896958
0.828864769381747
0.829798822374877
0.830765554465162
0.83147379784102
0.832852404317959
0.83663532875368
0.837415309126595
0.837533071638862
0.838660942100098
0.842522473012758
0.846370166830226
0.841946614327772
0.845631305201178
0.847542688910697
0.85001766437684
0.844099116781158
0.839283513248283
0.842421786064769
0.843213052011776
0.846463591756624
0.845931894013739
0.844730716388616
0.845226692836114
0.844195485770363
0.844602060843965
0.847836702649656
0.84759842983317
0.843138959764475
0.845176643768401
0.843512659470069
0.841240824337586
0.840403336604514
0.839602551521099
0.841630225711482
0.844966143277723
0.846893817468106
0.849365554465162
0.850157016683023
0.849800981354269
0.851519725220805
0.856439548577036
