0.80242467232074
0.801108866615266
0.800978411719352
0.799591133384734
0.798620817270625
0.797504471858134
0.798352505782575
0.799954510408635
0.799946183500385
0.798889591364688
0.79890932922128
0.799382806476484
0.798684271395528
0.797133153430995
0.79624934464148
0.796664687740941
0.794715728604472
0.795233076329992
0.795208404009252
0.795939475713184
0.794089051657672
0.793261218195837
0.793617039321511
0.794170778720123
0.792271318427139
0.791153276792598
0.789027139552814
0.786750963762529
0.786378951426369
0.786358750963763
0.788133076329992
0.788513261372398
0.788530223592907
0.788272089437163
0.788426060138782
0.786499383191982
0.78573500385505
0.784539707016191
0.783678257517348
0.78061865844256
0.78201966075559
0.782704857363146
0.783964456437934
0.781690208172706
0.780177178103315
0.778041480339244
0.78080431765613
0.780192367000771
0.783688280647648
0.782926831148805
0.784558288357749
0.785260215882806
0.782977101002313
0.783044564379337
0.783871549730146
0.785004703161141
0.785552968388589
0.784732845026985
0.783369236700077
0.783941094834233
0.784669236700077
0.785996915959908
0.787313184271396
0.788284811102544
0.785846029298381
0.787023901310717
0.787045104086353
0.787416885119507
0.785736314572089
0.786202852737086
0.784487047031611
0.786132845026985
0.786093138010794
0.787322590593678
0.785978951426369
0.785496376252891
0.785306553585197
0.784746183500385
0.78471565150347
0.786609868928296
0.78769568234387
0.784728218966847
0.78384965304549
0.782530686198921
0.782657363145721
0.782472706245181
0.780743793369314
0.780139167309175
0.77893500385505
0.778350424055513
0.780025212027756
0.780677794911334
0.779866229760987
0.779311873554356
0.779617424826523
0.780229760986893
0.778653430994603
0.775806168080185
0.77539568234387
0.773672243639167
0.773439938319198
0.773110485736315
0.773130300693909
0.77541534309946
0.776872089437163
0.776624209714726
0.775909097918273
0.775120354664611
0.773446491904395
0.77199398612182
0.770280801850424
0.770217579028527
0.771611410948342
0.772861295296839
0.773784965304549
0.771742636854279
0.773045643793369
0.772640400925212
0.771803623747109
0.771549961449499
0.773446569005397
0.774130454895914
0.77301765612953
0.770301464919044
0.770897841171935
0.771789745566692
0.772506939090208
0.772716037008481
0.772556746337702
0.772395373939861
0.772907787201234
0.772578488820355
0.77214633770239
0.772802698535081
0.773051272166538
0.773476946800308
0.774083731688512
0.774578026214341
0.774858134155744
0.775864919043948
0.777521742482652
0.777804548959136
0.777552428681573
0.776976638396299
0.775041557440247
0.774749807247494
0.775283191981496
0.77564734001542
0.775848959136469
0.775737548188126
0.776441403238242
0.777105088666153
0.777404703161141
0.777061295296839
0.777683500385505
0.77751434078643
0.779775096376253
0.779896299151889
0.780328912875867
0.781797918272938
0.780387740940632
0.781081727062452
0.781676638396299
0.783105551272167
0.786021896684657
0.787044564379337
0.786894757131843
0.787593215111796
0.788247262914418
0.786413723978412
0.786107864302236
0.786677872012336
0.78494032382421
0.787238087895143
0.789422821896685
0.790113107170393
0.791755358519661
0.792916962220509
0.793228218966847
0.795177563608327
0.795241480339244
0.799150269853508
0.798271087124133
0.799145643793369
0.798536468774094
0.797429067077872
0.79620531996916
0.796797455666924
0.794278874325366
0.794021279876638
0.790545566692367
0.790438396299152
0.789385967617579
0.791519275250578
0.793589591364688
0.79106900539707
0.792437702390131
0.791414032382421
0.790335620663069
0.792468080185042
0.794581727062452
0.795714649190439
0.797298689282961
0.799390285273709
0.799280030840401
0.797540940632228
0.797686353122591
0.797150115651504
0.798605859676176
0.799773168851195
0.799478257517348
0.800557979953739
0.7983433307633
0.797765921356978
0.799033847340015
0.796946569005397
0.797092829606785
0.797663454124904
0.797895528141866
0.796432767925983
0.797190439475713
0.797574633770239
0.796486430223593
0.798021896684657
0.798186584425598
0.797131071703932
0.796103546646106
0.795501310717039
0.794338087895143
0.795121202775636
0.796678180416345
0.794637933693138
0.796837548188126
0.79633099460293
0.794961757902853
0.795074556669237
0.794578411719352
0.792117810331534
0.794176407093292
0.796539938319198
0.798508404009252
0.796514803392444
0.795752351580571
0.794728141865844
0.79579699306091
0.796204857363146
0.797536854279106
0.797295142636854
0.797980801850424
0.796751040863531
0.796045643793369
0.796306090979183
0.798249190439476
0.798005088666153
0.799133384734002
0.79972467232074
0.799867617579029
0.799398612181958
0.799498920585968
0.799407941403238
0.800342405551272
0.799028835774865
