0.781423255813954
0.781423255813954
0.781423255813954
0.781423255813954
0.781423255813954
0.781423255813954
0.781423255813954
0.781060465116279
0.78066046511628
0.78026046511628
0.779860465116279
0.779460465116279
0.779060465116279
0.779148837209303
0.779348837209302
0.779548837209303
0.779748837209302
0.779948837209303
0.780148837209303
0.778906976744186
0.777106976744187
0.775306976744186
0.773506976744187
0.771706976744187
0.769906976744186
0.76986511627907
0.77086511627907
0.77186511627907
0.77286511627907
0.773865116279071
0.774865116279071
0.776988372093024
0.780088372093024
0.783188372093024
0.786288372093024
0.789388372093024
0.792488372093023
0.793202325581396
0.790902325581396
0.788602325581396
0.786302325581396
0.784002325581395
0.781702325581396
0.779611627906978
0.777911627906977
0.776211627906978
0.774511627906977
0.772811627906977
0.771111627906977
0.770255813953489
0.771855813953488
0.773455813953489
0.775055813953489
0.776655813953488
0.778255813953488
0.779790697674418
0.780990697674419
0.782190697674419
0.783390697674419
0.784590697674419
0.78579069767442
0.786788372093024
0.785088372093024
0.783388372093023
0.781688372093024
0.779988372093023
0.778288372093024
0.776588372093023
0.780553488372093
0.784653488372093
0.788753488372094
0.792853488372093
0.796953488372094
0.801053488372093
0.807186046511629
0.813586046511628
0.819986046511628
0.826386046511629
0.832786046511628
0.839186046511628
0.839181395348838
0.837481395348837
0.835781395348838
0.834081395348838
0.832381395348838
0.830681395348838
0.830306976744187
0.830506976744186
0.830706976744187
0.830906976744187
0.831106976744186
0.831306976744187
0.831204651162792
0.830904651162791
0.830604651162791
0.830304651162791
0.830004651162791
0.829704651162791
0.828432558139536
0.826232558139535
0.824032558139535
0.821832558139535
0.819632558139535
0.817432558139535
0.814060465116279
0.809060465116279
0.804060465116279
0.799060465116279
0.794060465116279
0.789060465116279
0.785037209302326
0.783037209302325
0.781037209302325
0.779037209302325
0.777037209302326
0.775037209302326
0.773386046511628
0.772886046511628
0.772386046511628
0.771886046511628
0.771386046511628
0.770886046511628
0.770497674418605
0.770797674418605
0.771097674418605
0.771397674418605
0.771697674418605
0.771997674418605
0.772353488372093
0.773853488372093
0.775353488372094
0.776853488372093
0.778353488372093
0.779853488372093
0.781353488372094
0.783044186046512
0.784744186046512
0.786444186046512
0.788144186046512
0.789844186046512
0.791544186046512
0.789888372093023
0.787688372093023
0.785488372093024
0.783288372093023
0.781088372093024
0.778888372093023
0.776841860465116
0.774841860465117
0.772841860465117
0.770841860465117
0.768841860465117
0.766841860465117
0.768213953488372
0.771213953488372
0.774213953488372
0.777213953488372
0.780213953488372
0.783213953488372
0.784876744186047
0.785576744186046
0.786276744186046
0.786976744186046
0.787676744186046
0.788376744186046
0.788783720930233
0.788883720930233
0.788983720930233
0.789083720930233
0.789183720930233
0.789283720930232
0.788869767441861
0.787669767441861
0.786469767441861
0.785269767441861
0.784069767441861
0.782869767441861
0.782788372093024
0.785288372093023
0.787788372093024
0.790288372093024
0.792788372093023
0.795288372093024
0.797286046511628
0.797386046511628
0.797486046511627
0.797586046511628
0.797686046511628
0.797786046511628
0.797362790697675
0.792962790697675
0.788562790697675
0.784162790697675
0.779762790697675
0.775362790697675
0.771069767441861
0.77126976744186
0.771469767441861
0.771669767441861
0.77186976744186
0.772069767441861
0.77226976744186
0.769958139534884
0.767458139534884
0.764958139534884
0.762458139534884
0.759958139534884
0.757458139534884
0.759227906976745
0.761827906976745
0.764427906976744
0.767027906976744
0.769627906976745
0.772227906976744
0.771404651162791
0.769404651162791
0.767404651162791
0.765404651162791
0.763404651162791
0.761404651162791
0.761748837209303
0.763348837209303
0.764948837209302
0.766548837209303
0.768148837209303
0.769748837209303
0.771069767441861
0.772169767441861
0.77326976744186
0.774369767441861
0.775469767441861
0.776569767441861
0.778041860465117
0.779941860465117
0.781841860465117
0.783741860465117
0.785641860465117
0.787541860465116
0.788251162790699
0.786951162790698
0.785651162790698
0.784351162790698
0.783051162790698
0.781751162790698
0.78106511627907
0.78196511627907
0.78286511627907
0.783765116279071
0.78466511627907
0.78556511627907
0.786651162790698
0.788551162790698
0.790451162790698
0.792351162790698
0.794251162790698
0.796151162790698
0.798209302325581
0.801809302325581
0.805409302325582
0.809009302325581
0.812609302325581
0.816209302325582
