0.765467105263158
0.765868859649123
0.765321783625731
0.764562719298246
0.763768567251462
0.765082602339181
0.765414766081871
0.763099269005848
0.761291959064327
0.762386695906433
0.762605409356725
0.760763888888889
0.759833479532164
0.761746929824561
0.761880263157895
0.762073538011696
0.762263888888889
0.762603362573099
0.763086111111111
0.764642543859649
0.763658625730994
0.760845175438597
0.760436111111111
0.760046929824561
0.759187280701754
0.758508040935673
0.757051315789474
0.756868274853801
0.757894298245614
0.758137280701754
0.757037865497076
0.758196052631579
0.757836403508772
0.756738450292398
0.756943421052632
0.755169444444444
0.754629385964912
0.748658333333333
0.748515350877193
0.748924122807018
0.745350730994152
0.745797514619883
0.745925
0.74801067251462
0.745819444444444
0.74857149122807
0.751420906432749
0.750840497076023
0.74899634502924
0.748923245614035
0.745665935672515
0.746545467836257
0.747081725146199
0.746911257309942
0.748766520467836
0.747996637426901
0.746551023391813
0.746807748538012
0.74010014619883
0.736539619883041
0.738602485380117
0.738733771929825
0.737403070175439
0.736014473684211
0.734351315789474
0.734772660818713
0.735421783625731
0.733677631578947
0.736143421052632
0.737272368421053
0.736347514619883
0.735607456140351
0.736579970760234
0.736197222222222
0.735766812865497
0.735106578947368
0.729348391812865
0.729544005847953
0.72957850877193
0.730801900584795
0.727173830409357
0.729182602339181
0.730636111111111
0.730729678362573
0.731622660818713
0.728806871345029
0.730494590643275
0.731220906432749
0.73506067251462
0.737420029239766
0.738398099415205
0.742359795321637
0.744079678362573
0.741136111111111
0.74225014619883
0.742691959064328
0.746473245614035
0.742227631578947
0.743065058479532
0.741275584795322
0.739454239766082
0.743253070175439
0.747063596491228
0.746337865497076
0.745938450292398
0.746847807017544
0.744885233918129
0.742065058479532
0.741289912280702
0.741612719298246
0.739941374269006
0.738672076023392
0.737358040935672
0.738884356725146
0.73739634502924
0.730490204678363
0.730541666666667
0.729043713450293
0.731210087719298
0.731477631578947
0.73248932748538
0.729245175438597
0.728025584795322
0.72920365497076
0.729815058479532
0.731827631578947
0.732050730994152
0.732430847953216
0.731005994152047
0.731537865497076
0.731814766081871
0.731338157894737
0.736009210526316
0.734770906432748
0.733813888888889
0.732329970760234
0.732479385964912
0.731770029239766
0.727921198830409
0.727864766081871
0.728791666666667
0.722033187134503
0.722054824561403
0.722784064327485
0.719383479532164
0.719998391812866
0.722903070175439
0.721963888888889
0.719308625730994
0.719958333333333
0.722125584795322
0.724361257309941
0.725444590643275
0.725577923976608
0.728306871345029
0.728303947368421
0.72691798245614
0.729682602339181
0.730229970760234
0.727247222222222
0.726004239766082
0.724224122807018
0.72465014619883
0.725962719298246
0.725487865497076
0.724359795321637
0.727881725146199
0.727786403508772
0.728765350877193
0.729987573099415
0.731586695906433
0.732252192982456
0.731279385964912
0.733834941520468
0.734534356725146
0.736120906432749
0.736193128654971
0.738951023391813
0.740777339181287
0.743336988304094
0.744253362573099
0.745552192982456
0.745023538011696
0.747804824561404
0.743950730994152
0.745191959064327
0.745996052631579
0.75037850877193
0.746021783625731
0.743723245614035
0.747182894736842
0.743931432748538
0.747086403508772
0.744127339181286
0.743879385964912
0.743382309941521
0.741884064327485
0.741096929824561
0.746427339181287
0.748607748538012
0.750069444444445
0.746431140350877
0.747072368421053
0.745350730994152
0.745170321637427
0.744852777777778
0.747282894736842
0.747426461988304
0.750110964912281
0.751081432748538
0.753256578947368
0.752717397660819
0.754416520467836
0.754187865497076
0.753262426900585
0.753293713450292
0.750463304093567
0.755370321637427
0.75266067251462
0.749193128654971
0.751513888888889
0.751787865497076
0.751314766081871
0.754021198830409
0.753855116959064
0.752950438596491
0.754692251461988
0.756038157894737
0.754998099415205
0.752597222222222
0.756087280701754
0.756039619883041
0.756858040935673
0.756127339181286
0.754856286549707
0.755708333333333
0.756364766081871
0.756266520467836
0.755372660818713
0.756536695906433
0.756660380116959
0.756316520467836
0.756605116959064
0.754286111111111
0.755811257309941
0.754891081871345
0.75486798245614
0.754826461988304
0.754532894736842
0.753688157894737
0.754257748538012
0.752880555555556
0.754783187134503
0.756425877192982
0.75580365497076
0.75799634502924
0.760528216374269
0.760393128654971
0.759910380116959
0.762763304093567
0.763369736842105
0.76383932748538
