0.852934113060429
0.854325925925926
0.85230955165692
0.851068226120858
0.848356530214425
0.847795321637427
0.842628265107213
0.842477192982456
0.844266081871345
0.843544249512671
0.842592007797271
0.842884990253411
0.834325341130604
0.826892202729045
0.824783820662768
0.81609649122807
0.815651656920078
0.810755945419103
0.813254970760234
0.810042495126706
0.812309356725146
0.81451559454191
0.805933333333333
0.804399415204678
0.805744834307992
0.79610701754386
0.802668615984405
0.802941520467836
0.810900194931774
0.812953216374269
0.811750292397661
0.807108576998051
0.804060428849903
0.802938596491228
0.805674463937622
0.803698635477583
0.804204483430799
0.804834892787524
0.805476998050682
0.809090058479532
0.815258674463938
0.816319688109162
0.814902729044834
0.820209356725146
0.816040155945419
0.817320467836257
0.813810526315789
0.814999415204678
0.813974658869396
0.810887719298246
0.808149512670565
0.8067
0.808454385964912
0.816144639376218
0.815071929824561
0.816694736842105
0.813729044834308
0.813342105263158
0.81405828460039
0.81370604288499
0.813412085769981
0.805712475633528
0.80351559454191
0.806755165692008
0.811262183235867
0.809785575048733
0.808751072124756
0.808704678362573
0.808787329434698
0.808948148148148
0.808971539961014
0.808690838206628
0.811356725146199
0.812707992202729
0.814809746588694
0.817
0.813710331384016
0.811720662768031
0.811997270955166
0.815313450292398
0.81563918128655
0.812764522417154
0.813834113060429
0.814648538011696
0.81631306042885
0.819061598440546
0.818592202729045
0.818433528265107
0.817523976608187
0.817628265107212
0.821165497076023
0.82315730994152
0.82357738791423
0.824942495126706
0.818072514619883
0.816823976608187
0.819266666666667
0.815680701754386
0.811189083820663
0.811851072124756
0.811922807017544
0.80552962962963
0.804051072124756
0.797986159844055
0.797851851851852
0.797329239766082
0.794727485380117
0.790443079922027
0.789174269005848
0.790524561403509
0.791401559454191
0.793052046783626
0.789714230019493
0.79034873294347
0.791698635477583
0.791498050682261
0.794186744639376
0.794996101364522
0.795468615984405
0.795586744639376
0.797145614035088
0.798040545808967
0.797321637426901
0.799224951267057
0.798602729044834
0.798670760233918
0.79956432748538
0.799417348927875
0.799436452241715
0.80088693957115
0.801000389863548
0.801606627680312
0.803049317738792
0.80451306042885
0.803903118908382
0.805009746588694
0.804568810916179
0.801151461988304
0.80175126705653
0.803836257309942
0.803534892787524
0.805718908382066
0.804875243664717
0.80382007797271
0.804468810916179
0.807055165692008
0.808120272904484
0.809481286549708
0.809684990253411
0.809936842105263
0.8121261208577
0.814669590643275
0.815797855750487
0.818770760233918
0.815276413255361
0.816859259259259
0.814530214424951
0.816174074074074
0.817195906432749
0.818320272904484
0.818479532163743
0.817029434697856
0.817746198830409
0.81766081871345
0.818254970760234
0.818568031189084
0.818517738791423
0.818721637426901
0.815284600389864
0.815051461988304
0.815570175438596
0.815427485380117
0.813343274853801
0.813560038986355
0.813520857699805
0.815353996101364
0.81706179337232
0.81709044834308
0.817831968810916
0.819982261208577
0.820541910331384
0.822122027290448
0.821416179337232
0.819390643274854
0.817646198830409
0.819490643274854
0.819370760233918
0.817387524366472
0.816373684210526
0.807464912280702
0.808347173489279
0.80885126705653
0.811955165692008
0.810265302144249
0.81210350877193
0.81446432748538
0.813709941520468
0.818012475633528
0.817290253411306
0.817355555555556
0.819424171539961
0.815133723196881
0.81705730994152
0.816209161793372
0.817538791423002
0.816218128654971
0.816681676413255
0.81672962962963
0.817040545808967
0.8185
0.818451851851852
0.819729434697856
0.821121442495127
0.821162962962963
0.823190838206628
0.824191033138402
0.823388304093567
0.823840545808967
0.824784210526316
0.825924366471735
0.82783216374269
0.828852046783626
0.830997270955166
0.830912670565302
0.831734502923977
0.835710916179337
0.840420857699805
0.840838986354776
0.840370760233918
0.839945029239766
0.845033723196881
0.841922027290448
0.834110526315789
0.839648343079922
0.839077777777778
0.839495126705653
0.842659454191033
0.840153996101365
0.840395906432749
0.838077972709552
0.839397076023392
0.843121637426901
0.842983040935672
0.839380701754386
0.8401522417154
0.83933567251462
0.8381477582846
0.835267056530214
0.83468343079922
0.835883625730994
0.839632748538012
0.841362378167641
0.843901364522417
0.844438791423002
0.845013255360624
0.846309941520468
0.850728265107213
0.85250350877193
0.854969980506823
0.856765107212476
0.856711695906433
0.856058674463938
