0.743181617647059
0.740381617647059
0.737868382352941
0.738968382352941
0.739921323529412
0.740021323529412
0.740209558823529
0.740709558823529
0.740886029411765
0.740286029411765
0.740605147058823
0.742505147058823
0.743302205882353
0.742702205882353
0.745293382352941
0.750893382352941
0.757611029411765
0.765111029411765
0.764405147058823
0.759505147058823
0.758796323529412
0.759596323529412
0.755543382352941
0.750343382352941
0.751408088235294
0.753308088235294
0.753009558823529
0.752583088235294
0.751283088235294
0.74954044117647
0.74394044117647
0.739028676470588
0.737328676470588
0.736903676470588
0.740303676470588
0.741794852941176
0.739294852941176
0.739375735294117
0.743375735294118
0.746152205882353
0.747552205882353
0.751183088235294
0.756683088235294
0.761133088235294
0.764933088235294
0.768318382352941
0.771518382352941
0.769441911764706
0.765741911764706
0.761706617647059
0.757606617647059
0.761347794117647
0.765847794117647
0.7609875
0.756434558823529
0.759034558823529
0.761608088235294
0.764008088235294
0.765213970588235
0.761813970588235
0.75866544117647
0.756165441176471
0.754124264705882
0.752924264705882
0.749677205882353
0.743677205882353
0.744277205882353
0.751477205882353
0.750819852941176
0.744319852941176
0.740149264705882
0.737249264705882
0.737159558823529
0.738159558823529
0.737730147058823
0.736930147058824
0.743418382352941
0.751018382352941
0.748547794117647
0.745577205882353
0.751277205882353
0.756236029411765
0.753536029411765
0.751871323529412
0.755571323529412
0.7578125
0.7553125
0.753615441176471
0.75371544117647
0.753624264705882
0.753224264705882
0.751547794117647
0.748347794117647
0.745253676470588
0.742253676470588
0.735877205882353
0.727277205882353
0.721653676470588
0.717453676470588
0.716253676470588
0.716053676470588
0.716100735294118
0.716200735294118
0.7172875
0.7184875
0.717843382352941
0.717244852941176
0.718844852941176
0.720527205882353
0.722827205882353
0.725261029411765
0.728261029411765
0.729355147058824
0.725155147058824
0.721936029411765
0.720636029411765
0.719500735294117
0.718600735294117
0.718574264705882
0.719474264705882
0.722665441176471
0.72766544117647
0.732918382352941
0.738318382352941
0.737224264705882
0.733424264705882
0.729546323529412
0.725646323529412
0.722769852941176
0.720069852941176
0.717555147058823
0.715055147058823
0.719255147058824
0.723058088235294
0.721858088235294
0.720702205882353
0.719802205882353
0.718593382352941
0.716293382352941
0.714699264705882
0.714799264705882
0.716480147058824
0.720880147058824
0.724574264705882
0.727374264705882
0.726519852941176
0.722219852941176
0.720919852941177
0.721719852941176
0.722188970588235
0.722488970588235
0.722274264705882
0.721874264705882
0.723011029411765
0.724511029411765
0.723011029411765
0.721111029411765
0.723799264705882
0.7266875
0.7291875
0.731296323529412
0.729996323529412
0.728749264705882
0.727749264705882
0.727549264705882
0.729749264705882
0.730849264705882
0.729649264705882
0.727258088235294
0.723058088235294
0.723846323529412
0.730246323529412
0.732619852941176
0.731619852941176
0.730681617647059
0.729781617647059
0.729849264705882
0.730349264705882
0.72909044117647
0.727290441176471
0.727502205882353
0.728102205882353
0.728246323529412
0.728346323529412
0.726968382352941
0.725527205882353
0.723427205882353
0.721353676470588
0.719453676470588
0.716977205882353
0.712277205882353
0.708611029411765
0.707611029411765
0.706646323529412
0.705746323529412
0.706978676470588
0.711078676470588
0.714428676470588
0.717028676470588
0.719743382352941
0.722543382352941
0.725149264705882
0.727649264705882
0.72914044117647
0.73024044117647
0.73404044117647
0.73854044117647
0.745643382352941
0.753143382352941
0.751513970588235
0.749305147058823
0.746505147058823
0.744111029411765
0.745911029411765
0.747694852941177
0.749394852941176
0.750718382352941
0.750818382352941
0.750671323529412
0.749971323529412
0.748927205882353
0.747327205882353
0.746775735294118
0.747475735294117
0.748122794117647
0.748722794117647
0.7502875
0.7524875
0.752861029411765
0.752361029411765
0.750211029411765
0.747511029411765
0.745881617647059
0.744481617647059
0.746311029411765
0.748511029411765
0.751196323529412
0.753794852941176
0.754194852941176
0.754677205882353
0.755777205882353
0.757450735294118
0.761550735294117
0.764830147058823
0.765830147058823
0.766119852941176
0.765019852941176
0.762478676470588
0.757878676470588
0.757403676470588
0.761303676470588
0.763806617647059
0.765206617647059
0.766922794117647
0.768822794117647
0.770511029411765
0.772111029411764
0.773477205882353
0.774777205882353
0.779147794117647
0.784047794117647
0.786446323529412
