0.793379109206113
0.79383263138278
0.792204230339173
0.791178065598211
0.789939824822959
0.791697856876631
0.793515001863585
0.792750186358554
0.792636880357808
0.7922036339918
0.792232929556467
0.79078913529631
0.789598192322027
0.789367927692881
0.788661181513231
0.788154584420425
0.787538259411107
0.789096813268729
0.7875243943347
0.786377469250839
0.787150335445397
0.787394576966083
0.785562635109952
0.784360696980991
0.782266101379053
0.779501733134551
0.77955868430861
0.780614107342527
0.782841725680209
0.780915486395826
0.782681606410734
0.781256224375699
0.780725288855758
0.779946161013791
0.779801099515468
0.776930544166977
0.776678401043608
0.773269865821841
0.776059019754007
0.776537663063735
0.775804975773388
0.774387420797615
0.772091967946329
0.773619325382035
0.7727804509877
0.775795657845695
0.776991110696981
0.777689247111442
0.778916045471487
0.777070834886321
0.77650553484905
0.776905460305628
0.778423537085352
0.779308032053671
0.778183879985091
0.777341502049944
0.777466772269847
0.777616343645173
0.779487420797615
0.781627226984719
0.780617126351099
0.779292228848304
0.77985432351845
0.781179444651509
0.780158907938874
0.779929612374208
0.779279295564666
0.778388389862095
0.779604975773388
0.779915523667536
0.779597148714126
0.778948807305255
0.778931699590011
0.778266287737607
0.778135650391353
0.779194241520686
0.780885706298919
0.778990402534476
0.777752273574357
0.775979146477823
0.775964349608647
0.775959094297428
0.774235687663064
0.773757976146105
0.772646049198658
0.77193162504659
0.773638743943347
0.774685296310101
0.773780301900857
0.773315672754379
0.772888464405516
0.771966772269847
0.771069381289601
0.768929836004473
0.768125214312337
0.767605721207603
0.767511125605665
0.766569120387626
0.769044632873649
0.769095583302274
0.771848136414461
0.770780823704808
0.769891222512113
0.767809038389862
0.767006764815505
0.764954919865822
0.763449105478941
0.766077692881103
0.766678401043608
0.767699906820723
0.765626369735371
0.766815859112933
0.766700391352963
0.765962523294819
0.766272437569884
0.767426407007082
0.768183283637719
0.766322307118897
0.764209075661573
0.76629975773388
0.765480190085725
0.766880600074543
0.766951826313828
0.766550521803951
0.76563360044726
0.7666707603429
0.766135352217667
0.765893197912784
0.766251341781588
0.766808777487887
0.767673630264629
0.768277692881103
0.76886498322773
0.769454957137533
0.770621449869549
0.771695098770034
0.771592377935147
0.771163082370481
0.768963902348118
0.768408330227357
0.769059914275065
0.769547800969064
0.769355851658591
0.769582650018636
0.770091446142378
0.77083065598211
0.770573145732389
0.770823164368244
0.771352869921729
0.772077171077152
0.773508591129333
0.77384373835259
0.773969642191577
0.776087868058144
0.773928941483414
0.77485290719344
0.776036582184122
0.778610417443161
0.780389843458815
0.780624692508386
0.781276239284383
0.782564834140887
0.779309485650391
0.779286041744316
0.780349590011182
0.77901086470369
0.781056038017145
0.782518766306373
0.783411461051062
0.784938333954528
0.786227115169586
0.786710417443161
0.788146384644055
0.788713175549758
0.791919847185986
0.791323238911666
0.79303598583675
0.791427003354454
0.787461256056653
0.78836930674618
0.790299645918748
0.786810231084607
0.783795434215431
0.785569604919866
0.783575456578457
0.784259355199404
0.786787383525904
0.785590178904212
0.785835165859113
0.78536930674618
0.783560995154678
0.784850111815132
0.786869381289601
0.787990514349609
0.789972922102124
0.791853317182259
0.791789470741707
0.790488948937756
0.790676910175177
0.790321598956392
0.7912451546776
0.792783060007454
0.792877655609392
0.793375382035035
0.790818319045844
0.791651192694745
0.792153242638837
0.790150260901975
0.789926854267611
0.791920480805069
0.789253503540812
0.789373294819232
0.790606466641819
0.790644781960492
0.789376351099515
0.791185967200895
0.790249701826314
0.789501062243757
0.789600875885203
0.787665728661946
0.787701434960865
0.789532333209094
0.787137886693999
0.789541427506523
0.789249627282892
0.788022046216921
0.788170611256057
0.787677879239657
0.785379332836377
0.787511871039881
0.789922083488632
0.791577655609392
0.790076313827805
0.788458870667164
0.787665728661946
0.789452869921729
0.789878326500186
0.791246310100634
0.790403186731271
0.79044947819605
0.789909932910921
0.788621934401789
0.790231364144614
0.7913963660082
0.791175829295565
0.792987122623928
0.792339750279538
0.792353354453969
0.79321861721953
0.791709112933284
0.792887793514722
0.791714964591875
0.794244558330227
0.795390141632501
0.797521039880731
0.796777469250838
0.796355106224376
0.797595247856877
0.798746235557212
0.799832295937383
0.801762336936265
0.799288203503541
