0.759274137931034
0.762274137931034
0.765274137931034
0.768274137931034
0.771274137931034
0.774274137931034
0.777274137931034
0.780274137931034
0.783274137931034
0.786274137931034
0.787053448275862
0.787753448275862
0.788453448275861
0.789153448275862
0.789853448275862
0.790553448275862
0.791253448275861
0.791953448275862
0.792653448275863
0.792794827586207
0.792894827586207
0.792994827586207
0.793094827586206
0.793194827586206
0.793294827586206
0.793394827586207
0.793494827586207
0.793594827586207
0.792529310344827
0.791329310344828
0.790129310344827
0.788929310344828
0.787729310344828
0.786529310344828
0.785329310344828
0.784129310344828
0.782929310344827
0.784918965517241
0.787418965517241
0.789918965517242
0.792418965517241
0.794918965517242
0.797418965517242
0.799918965517242
0.80241896551724
0.80491896551724
0.805432758620689
0.805532758620689
0.805632758620689
0.805732758620689
0.805832758620688
0.805932758620689
0.806032758620689
0.80613275862069
0.806232758620689
0.802763793103447
0.798363793103448
0.793963793103448
0.789563793103448
0.785163793103448
0.780763793103448
0.776363793103448
0.771963793103448
0.767563793103448
0.766653448275861
0.766853448275862
0.767053448275862
0.767253448275862
0.767453448275861
0.767653448275862
0.767853448275862
0.768053448275861
0.768253448275862
0.766498275862069
0.763998275862069
0.761498275862069
0.758998275862068
0.756498275862069
0.753998275862068
0.75149827586207
0.748998275862069
0.746498275862069
0.747515517241379
0.75011551724138
0.75271551724138
0.755315517241378
0.757915517241379
0.76051551724138
0.763115517241378
0.765715517241379
0.768315517241378
0.76790172413793
0.765901724137931
0.763901724137931
0.761901724137931
0.75990172413793
0.757901724137931
0.755901724137931
0.753901724137931
0.75190172413793
0.752136206896552
0.753736206896552
0.755336206896551
0.756936206896551
0.758536206896551
0.760136206896552
0.761736206896552
0.763336206896552
0.764936206896552
0.766243103448275
0.767343103448276
0.768443103448275
0.769543103448275
0.770643103448276
0.771743103448276
0.772843103448276
0.773943103448276
0.775043103448275
0.776584482758621
0.77848448275862
0.780384482758621
0.782284482758621
0.78418448275862
0.78608448275862
0.78798448275862
0.789884482758621
0.791784482758621
0.792029310344828
0.790729310344827
0.789429310344828
0.788129310344828
0.786829310344827
0.785529310344827
0.784229310344828
0.782929310344828
0.781629310344828
0.781391379310345
0.782291379310345
0.783191379310346
0.784091379310344
0.784991379310345
0.785891379310345
0.786791379310345
0.787691379310345
0.788591379310345
0.789939655172414
0.791839655172414
0.793739655172414
0.795639655172413
0.797539655172413
0.799439655172413
0.801339655172413
0.803239655172414
0.805139655172413
0.807743103448275
0.811343103448276
0.814943103448275
0.818543103448276
0.822143103448275
0.825743103448276
0.829343103448275
0.832943103448276
0.836543103448275
0.83828448275862
0.836984482758621
0.835684482758622
0.834384482758621
0.833084482758621
0.83178448275862
0.83048448275862
0.829184482758622
0.82788448275862
0.826584482758621
0.825284482758621
0.823984482758621
0.822684482758621
0.821384482758621
0.820084482758621
0.818784482758621
0.81748448275862
0.816184482758621
0.814356896551724
0.811356896551723
0.808356896551723
0.805356896551725
0.802356896551724
0.799356896551724
0.796356896551724
0.793356896551724
0.790356896551724
0.788515517241379
0.789715517241379
0.790915517241379
0.792115517241379
0.793315517241379
0.794515517241379
0.795715517241379
0.796915517241379
0.79811551724138
0.798905172413793
0.798405172413794
0.797905172413794
0.797405172413793
0.796905172413793
0.796405172413793
0.795905172413792
0.795405172413793
0.794905172413792
0.794363793103449
0.793663793103449
0.792963793103448
0.792263793103447
0.791563793103448
0.790863793103447
0.790163793103448
0.789463793103448
0.788763793103448
0.788218965517241
0.788418965517241
0.788618965517241
0.788818965517241
0.789018965517241
0.789218965517241
0.789418965517242
0.789618965517241
0.789818965517241
0.789977586206897
0.789877586206897
0.789777586206897
0.789677586206897
0.789577586206897
0.789477586206897
0.789377586206897
0.789277586206897
0.789177586206897
0.788870689655173
0.786770689655172
0.784670689655173
0.782570689655172
0.780470689655172
0.778370689655172
0.776270689655173
0.774170689655172
0.772070689655172
0.770032758620689
0.76883275862069
0.767632758620689
0.766432758620689
0.765232758620689
0.764032758620689
0.762832758620689
0.761632758620689
0.760432758620689
0.759222413793104
0.757722413793103
0.756222413793102
0.754722413793103
0.753222413793103
0.751722413793103
0.750222413793103
0.748722413793103
0.747222413793104
