0.738499056603774
0.740299056603774
0.742627358490566
0.745927358490566
0.743803459119497
0.73987893081761
0.74387893081761
0.745957547169811
0.745257547169811
0.739002201257862
0.731885220125786
0.731685220125786
0.733486477987421
0.737586477987421
0.739724213836478
0.74040534591195
0.73610534591195
0.733214779874214
0.731614779874214
0.733424213836478
0.735112893081761
0.734712893081761
0.732750628930818
0.729650628930818
0.728226100628931
0.727916666666667
0.730116666666667
0.728632389937107
0.725032389937107
0.729924213836478
0.73319213836478
0.73309213836478
0.734721698113208
0.737029245283019
0.737329245283019
0.739174528301887
0.743374528301887
0.744730503144654
0.745150628930818
0.745750628930818
0.746124213836478
0.746224213836478
0.742379559748428
0.736368867924528
0.723868867924528
0.715800943396226
0.712000943396226
0.713715408805031
0.714583333333333
0.709083333333334
0.708904088050315
0.712804088050314
0.714041194968554
0.714581446540881
0.71388144654088
0.713804088050314
0.714104088050314
0.713331761006289
0.713349371069182
0.715049371069182
0.719873899371069
0.725916037735849
0.724016037735849
0.725261949685535
0.731561949685535
0.733667610062893
0.73402106918239
0.73182106918239
0.731954402515723
0.735054402515723
0.734826100628931
0.734348113207547
0.737548113207547
0.739009119496855
0.738709119496855
0.741720440251572
0.743609748427673
0.738709748427673
0.733754402515723
0.728754402515723
0.728826100628931
0.726305974842767
0.714805974842767
0.712029874213837
0.714829874213836
0.714454402515723
0.71499213836478
0.71779213836478
0.71759213836478
0.715929874213836
0.716229874213837
0.716789622641509
0.717789622641509
0.721899685534591
0.727388364779874
0.735188364779874
0.739011006289308
0.737511006289308
0.734919182389937
0.73113427672956
0.72153427672956
0.717019182389937
0.717919182389937
0.722666981132076
0.727468867924528
0.729268867924528
0.727661320754717
0.723161320754717
0.72187641509434
0.720927358490566
0.719827358490566
0.712991509433962
0.702291509433962
0.701658176100629
0.701346855345912
0.700546855345912
0.700989622641509
0.702072641509434
0.700472641509434
0.701131132075472
0.705831132075472
0.704916666666667
0.702012264150944
0.703512264150943
0.701317924528302
0.693917924528302
0.691198427672956
0.690472012578616
0.693972012578616
0.695019182389937
0.693319182389937
0.693019811320755
0.693900314465409
0.698900314465409
0.701628616352201
0.702328616352201
0.702764465408805
0.703117924528302
0.703317924528302
0.701529245283019
0.698329245283019
0.70187641509434
0.704690251572327
0.704590251572327
0.708146855345912
0.713746855345912
0.714080188679245
0.713273270440251
0.710373270440252
0.709637421383648
0.709852515723271
0.71035251572327
0.708558176100629
0.703358176100629
0.70336572327044
0.704595283018868
0.701895283018868
0.698827987421384
0.695327987421384
0.695073270440252
0.694314150943396
0.687114150943396
0.684813522012579
0.687113522012579
0.686028616352201
0.68522106918239
0.68722106918239
0.688190880503145
0.688390880503145
0.691087106918239
0.693599685534591
0.695099685534591
0.69653679245283
0.69793679245283
0.700416037735849
0.706116037735849
0.718216037735849
0.720855660377358
0.719246226415094
0.719946226415094
0.721309119496855
0.723709119496855
0.723288993710692
0.722190880503145
0.723990880503145
0.725612264150943
0.727012264150943
0.727933018867924
0.729080188679245
0.732180188679245
0.734475157232704
0.735975157232704
0.733540566037736
0.730502830188679
0.727702830188679
0.728877044025157
0.733177044025157
0.735105974842767
0.736013522012579
0.734713522012579
0.734399685534591
0.734699685534591
0.731706603773585
0.731108490566038
0.735808490566038
0.738893396226415
0.741150628930818
0.741750628930818
0.74087893081761
0.73757893081761
0.739239937106918
0.74219213836478
0.73899213836478
0.737311006289308
0.737611006289308
0.731071383647799
0.723875157232704
0.724175157232704
0.725358176100629
0.727458176100629
0.728968238993711
0.730290251572327
0.731290251572327
0.732673270440252
0.734373270440252
0.734454402515723
0.735184591194968
0.738384591194969
0.739652515723271
0.739652515723271
0.746535534591195
0.752287106918239
0.754787106918239
0.755702201257862
0.75576572327044
0.75296572327044
0.751588364779874
0.752688364779874
0.753071383647799
0.753199056603774
0.753699056603774
0.753735534591195
0.753135534591195
0.754469496855346
0.756055031446541
0.755455031446541
0.75781855345912
0.76341855345912
0.770595911949686
0.77583427672956
0.77093427672956
0.769081446540881
0.769881446540881
0.7653606918239
0.761857547169811
0.763757547169811
0.764297798742138
0.763897798742138
0.762648742138365
0.760077672955975
0.754477672955975
0.751404088050314
