0.781665789473684
0.773065789473684
0.766178947368421
0.763778947368421
0.76171052631579
0.759910526315789
0.759519736842105
0.759461842105263
0.759761842105263
0.760138157894737
0.760638157894737
0.756730263157895
0.750530263157895
0.743302631578947
0.737855263157895
0.739355263157895
0.737642105263158
0.732542105263158
0.732707894736842
0.734567105263158
0.737867105263158
0.738735526315789
0.73433552631579
0.734909210526316
0.738909210526316
0.738827631578947
0.737071052631579
0.729071052631579
0.724355263157895
0.724155263157895
0.726953947368421
0.731053947368421
0.732817105263158
0.733017105263158
0.728717105263158
0.725838157894737
0.724238157894737
0.725768421052632
0.727855263157895
0.727455263157895
0.726096052631579
0.722996052631579
0.721032894736842
0.719732894736842
0.72161052631579
0.722742105263158
0.719142105263158
0.719502631578947
0.724502631578947
0.725744736842105
0.725677631578947
0.728077631578948
0.729869736842105
0.730169736842105
0.732676315789474
0.736876315789474
0.737876315789474
0.7383
0.7389
0.739302631578947
0.739402631578948
0.736214473684211
0.731414473684211
0.719319736842105
0.708765789473684
0.704965789473684
0.704365789473684
0.706965789473684
0.703277631578947
0.698272368421053
0.702172368421053
0.705118421052632
0.706118421052632
0.706089473684211
0.705389473684211
0.705571052631579
0.705697368421053
0.704897368421053
0.705182894736842
0.706882894736842
0.711851315789474
0.718151315789473
0.716359210526316
0.716617105263158
0.722917105263158
0.726142105263158
0.726742105263158
0.725057894736842
0.723346052631579
0.726446052631579
0.727998684210526
0.726898684210526
0.728571052631579
0.731771052631579
0.731747368421053
0.732217105263158
0.735817105263158
0.735390789473684
0.730490789473684
0.725515789473684
0.720663157894737
0.721263157894737
0.718201315789474
0.706701315789474
0.703480263157895
0.706280263157895
0.706257894736842
0.706192105263158
0.708992105263158
0.709956578947369
0.708256578947368
0.707925
0.708225
0.709197368421053
0.711215789473684
0.716515789473684
0.723098684210526
0.730898684210526
0.731356578947369
0.729764473684211
0.72686447368421
0.721672368421053
0.712072368421052
0.708965789473684
0.709865789473684
0.714881578947368
0.719748684210526
0.721548684210526
0.720530263157895
0.716030263157895
0.714135526315789
0.71323552631579
0.712135526315789
0.708382894736842
0.697682894736842
0.692840789473684
0.692740789473684
0.69206052631579
0.69146052631579
0.69256052631579
0.692630263157895
0.691030263157895
0.693575
0.698275
0.695594736842105
0.693384210526316
0.694884210526316
0.692051315789474
0.684651315789474
0.681906578947369
0.680796052631579
0.684296052631579
0.686153947368421
0.684453947368421
0.68376052631579
0.68376052631579
0.688102631578947
0.692480263157895
0.693180263157895
0.693753947368421
0.694153947368421
0.69441447368421
0.694614473684211
0.691503947368421
0.690103947368421
0.694103947368421
0.695946052631579
0.695846052631579
0.700321052631579
0.705502631578947
0.705802631578947
0.704965789473684
0.702065789473684
0.701123684210527
0.701323684210526
0.701796052631579
0.701246052631579
0.696046052631579
0.694023684210526
0.695723684210526
0.694181578947369
0.691471052631579
0.687971052631579
0.685628947368421
0.686128947368421
0.682272368421053
0.675072368421053
0.675872368421053
0.67771052631579
0.67611052631579
0.675931578947369
0.677931578947369
0.678723684210526
0.678923684210526
0.681681578947368
0.684268421052632
0.685768421052631
0.687218421052632
0.688618421052632
0.690872368421053
0.693877631578947
0.705977631578947
0.713538157894737
0.711838157894737
0.711590789473684
0.712290789473684
0.714489473684211
0.71628947368421
0.71488947368421
0.714878947368421
0.716678947368421
0.718194736842105
0.719594736842105
0.720402631578947
0.721807894736842
0.724907894736842
0.727144736842105
0.728644736842105
0.726392105263158
0.723319736842105
0.720519736842105
0.720335526315789
0.72463552631579
0.727259210526316
0.728959210526316
0.727896052631579
0.726911842105263
0.727211842105263
0.725901315789474
0.722801315789474
0.725551315789474
0.730188157894737
0.732488157894737
0.734273684210527
0.734873684210526
0.733215789473684
0.729915789473684
0.732431578947369
0.73505
0.73185
0.730077631578947
0.730377631578947
0.724725
0.716325
0.716281578947368
0.717007894736842
0.719107894736842
0.720848684210526
0.722248684210526
0.723332894736842
0.724378947368421
0.726078947368421
0.727163157894737
0.727063157894737
0.729003947368421
0.732203947368421
0.732540789473684
0.733772368421053
0.740972368421053
0.746069736842105
0.748569736842105
0.749332894736842
