0.806672879177378
0.809728406169666
0.810201413881748
0.810438688946015
0.808779820051414
0.80804794344473
0.804332519280206
0.804887275064267
0.799682133676093
0.801639974293059
0.80007030848329
0.799242030848329
0.801042544987146
0.805755655526992
0.804608611825193
0.802657712082262
0.799211696658098
0.793318637532134
0.78693971722365
0.780019665809769
0.779047172236504
0.768290616966581
0.770143316195373
0.776067480719794
0.769261568123393
0.769661053984576
0.771442030848329
0.776385732647815
0.773875449871465
0.77289293059126
0.77307236503856
0.765436375321337
0.765583933161954
0.772291388174807
0.773403984575835
0.776517866323907
0.785186503856041
0.784524550128535
0.778215809768637
0.775723007712082
0.775044087403599
0.778769023136247
0.784623007712082
0.782725321336761
0.781126863753213
0.77684794344473
0.776853341902314
0.774833033419023
0.775094473007712
0.769460025706941
0.770839974293059
0.770646143958869
0.773779820051414
0.771989331619537
0.773420437017995
0.780598329048843
0.782490359897172
0.779838946015424
0.781406555269923
0.782453598971722
0.778990102827763
0.777739203084833
0.775231233933162
0.775800128534704
0.776596272493573
0.780468766066838
0.776995244215938
0.777820179948586
0.776218894601542
0.781818637532134
0.780165938303342
0.777762082262211
0.778432776349614
0.779339974293059
0.77995411311054
0.781338174807198
0.787998843187661
0.789062853470437
0.788179820051414
0.786709897172236
0.789916580976864
0.798069023136247
0.795376735218509
0.789428920308483
0.789337146529563
0.78974177377892
0.789477506426735
0.790738431876607
0.791039974293059
0.789108097686375
0.784628663239075
0.777686503856041
0.78361940874036
0.78625205655527
0.786898586118252
0.784553084832905
0.788241516709512
0.788995244215938
0.792066709511568
0.79180501285347
0.790898071979434
0.791310925449871
0.793289845758355
0.796201928020565
0.796557712082262
0.796265938303342
0.79420706940874
0.792416580976864
0.791673907455013
0.788224293059126
0.791325321336761
0.793847429305913
0.794261053984576
0.792313496143959
0.793017866323907
0.792015038560411
0.793304755784062
0.793251028277635
0.79400912596401
0.795371079691517
0.794895501285347
0.793518637532134
0.794289331619537
0.794850257069409
0.79734588688946
0.801453598971722
0.799468251928021
0.79543971722365
0.79287853470437
0.793906298200514
0.795172107969152
0.797715038560411
0.799528406169666
0.798549228791774
0.798091388174807
0.801110668380463
0.800108354755784
0.78917030848329
0.78242557840617
0.777325321336761
0.780249228791774
0.784377249357326
0.785419922879177
0.784396786632391
0.779606555269923
0.772112210796915
0.772410154241645
0.772575706940874
0.769223007712082
0.775526349614396
0.778226606683805
0.77687853470437
0.779653856041131
0.78008676092545
0.778797300771208
0.777496786632391
0.778265681233933
0.778566195372751
0.778543316195373
0.777806041131105
0.776581876606684
0.780000385604113
0.775590616966581
0.772296786632391
0.774655912596401
0.77241118251928
0.769793701799486
0.768666195372751
0.769181362467866
0.773464910025707
0.776849742930591
0.780750771208226
0.781389588688946
0.782079820051414
0.780666709511568
0.781753856041131
0.781289845758355
0.784761311053985
0.785559768637532
0.782663110539846
0.7772970437018
0.772025835475578
0.769446658097686
0.774308868894601
0.774154627249357
0.774846143958869
0.776938174807198
0.77811529562982
0.779500642673522
0.781465167095116
0.779658483290488
0.779699100257069
0.781324807197943
0.781786503856041
0.780987532133676
0.782998329048843
0.785845629820051
0.783674678663239
0.783701156812339
0.783965424164524
0.786391645244216
0.786633547557841
0.787578277634961
0.787693444730077
0.788910925449871
0.792546143958869
0.7952764781491
0.794166966580977
0.79441118251928
0.79658470437018
0.79702146529563
0.801495501285347
0.805032262210797
0.804031491002571
0.803762853470437
0.810318637532134
0.804195244215938
0.798851028277635
0.795830719794345
0.797967480719794
0.796433290488432
0.795238946015424
0.794085732647815
0.793628920308483
0.796641002570694
0.798189845758355
0.796818894601543
0.794865167095116
0.797494473007712
0.799754370179949
0.804191645244216
0.804954884318766
0.807856940874036
0.808856940874036
0.809405526992288
0.813483419023136
0.818542287917738
0.833287275064267
0.825591131105398
0.825787789203085
0.820081105398457
0.813242030848329
0.816933033419023
0.821436375321337
0.818223007712082
0.815420179948586
0.818733547557841
0.821314267352185
0.824910925449871
0.824434575835476
0.822932519280205
0.824633033419023
0.826790616966581
0.826075449871465
0.82280501285347
0.824788303341902
0.824778791773779
0.826416323907455
0.829656426735218
0.827336118251928
0.819387532133676
0.808689588688946
