0.767570909090909
0.765570909090909
0.763570909090909
0.762374545454545
0.761674545454546
0.761730909090909
0.764230909090909
0.766730909090909
0.765470909090909
0.763570909090909
0.763183636363637
0.764483636363636
0.765829090909091
0.767629090909091
0.769429090909091
0.768250909090909
0.765850909090909
0.763778181818182
0.762378181818182
0.760978181818182
0.762792727272727
0.764792727272727
0.769892727272727
0.777392727272727
0.782910909090909
0.779510909090909
0.776110909090909
0.779190909090909
0.783890909090909
0.787001818181818
0.787901818181818
0.788609090909091
0.784209090909091
0.779809090909091
0.780710909090909
0.784410909090909
0.787947272727273
0.791047272727273
0.794147272727273
0.796178181818182
0.798078181818182
0.799927272727273
0.801727272727273
0.803310909090909
0.803410909090909
0.803510909090909
0.804281818181818
0.805281818181818
0.804318181818182
0.799918181818182
0.795518181818182
0.793572727272727
0.791672727272727
0.791212727272727
0.791712727272727
0.791165454545455
0.786865454545455
0.782565454545454
0.785123636363636
0.789023636363636
0.792605454545455
0.795805454545455
0.798561818181818
0.795661818181818
0.792761818181818
0.794490909090909
0.798290909090909
0.800081818181818
0.797381818181818
0.794681818181818
0.792723636363637
0.790823636363637
0.792469090909091
0.797069090909091
0.801636363636364
0.806036363636364
0.810436363636364
0.812334545454545
0.813534545454545
0.814774545454545
0.816074545454545
0.81736
0.81786
0.81836
0.821087272727273
0.825087272727273
0.827534545454545
0.825434545454545
0.823334545454545
0.825074545454545
0.827374545454545
0.827367272727273
0.824967272727273
0.823036363636364
0.824936363636364
0.826836363636364
0.828154545454545
0.829254545454545
0.829836363636363
0.829436363636364
0.829036363636364
0.829503636363636
0.830003636363636
0.828234545454546
0.824834545454546
0.820974545454546
0.815274545454546
0.809574545454546
0.808947272727273
0.809447272727273
0.809554545454545
0.809154545454545
0.808601818181818
0.805401818181818
0.802201818181818
0.802029090909091
0.803329090909091
0.804803636363636
0.806703636363636
0.808603636363636
0.812321818181818
0.816221818181818
0.818329090909091
0.818829090909091
0.819343636363636
0.819943636363636
0.820543636363636
0.822518181818182
0.824918181818182
0.825676363636364
0.823776363636364
0.821876363636364
0.817376363636364
0.812876363636364
0.808932727272727
0.805332727272727
0.801921818181818
0.799121818181818
0.796321818181818
0.800614545454545
0.806114545454546
0.808494545454546
0.807394545454545
0.806403636363636
0.806503636363636
0.806603636363636
0.802732727272727
0.797232727272727
0.794907272727273
0.799107272727273
0.803307272727273
0.804292727272727
0.805092727272728
0.803581818181818
0.800281818181818
0.797581818181818
0.797581818181818
0.797581818181818
0.798061818181818
0.798661818181818
0.799094545454545
0.799294545454546
0.799567272727273
0.801767272727273
0.803967272727273
0.805054545454545
0.805554545454546
0.805372727272727
0.803372727272727
0.801372727272727
0.800174545454545
0.799074545454545
0.79772
0.79612
0.794583636363636
0.793483636363636
0.792383636363636
0.789121818181818
0.785121818181818
0.782685454545455
0.782985454545454
0.783285454545454
0.786236363636363
0.789236363636364
0.795416363636364
0.803716363636363
0.810270909090909
0.810570909090909
0.810870909090909
0.81276
0.81496
0.817387272727273
0.820087272727273
0.822241818181818
0.817441818181818
0.812641818181818
0.812263636363637
0.813863636363637
0.81432
0.81222
0.81012
0.804125454545454
0.797825454545455
0.792943636363636
0.789243636363637
0.787327272727273
0.794527272727273
0.801727272727273
0.804314545454546
0.805614545454545
0.804634545454545
0.800234545454545
0.795978181818182
0.799478181818182
0.802978181818182
0.803869090909091
0.803269090909091
0.802032727272727
0.798932727272727
0.795832727272727
0.795961818181818
0.796561818181818
0.796572727272727
0.795972727272727
0.793845454545455
0.779245454545454
0.764645454545455
0.762554545454545
0.765154545454545
0.766303636363636
0.764703636363636
0.763103636363636
0.761889090909091
0.760689090909091
0.760187272727273
0.760187272727273
0.760167272727273
0.760067272727273
0.759967272727273
0.76404
0.76904
0.772207272727273
0.773007272727273
0.773769090909091
0.773869090909091
0.773969090909091
0.773934545454545
0.773834545454545
0.774112727272727
0.775312727272727
0.776512727272727
0.777530909090909
0.778530909090909
0.780005454545455
0.781905454545454
0.783965454545454
0.786965454545454
0.789965454545455
0.792889090909091
0.795789090909091
0.798536363636363
0.801036363636364
