127.9
120
115.5
112.5
117.1
131
127
147
177
179
176.8
171.3
160.3
156.8
149.8
149.8
146.8
149.8
155.8
166.8
184.8
171.8
152.8
143.4
128.4
120.9
113.4
113.4
115.4
123.4
109.4
125.4
141.4
151.4
156.4
154.4
148.4
142.4
133.4
126.4
130.4
134.4
145.4
161.4
184.4
174.4
162.9
147.9
132.9
122.4
118.4
117.4
124.4
135.4
162.4
208.9
234.4
235.4
233.4
228.4
211.4
214.4
214.9
211.9
201.9
196.4
197.9
194.9
217.4
193.4
173.4
154.4
137.9
127.9
124.9
124.4
130.4
145.4
161.4
212.4
230.4
236.4
231.9
224.9
211.4
207.4
213.9
211.9
197.9
190.9
189.9
188.9
209.9
198.9
170.9
164.4
141.4
132.9
129.4
126.9
133.4
144.9
163.4
209.4
232.9
231.9
230.9
221.4
206.9
205.9
210.9
210.9
204.9
201.9
200.9
197.9
211.9
195.9
172.9
149.4
140.1
128.7
125.9
123.7
128.2
132.4
161.9
208.4
228.9
234.9
228.9
221.9
209.9
210.4
213.4
216.4
203.4
200.4
200.4
194.4
212.4
189.4
179.4
161.4
137.8
128.8
125.8
123.8
129.8
147.8
162.3
210.8
218.8
223.8
225.8
218.3
208.3
206.4
211.9
211.9
202.9
196.4
194.9
185.9
208.9
190.9
177.3
156.3
139.3
131.2
125.1
126.1
128.1
136.1
138.9
171.9
188.9
188.9
188.9
179.9
164.9
159.9
160.9
158.9
151.9
150.9
158.9
158.9
175.9
171.9
165.9
139.9
132.9
124.9
118.9
114.9
115.9
120.9
110.4
119.4
145.4
149.4
147.4
150.4
137.4
134.4
134.4
125.4
119.4
128.4
129.4
141.4
176.4
171.4
160.4
147.4
126.4
119.4
118.4
116.4
121.4
141.4
147.4
192.4
217.4
218.4
217.4
215.4
204.4
207.4
207.4
212.4
206.4
194.4
190.7
182.7
209.7
200.7
173.7
154.9
137.9
129.9
124.9
124.9
128.9
143.9
156.9
198.9
226.9
226.4
227.4
228.4
212.4
210.4
215.4
209.4
205.4
202.4
196.4
184.4
209.4
205.4
181.4
155.4
141.4
131.4
127.4
127.4
129.4
137.4
157.4
200.4
228.4
228.4
228.4
220.4
213.4
216.4
218.4
214.4
207.4
197.4
190.4
183.4
195.4
187.4
179.4
160.4
143.4
134.4
130.4
129.4
133.4
128.4
164.4
202.4
227.4
232.4
232.4
233.4
212.4
217.4
221.4
228.4
216.4
206.4
204.4
201.4
215.4
200.4
180.4
157.4
142.4
134.5
128.9
130.6
133.4
143.5
160.5
208.5
228.5
239.5
241.5
229
220
217
217
214
205
200
194
185
201
192
183
159
140.9
132.9
127.9
125.9
128.9
132.9
144.9
169.9
196.9
202.9
198.9
186.9
175.9
158.9
159.9
160.9
157.4
157.4
160.4
159.4
181.4
174.4
163.4
142.9
128.9
122.9
117.9
115.9
125.9
113.9
106.9
123.9
140.9
148.9
151.9
149.9
137.9
133.9
130.9
132.9
129.9
131.9
135.9
154
176
169
153
139
126
118
116
116
121
120
152.9
194.9
217.9
217.9
220.9
216.9
202.9
203.9
208.9
208.9
198.9
191.9
187.9
176.9
189.9
194.9
170.9
146.2
135.2
128.2
124.2
124.2
129.2
127.2
156
197
226
226
226
223
207
203.5
213.5
212
203
197
191
181
189
189
177.2
155.2
140.2
130.2
126.2
124.2
128.2
127.2
154
199
226
229
230
225
210
211
217
215
196
198
196
193
199
185
179
154.2
139
129.2
125.2
126.2
129.2
122.2
161
202
224
224
223
223
204
209
215
213
203
198
191
180
188.5
199.5
178.7
159.7
140.7
132.7
129.7
128.7
133.7
121.7
169.5
205.5
227.5
227
221
223
208
213
215
214
204
195
191
182
185
196
179
159
143
134
129.2
124.2
127.2
117.2
137.2
167.2
190.2
194.2
191
183
169
159
154
159
158
156.4
159.4
158.4
162.4
175.4
158.4
150.4
132.4
124.4
121.1
115.1
114.1
105.1
104
123
135
145
150
148
136
136
133
130
131
134
143
151
171
167
156
142
126.5
120.4
117.8
116.9
120.9
115.9
159
209
228
227
223
216
210
212
214
213
207
198
196
193
197
197
170
155
134
131
129
128
130
125
168.4
208.4
234.4
230.4
232.8
227.8
213.3
212.4
221.4
221.4
212.4
212.4
212.4
192.4
192.4
198.4
177.4
156.4
136
129
125
126
130
128
165
208
236
237
235
231
214
216
227
219
227
216
211
201
212
192
172
155
137
131
127
125
132
130
167
225
246
248
246
247
226
224
227
228
223
221
227
215
214
194
184
154.5
141.5
128.5
127.4
125.2
130.3
127.3
173.3
216.3
238.3
245.3
245.3
239.3
224.3
221.3
220.3
223
214
206
201
192
190
197
172
157
140
130
125
123
126
113.5
137
172
195
196
191
182
167
160
158
160
157
157
160
164
164
175
161
150
130
121
118
115
115
100
104
119
139
148
151
152
149
140
134
127
127
129
152
148
151
168
160
