14.2976699029126
14.2776699029126
14.2575533980583
14.2315533980583
14.2067961165049
14.2127961165049
14.2161165048544
14.1761165048544
14.1392233009709
14.1392233009709
14.1372815533981
14.1172815533981
14.0902912621359
14.0102912621359
13.9411650485437
13.9411650485437
13.9380582524272
13.9180582524272
13.9067961165049
13.9367961165049
13.9609708737864
13.9609708737864
13.9588349514563
13.9488349514563
13.9365048543689
13.9165048543689
13.906854368932
13.927854368932
13.9439611650485
13.9469611650485
13.948213592233
13.945213592233
13.9428349514563
13.9418349514563
13.9411650485437
13.9411650485437
13.9446601941748
13.9546601941748
13.9683495145631
13.9883495145631
13.9966990291262
13.9866990291262
13.9815922330097
13.9835922330097
13.9838834951456
13.9818834951456
13.9870291262136
14.0010291262136
14.006640776699
14.002640776699
13.9957281553398
13.9857281553398
13.9858252427184
13.9958252427184
14.0163106796116
14.0463106796117
14.0387961165049
13.9997961165049
13.9821941747573
13.9811941747573
13.9691262135922
13.9491262135922
13.9411650485437
13.9411650485437
13.9535922330097
13.9735922330097
13.9807766990291
13.9807766990291
13.9873786407767
13.9973786407767
14.0005825242718
14.0005825242718
14.0005825242718
14.0005825242718
13.9718446601942
13.9318446601942
13.9139805825243
13.9039805825243
13.9015533980583
13.9015533980583
13.9015533980583
13.9015533980583
13.8935922330097
13.8835922330097
13.8662524271845
13.8472524271845
13.8432815533981
13.8422815533981
13.8335922330097
13.8235922330097
13.831067961165
13.841067961165
13.86
13.88
13.9091262135922
13.9391262135922
13.9411650485437
13.9411650485437
13.9316504854369
13.9216504854369
13.9223300970874
13.9233300970874
13.921359223301
13.9191067961165
13.8911067961165
13.8638640776699
13.8618640776699
13.8604951456311
13.8714951456311
13.8830388349515
13.9020388349515
13.9177184466019
13.8987184466019
13.8828155339806
13.8928155339806
13.9015533980583
13.9015533980583
13.9002427184466
13.8912427184466
13.885213592233
13.894213592233
13.8978640776699
13.8778640776699
13.8599029126214
13.8499029126214
13.8421359223301
13.8421359223301
13.8421359223301
13.8421359223301
13.8395145631068
13.8295145631068
13.8307766990291
13.8607766990291
13.8817475728155
13.8817475728155
13.8785436893204
13.8685436893204
13.8653398058252
13.8753398058252
13.8781553398058
13.8681553398058
13.8657281553398
13.8757281553398
13.8777669902913
13.8677669902913
13.8661165048544
13.8761165048544
13.8817475728155
13.8817475728155
13.8817475728155
13.8817475728155
13.8865048543689
13.8965048543689
13.9015533980583
13.9015533980583
13.8964077669903
13.8864077669903
13.8817475728155
13.8817475728155
13.8817475728155
13.8817475728155
13.8874757281553
13.8974757281553
13.9015533980583
13.9015533980583
13.913786407767
13.933786407767
13.934854368932
13.924854368932
13.921359223301
13.921359223301
13.9079611650485
13.8879611650485
13.8955339805825
13.9155339805825
13.9284466019417
13.9384466019417
13.9338834951456
13.9238834951456
13.921359223301
13.921359223301
13.9221262135922
13.9231262135922
13.9139029126214
13.9019029126214
13.899572815534
13.899572815534
13.9086504854369
13.9196504854369
13.9289611650485
13.9379611650485
13.9400485436893
13.9410485436893
13.9411650485437
13.9411650485437
13.9321359223301
13.9221359223301
13.9305825242718
13.9405825242718
13.944932038835
13.948932038835
13.9490873786408
13.9490873786408
13.9549708737864
