13.8866666666667
13.8976666666667
13.9086666666667
13.9196666666667
13.9306666666667
13.9416666666667
13.9483333333334
13.9463333333333
13.9443333333333
13.9423333333333
13.9403333333333
13.9383333333333
13.945
13.956
13.967
13.978
13.989
14
14
14
14
14
14
14
14
14
14
14
14
14.0126666666667
14.0316666666667
14.0506666666667
14.0696666666667
14.0886666666667
14.1076666666667
14.1486666666667
14.1896666666667
14.2306666666667
14.2716666666667
14.3126666666667
14.3463333333333
14.3653333333333
14.3843333333333
14.4033333333333
14.4223333333333
14.4413333333333
14.455
14.466
14.477
14.488
14.499
14.51
14.5
14.49
14.48
14.47
14.46
14.4533333333333
14.4533333333333
14.4533333333333
14.4533333333333
14.4533333333333
14.4533333333333
14.4393333333333
14.4183333333333
14.3973333333333
14.3763333333333
14.3553333333333
14.3343333333333
14.3253333333333
14.3163333333333
14.3073333333333
14.2983333333333
14.2893333333333
14.3033333333333
14.3633333333333
14.4233333333333
14.4833333333333
14.5433333333333
14.6033333333333
14.5966666666667
14.5566666666667
14.5166666666667
14.4766666666667
14.4366666666667
14.3966666666667
14.3866666666667
14.3766666666667
14.3666666666667
14.3566666666667
14.3466666666667
14.3533333333333
14.3933333333333
14.4333333333333
14.4733333333333
14.5133333333333
14.5533333333333
14.5726666666667
14.5816666666667
14.5906666666667
14.5996666666667
14.6086666666667
14.6176666666667
14.5886666666667
14.5596666666667
14.5306666666667
14.5016666666667
14.4726666666667
14.4433333333333
14.4133333333333
14.3833333333333
14.3533333333333
14.3233333333333
14.2933333333333
14.27
14.25
14.23
14.21
14.19
14.17
14.21
14.25
14.29
14.33
14.37
14.393
14.382
14.371
14.36
14.349
14.338
14.335
14.336
14.337
14.338
14.339
14.34
14.331
14.322
14.313
14.304
14.295
14.2886666666667
14.2876666666667
14.2866666666667
14.2856666666667
14.2846666666667
14.2836666666667
14.284
14.285
14.286
14.287
14.288
14.289
14.318
14.347
14.376
14.405
14.434
14.4533333333333
14.4533333333333
14.4533333333333
14.4533333333333
14.4533333333333
14.4533333333333
14.4533333333333
14.4533333333333
14.4533333333333
14.4533333333333
14.4533333333333
14.4533333333333
14.4623333333333
14.4713333333333
14.4803333333333
14.4893333333333
14.4983333333333
14.498
14.479
14.46
14.441
14.422
14.403
14.3833333333333
14.3633333333333
14.3433333333333
14.3233333333333
14.3033333333333
14.2833333333333
14.2433333333333
14.2033333333333
14.1633333333333
14.1233333333333
14.0833333333333
14.0533333333333
14.0433333333333
14.0333333333333
14.0233333333333
14.0133333333334
14.0033333333333
13.9933333333333
13.9833333333333
13.9733333333333
13.9633333333333
13.9533333333333
