14.3835
14.3925
14.4015
14.4105
14.4195
14.4285
14.4375
14.4375
14.4375
14.4375
14.4375
14.4375
14.4375
14.4575
14.4775
14.4975
14.5175
14.5375
14.5575
14.5375
14.5175
14.4975
14.4775
14.4575
14.4375
14.4475
14.4575
14.4675
14.4775
14.4875
14.4975
14.4875
14.4775
14.4675
14.4575
14.4475
14.4375
14.4475
14.4575
14.4675
14.4775
14.4875
14.4975
14.5075
14.5175
14.5275
14.5375
14.5475
14.5575
14.5475
14.5375
14.5275
14.5175
14.5075
14.4975
14.4895
14.4815
14.4735
14.4655
14.4575
14.4495
14.4575
14.4655
14.4735
14.4815
14.4895
14.4975
14.4875
14.4775
14.4675
14.4575
14.4475
14.4375
14.4575
14.4775
14.4975
14.5175
14.5375
14.5575
14.5775
14.5975
14.6175
14.6375
14.6575
14.6775
14.6875
14.6975
14.7075
14.7175
14.7275
14.7375
14.7485
14.7595
14.7705
14.7815
14.7925
14.8035
14.8125
14.8215
14.8305
14.8395
14.8485
14.8575
14.8475
14.8375
14.8275
14.8175
14.8075
14.7975
14.7975
14.7975
14.7975
14.7975
14.7975
14.7975
14.8075
14.8175
14.8275
14.8375
14.8475
14.8575
14.8475
14.8375
14.8275
14.8175
14.8075
14.7975
14.7975
14.7975
14.7975
14.7975
14.7975
14.7975
14.7975
14.7975
14.7975
14.7975
14.7975
14.7975
14.7875
14.7775
14.7675
14.7575
14.7475
14.7375
14.7575
14.7775
14.7975
14.8175
14.8375
14.8575
14.8485
14.8395
14.8305
14.8215
14.8125
14.8035
14.8025
14.8015
14.8005
14.7995
14.7985
14.7975
14.7975
14.7975
14.7975
14.7975
14.7975
14.7975
14.8075
14.8175
14.8275
14.8375
14.8475
14.8575
14.8475
14.8375
14.8275
14.8175
14.8075
14.7975
14.8065
14.8155
14.8245
14.8335
14.8425
14.8515
14.8625
14.8735
14.8845
14.8955
14.9065
14.9175
14.8975
14.8775
14.8575
14.8375
14.8175
14.7975
14.7775
14.7575
14.7375
14.7175
14.6975
