14.125
14.135
14.145
14.155
14.165
14.175
14.185
14.191
14.181
14.171
14.161
14.151
14.141
14.131
14.121
14.111
14.101
14.091
14.081
14.071
14.061
14.063
14.073
14.083
14.093
14.103
14.113
14.123
14.125
14.125
14.125
14.125
14.125
14.125
14.125
14.115
14.105
14.095
14.085
14.075
14.065
14.0612
14.0822
14.1032
14.1242
14.1452
14.1662
14.1872
14.1998
14.1998
14.1998
14.1998
14.1998
14.1998
14.1998
14.1998
14.1998
14.1998
14.1998
14.1998
14.1998
14.1998
14.207
14.216
14.225
14.234
14.243
14.252
14.261
14.251
14.241
14.231
14.221
14.211
14.201
14.1912
14.1822
14.1732
14.1642
14.1552
14.1462
14.1372
14.1274
14.1164
14.1054
14.0944
14.0834
14.0724
14.0614
14.063
14.073
14.083
14.093
14.103
14.113
14.123
14.117
14.107
14.097
14.087
14.077
14.067
14.057
14.067
14.077
14.087
14.097
14.107
14.117
14.1252
14.1262
14.1272
14.1282
14.1292
14.1302
14.1312
14.1314
14.1304
14.1294
14.1284
14.1274
14.1264
14.1254
14.1196
14.1106
14.1016
14.0926
14.0836
14.0746
14.0656
14.0702
14.0782
14.0862
14.0942
14.1022
14.1102
14.1182
14.1092
14.1002
14.0912
14.0822
14.0732
14.0642
14.0588
14.0678
14.0768
14.0858
14.0948
14.1038
14.1128
14.1146
14.1056
14.0966
14.0876
14.0786
14.0696
14.0606
14.0576
14.0586
14.0596
14.0606
14.0616
14.0626
14.0636
14.063
14.062
14.061
14.06
14.059
14.058
14.057
14.047
14.037
14.027
14.017
14.007
13.997
13.987
13.977
13.967
13.957
13.947
13.937
13.927
13.9178
13.9098
13.9018
13.8938
13.8858
13.8778
13.8698
13.8564
13.8394
13.8224
13.8054
13.7884
13.7714
13.7544
13.739
13.724
13.709
13.694
13.679
13.664
