14.6369727272727
14.6269727272727
14.6169727272727
14.6069727272727
14.6027909090909
14.6127909090909
14.6227909090909
14.6172454545455
14.6245363636364
14.6335181818182
14.6257
14.6357
14.6544272727273
14.6426090909091
14.6166090909091
14.6047909090909
14.6347909090909
14.6555181818182
14.6547909090909
14.6579727272727
14.6708636363636
14.6618636363636
14.6813363636364
14.6640636363636
14.6595181818182
14.6767909090909
14.6860636363636
14.6760636363636
14.6820636363636
14.6864272727273
14.6897
14.7006090909091
14.7206090909091
14.7235181818182
14.7111545454545
14.6987909090909
14.7017
14.7217
14.7062454545455
14.7128090909091
14.7278818181818
14.7378818181818
14.7478818181818
14.7578818181818
14.7533363636364
14.7433363636364
14.7333363636364
14.7237
14.7337
14.7358818181818
14.7358818181818
14.7358818181818
14.7337
14.7037
14.6987909090909
14.7107909090909
14.7253363636364
14.7303363636364
14.7353363636364
14.7269727272727
14.7300636363636
14.7337909090909
14.7269727272727
14.7119727272727
14.7149363636364
14.7203545454545
14.7282454545455
14.7358818181818
14.7358818181818
14.7158818181818
14.7111545454545
14.7164272727273
14.7235181818182
14.7235181818182
14.7235181818182
14.7235181818182
14.7177
14.7180636363636
14.7358818181818
14.7358818181818
14.7620636363636
14.7729727272727
14.7729727272727
14.7713363636364
14.7613363636364
14.7698818181818
14.7729727272727
14.7729727272727
14.7751545454545
14.7851545454545
14.8246090909091
14.8340454545455
14.8035181818182
14.7660636363636
14.7835181818182
14.7335181818182
14.7635181818182
14.7853363636364
14.7853363636364
14.7853363636364
14.7853363636364
14.7853363636364
14.7853363636364
14.7891545454545
14.7977
14.7977
14.7886090909091
14.7584272727273
14.7315181818182
14.7215181818182
14.7115181818182
14.6918818181818
14.7082454545455
14.7235181818182
14.7260636363636
14.7357
14.7257
14.7313363636364
14.7304272727273
14.7266090909091
14.7351545454545
14.7251545454545
14.7235181818182
14.7115181818182
14.7024272727273
14.7100090909091
14.7010090909091
14.6991363636364
14.6922454545455
14.6780636363636
14.6617
14.6617
14.6522454545455
14.6351545454545
14.6246090909091
14.6222454545455
14.6122454545455
14.6122454545455
14.6046090909091
14.5998818181818
14.6001727272727
14.6016090909091
14.6106090909091
14.6040636363636
14.6057
14.6087909090909
14.5998818181818
14.5998818181818
14.5998818181818
14.5998818181818
14.5998818181818
14.5998818181818
14.5998818181818
14.6091545454545
14.6122454545455
14.5945181818182
14.5659909090909
14.5749909090909
14.5859545454545
14.6021727272727
14.5962454545455
14.5724272727273
14.5628272727273
14.5638272727273
14.5792272727273
14.5706090909091
14.5537
14.5618818181818
14.5518818181818
14.5675181818182
14.5578454545455
14.5439727272727
14.5544272727273
14.5734272727273
14.5660636363636
14.5560636363636
14.5504272727273
14.5486272727273
14.5396272727273
14.5393
14.5393
14.5437181818182
14.5504272727273
14.5502454545455
14.5402454545455
14.5458818181818
14.5449727272727
14.5365181818182
14.5329727272727
14.5479727272727
14.5420636363636
14.5380636363636
14.5362454545455
14.5318818181818
14.5318818181818
14.5452454545455
14.5438818181818
14.5380636363636
14.5380636363636
14.5380636363636
14.5569727272727
14.5131545454545
14.5140636363636
14.5822454545455
