14.9977272727273
14.9877272727273
14.9777272727273
14.9743896103896
14.9833896103896
14.9923896103896
14.9887662337662
14.9797662337662
14.9676493506494
14.8986493506493
14.8296493506494
14.8041298701299
14.8431298701299
14.8821298701299
14.8842207792208
14.8742207792208
14.8611038961039
14.8211038961039
14.7811038961039
14.7683766233766
14.7883766233766
14.8083766233766
14.8847402597403
14.9747402597403
15.0507142857143
15.0507142857143
15.0507142857143
15.0507142857143
15.0507142857143
15.0507142857143
15.0601428571429
15.0711428571429
15.0713376623377
15.0303376623377
14.9893376623377
14.9768181818182
14.9868181818182
14.9968181818182
15.0068181818182
15.0168181818182
15.032012987013
15.062012987013
15.092012987013
15.1104155844156
15.1214155844156
15.1324155844156
15.1587922077922
15.1857922077922
15.2081168831169
15.2201168831169
15.2321168831169
15.2096753246753
15.1696753246753
15.1304545454545
15.1504545454545
15.1704545454545
15.2188181818182
15.3168181818182
15.4148181818182
15.4728181818182
15.5148181818182
15.5540909090909
15.5540909090909
15.5540909090909
15.5316493506493
15.4776493506493
15.4236493506493
15.4217532467532
15.4357532467532
15.4434415584416
15.4034415584416
15.3634415584416
15.3374675324675
15.3274675324675
15.3174675324675
15.3205584415584
15.3265584415584
15.3288441558442
15.3128441558442
15.2968441558442
15.3052597402597
15.3362597402597
15.3672597402597
15.3791168831169
15.3881168831169
15.3984415584416
15.4134415584416
15.4284415584416
15.4325844155844
15.4285844155844
15.4245844155844
15.4049090909091
15.3839090909091
15.355
15.305
15.255
15.1987662337662
15.1387662337662
15.0787662337662
15.1161688311688
15.1561688311688
15.1994155844156
15.2494155844156
15.2994155844156
15.3088961038961
15.2988961038961
15.2891558441558
15.2891558441558
15.2891558441558
15.3042207792208
15.3442207792208
15.3842207792208
15.3733116883117
15.3433116883117
15.3101948051948
15.2401948051948
15.1701948051948
15.1134805194805
15.0744805194805
15.0354805194805
15.0494675324675
15.0784675324675
15.0933116883117
15.0133116883117
14.9333116883117
14.9253896103896
14.9953896103896
15.0653896103896
15.0938311688312
15.1138311688312
15.1303766233766
15.1313766233766
15.1323766233766
15.1536103896104
15.1926103896104
15.2316103896104
15.2185064935065
15.1985064935065
15.1738311688312
15.1338311688312
15.0938311688312
15.0888961038961
15.1088961038961
15.1288961038961
15.1208441558442
15.1108441558442
15.0951298701299
15.0651298701299
15.0351298701299
15.0114935064935
14.9914935064935
14.9714935064935
15.0304545454545
15.0904545454545
15.1234415584416
15.1034415584416
15.0834415584416
15.0496753246753
15.0096753246753
14.9711948051948
14.9701948051948
14.9691948051948
14.9845584415584
15.0255584415584
15.0665584415584
15.0698051948052
15.0598051948052
15.0480779220779
15.0190779220779
14.9900779220779
14.969025974026
14.958025974026
14.947025974026
14.8575974025974
14.7475974025974
14.6604545454545
14.7104545454545
14.7604545454545
14.8203246753247
14.8903246753247
14.9603246753247
14.9881168831169
15.0081168831169
15.024025974026
15.023025974026
15.022025974026
14.9948441558442
14.9458441558442
14.8968441558442
14.9679220779221
15.0529220779221
15.1083116883117
15.0733116883117
15.0383116883117
15.0403506493506
15.0673506493506
15.0943506493507
15.0692077922078
15.0412077922078
15.0278441558442
15.0488441558442
15.0698441558442
15.0966883116883
15.1266883116883
