14.0239423076923
14.0039423076923
13.9850961538462
13.9950961538462
14.0043269230769
14.0043269230769
14.0054807692308
14.0154807692308
14.02225
14.01125
14.0006346153846
13.9916346153846
13.9847115384615
13.9847115384615
13.9874038461538
13.9974038461538
14.0070961538462
14.0160961538462
14.0223269230769
14.0233269230769
14.0166346153846
13.9976346153846
13.9947115384615
14.0137115384615
14.0193269230769
14.0093269230769
14.0043269230769
14.0043269230769
14.0048653846154
14.0058653846154
14.0057115384615
14.0047115384615
14.0043269230769
14.0043269230769
14.0102115384615
14.0192115384615
14.01575
14.00675
14.0116346153846
14.0216346153846
14.0231730769231
14.0221730769231
14.0147115384615
14.0057115384615
14.0043269230769
14.0043269230769
13.9954807692308
13.9854807692308
13.9939423076923
14.0039423076923
14.0100961538462
14.0160961538462
14.0000961538462
13.9854807692308
14.0054807692308
14.02325
14.01425
14.0072115384615
14.0152115384615
14.0205961538462
14.0115961538462
14.0043269230769
14.0043269230769
14.0066346153846
14.0166346153846
14.02125
14.01125
14.0043269230769
14.0043269230769
14.0077884615385
14.0177884615385
14.0320192307692
14.0530192307692
14.0604807692308
14.0494807692308
14.0435576923077
14.0435576923077
14.0435576923077
14.0435576923077
14.0489423076923
14.0589423076923
14.0631730769231
14.0631730769231
14.0631730769231
14.0631730769231
14.0566346153846
14.0466346153846
14.0387115384615
14.0317115384615
14.0283653846154
14.0263653846154
14.0328269230769
14.0418269230769
14.0516346153846
14.0616346153846
14.0631730769231
14.0631730769231
14.0631730769231
14.0631730769231
14.0908653846154
14.1208653846154
14.1220192307692
14.1220192307692
14.1120192307692
14.1024038461538
14.1024038461538
14.1008653846154
14.0808653846154
14.0631730769231
14.0631730769231
14.0647115384615
14.0747115384615
14.0808653846154
14.0708653846154
14.0590192307692
14.0410192307692
14.0327115384615
14.0507115384615
14.06625
14.07625
14.0793269230769
14.0693269230769
14.0670192307692
14.0770192307692
14.0700961538462
14.0400961538462
14.0197884615385
14.0107884615385
14.0057884615385
14.0047884615385
14.0097115384615
14.0197115384615
14.0302884615385
14.0412884615385
14.0485961538462
14.0535961538462
14.0448653846154
14.0288653846154
14.0170192307692
14.0070192307692
14.0328269230769
14.0718269230769
14.0739038461538
14.0649038461538
14.0550961538462
14.0450961538462
14.0520192307692
14.0620192307692
14.0631730769231
14.0631730769231
14.0631730769231
14.0631730769231
14.0631730769231
14.0631730769231
14.0541730769231
14.0451346153846
14.0351346153846
14.0250576923077
14.0140576923077
14.0044423076923
14.0054423076923
14.0061346153846
14.0051346153846
14.00625
14.01625
14.0239423076923
14.0239423076923
14.02125
14.01125
14.0043269230769
14.0043269230769
14.0008653846154
13.9908653846154
13.9850961538462
13.9860961538462
13.9904807692308
13.9994807692308
13.9997115384615
13.9897115384615
13.9852115384615
13.9862115384615
13.98075
13.96975
13.9593269230769
13.9493269230769
13.9454807692308
13.9454807692308
13.9520192307692
13.9620192307692
13.9581730769231
13.9481730769231
13.9527884615385
13.9627884615385
13.9650961538462
13.9650961538462
13.9731730769231
13.9831730769231
13.97625
13.96625
13.9650961538462
13.9650961538462
14.0020192307692
14.0420192307692
14.0445192307692
