15.7667857142857
15.7377857142857
15.7087857142857
15.6797857142857
15.6507857142857
15.6217857142857
15.5927857142857
15.5637857142857
15.5347857142857
15.5057857142857
15.4767857142857
15.4477857142857
15.4187857142857
15.3897857142857
15.3607857142857
15.3523571428571
15.3713571428571
15.3903571428571
15.4093571428572
15.4283571428571
15.4473571428571
15.4663571428571
15.4853571428571
15.5043571428571
15.5233571428571
15.5423571428571
15.5613571428572
15.5803571428572
15.5993571428572
15.6183571428571
15.5953571428571
15.5653571428571
15.5353571428571
15.5053571428571
15.4753571428571
15.4453571428571
15.4153571428572
15.3853571428571
15.3553571428572
15.3253571428571
15.2953571428571
15.2653571428571
15.2353571428571
15.2053571428571
15.1925
15.2225
15.2525
15.2825
15.3125
15.3425
15.3725
15.4025
15.4325
15.4625
15.4925
15.5225
15.5525
15.5825
15.6125
15.6139285714286
15.6039285714286
15.5939285714286
15.5839285714286
15.5739285714286
15.5639285714285
15.5539285714286
15.5439285714286
15.5339285714286
15.5239285714286
15.5139285714286
15.5039285714286
15.4939285714286
15.4839285714286
15.4755
15.4765
15.4775
15.4785
15.4795
15.4805
15.4815
15.4825
15.4835
15.4845
15.4855
15.4865
15.4875
15.4885
15.4895
15.4779285714286
15.4569285714286
15.4359285714286
15.4149285714286
15.3939285714285
15.3729285714285
15.3519285714286
15.3309285714286
15.3099285714286
15.2889285714286
15.2679285714286
15.2469285714286
15.2259285714286
15.2049285714285
15.1839285714286
15.2139285714286
15.2439285714286
15.2739285714286
15.3039285714286
15.3339285714286
15.3639285714286
15.3939285714286
15.4239285714286
15.4539285714285
15.4839285714286
15.5139285714286
15.5439285714286
15.5739285714286
15.6039285714286
15.6210714285714
15.6210714285714
15.6210714285714
15.6210714285714
15.6210714285715
15.6210714285714
15.6210714285714
15.6210714285714
15.6210714285714
15.6210714285715
15.6210714285714
15.6210714285714
15.6210714285714
15.6210714285714
15.6210714285714
15.6125
15.6025
15.5925
15.5825
15.5725
15.5625
15.5525
15.5425
15.5325
15.5225
15.5125
15.5025
15.4925
15.4825
15.4782142857143
15.4882142857143
15.4982142857143
15.5082142857143
15.5182142857143
15.5282142857143
15.5382142857143
15.5482142857143
15.5582142857143
15.5682142857143
15.5782142857143
15.5882142857143
15.5982142857143
15.6082142857143
15.6182142857143
15.5996428571429
15.5696428571429
15.5396428571429
15.5096428571429
15.4796428571429
15.4496428571428
15.4196428571429
15.3896428571428
15.3596428571429
15.3296428571428
15.2996428571428
15.2696428571428
15.2396428571428
15.2096428571428
15.1882142857143
15.2182142857143
15.2482142857143
15.2782142857143
15.3082142857143
15.3382142857143
15.3682142857143
15.3982142857143
15.4282142857143
15.4582142857143
15.4882142857143
15.5182142857143
15.5482142857143
15.5782142857143
15.6082142857143
15.6267857142857
15.6367857142857
15.6467857142857
15.6567857142857
15.6667857142857
15.6767857142857
15.6867857142857
15.6967857142857
15.7067857142857
15.7167857142857
15.7267857142857
15.7367857142857
15.7467857142857
15.7567857142857
