14.45404
14.47004
14.48604
14.48916
14.45916
14.42916
14.43836
14.47836
14.51836
14.50796
14.48796
14.46316
14.40316
14.34316
14.31116
14.32116
14.33116
14.32756
14.31756
14.30756
14.31676
14.32676
14.34156
14.37156
14.40156
14.43156
14.46156
14.49156
14.51436
14.53536
14.557
14.586
14.615
14.64436
14.67436
14.70436
14.7286
14.7496
14.7706
14.79896
14.82796
14.85516
14.87516
14.89516
14.91516
14.93516
14.95516
14.95236
14.94236
14.93276
14.93276
14.93276
14.91676
14.86676
14.81676
14.75476
14.68476
14.61476
14.62396
14.64396
14.66252
14.67352
14.68452
14.70828
14.74828
14.78828
14.79156
14.78056
14.76956
14.77856
14.78756
14.78592
14.75692
14.72792
14.71516
14.71516
14.71516
14.73196
14.75196
14.77064
14.77964
14.78864
14.79404
14.79404
14.79404
14.80152
14.81252
14.82352
14.84316
14.86316
14.88316
14.90316
14.92316
14.93276
14.93276
14.93276
14.92476
14.91476
14.90476
14.89476
14.88476
14.87836
14.87836
14.87836
14.88476
14.89476
14.90476
14.90556
14.90556
14.90356
14.89356
14.88356
14.88316
14.89316
14.90316
14.90556
14.90556
14.90676
14.93676
14.96676
14.97436
14.93436
14.89436
14.88436
14.89436
14.90436
14.88796
14.86796
14.84956
14.83956
14.82956
14.83276
14.85276
14.87276
14.87116
14.86116
14.85116
14.86116
14.87116
14.87556
14.86556
14.85556
14.86236
14.88236
14.90236
14.90556
14.90556
14.90556
14.90556
14.90556
14.90156
14.89156
14.88156
14.87836
14.87836
14.87836
14.87836
14.87836
14.88076
14.89076
14.90076
14.90036
14.89036
14.88036
14.87836
14.87836
14.87916
14.88916
14.89916
14.89836
14.87836
14.85836
14.85756
14.86756
14.87756
14.89676
14.91676
14.92876
14.90876
14.88876
14.87836
14.87836
14.87836
14.86316
14.84316
14.82436
14.83436
14.84436
14.84476
14.82476
14.80476
14.79136
14.78236
14.77336
14.7626
14.7516
14.74236
14.74236
14.74236
14.72476
14.68476
14.64476
14.59756
14.54756
