14.155
14.165
14.151
14.1634
14.1862
14.191
14.191
14.192
14.1994
14.197
14.191
14.187
14.167
14.162
14.1578
14.1676
14.171
14.159
14.179
14.179
14.1638
14.1502
14.1438
14.143
14.143
14.143
14.143
14.137
14.115
14.085
14.095
14.075
14.0678
14.0566
14.051
14.057
14.047
14.057
14.067
14.083
14.087
14.075
14.095
14.085
14.091
14.0836
14.0758
14.079
14.059
14.059
14.059
14.0596
14.0602
14.058
14.047
14.067
14.087
14.0836
14.075
14.083
14.095
14.086
14.1074
14.113
14.107
14.103
14.083
14.104
14.1234
14.1136
14.0958
14.095
14.095
14.096
14.1042
14.1196
14.135
14.1468
14.1658
14.1728
14.1774
14.173
14.163
14.155
14.155
14.155
14.147
14.143
14.1434
14.144
14.143
14.153
14.147
14.137
14.131
14.133
14.143
14.133
14.147
14.161
14.1634
14.1562
14.1562
14.1752
14.179
14.179
14.183
14.191
14.191
14.181
14.179
14.179
14.1794
14.178
14.167
14.167
14.1598
14.1562
14.1598
14.165
14.155
14.165
14.1598
14.1616
14.163
14.157
14.167
14.157
14.163
14.1616
14.1598
14.1672
14.1682
14.1872
14.183
14.1856
14.1878
14.173
14.143
14.144
14.1434
14.1436
14.1478
14.155
14.155
14.145
14.151
14.1544
14.1582
14.1668
14.1658
14.1668
14.1678
14.1796
14.191
14.1912
14.1922
14.1822
14.1714
14.167
14.163
14.157
14.167
14.167
14.159
14.155
14.151
14.143
14.143
14.143
14.135
14.125
14.119
14.119
14.119
14.119
14.111
14.1076
14.1078
14.107
14.107
14.117
14.1262
14.1304
14.147
14.1808
14.1898
14.1908
14.199
14.203
14.203
14.205
14.215
14.205
14.2198
14.2276
14.2274
14.228
14.227
14.217
14.2078
14.1976
14.185
14.1722
