14.70375
14.74375
14.78375
14.82375
14.86375
14.90375
14.93385
14.96285
14.99185
15.02085
15.04985
15.08845
15.12945
15.17045
15.21145
15.25245
15.17375
15.04375
14.91375
14.78375
14.65375
14.62875
14.67375
14.71875
14.76375
14.80875
14.82425
14.81025
14.79625
14.78225
14.76825
14.77945
14.82845
14.87745
14.92645
14.97545
15.00075
14.97075
14.94075
14.91075
14.88075
14.86075
14.88075
14.90075
14.92075
14.94075
14.95385
14.90485
14.85585
14.80685
14.75785
14.70885
14.73785
14.76685
14.79585
14.82485
14.85385
14.83785
14.81685
14.79585
14.77485
14.75385
14.75845
14.76945
14.78045
14.79145
14.80245
14.81975
14.83975
14.85975
14.87975
14.89975
14.91375
14.92375
14.93375
14.94375
14.95375
14.96375
14.97375
14.98375
14.99375
15.00375
15.01375
15.02375
15.03375
15.04375
15.05375
15.06645
15.08545
15.10445
15.12345
15.14245
15.15025
15.11325
15.07625
15.03925
15.00225
14.96575
14.93375
14.90175
14.86975
14.83775
14.80575
14.78575
14.76575
14.74575
14.72575
14.70575
14.62815
14.54415
14.46015
14.37615
14.29215
14.33455
14.40855
14.48255
14.55655
14.63055
14.67375
14.70375
14.73375
14.76375
14.79375
14.79975
14.78975
14.77975
14.76975
14.75975
14.77225
14.80725
14.84225
14.87725
14.91225
14.96525
15.04525
15.12525
15.20525
15.28525
15.33075
15.29575
15.26075
15.22575
15.19075
15.15275
15.10275
15.05275
15.00275
14.95275
14.90875
14.91875
14.92875
14.93875
14.94875
14.95875
14.95875
14.95875
14.95875
14.95875
14.95875
14.97675
14.99675
15.01675
15.03675
15.05675
15.09275
15.13275
15.17275
15.21275
15.25275
15.27455
15.28855
15.30255
15.31655
15.33055
15.28635
15.20335
15.12035
15.03735
14.95435
14.92735
14.95635
14.98535
15.01435
15.04335
15.06075
15.06075
15.06075
15.06075
15.06075
15.05775
15.04775
15.03775
15.02775
15.01775
15.00575
14.98575
14.96575
14.94575
14.92575
14.90725
14.90225
14.89725
14.89225
14.88725
