14.4675
14.4465
14.4255
14.4045
14.3835
14.3625
14.3415
14.3205
14.2995
14.2945
14.3055
14.3165
14.3275
14.3385
14.3495
14.3605
14.3715
14.3825
14.3525
14.3225
14.2925
14.2625
14.2325
14.2025
14.1725
14.1425
14.1325
14.1425
14.1525
14.1625
14.1725
14.1825
14.1925
14.2025
14.2125
14.1725
14.1325
14.0925
14.0525
14.0125
13.9725
13.9325
13.8925
13.8765
13.8845
13.8925
13.9005
13.9085
13.9165
13.9245
13.9325
13.9405
13.9325
13.9245
13.9165
13.9085
13.9005
13.8925
13.8845
13.8765
13.863
13.844
13.825
13.806
13.787
13.768
13.749
13.73
13.711
13.711
13.711
13.711
13.711
13.711
13.711
13.711
13.711
13.7105
13.7095
13.7085
13.7075
13.7065
13.7055
13.7045
13.7035
13.7025
13.7135
13.7245
13.7355
13.7465
13.7575
13.7685
13.7795
13.7905
13.795
13.793
13.791
13.789
13.787
13.785
13.783
13.781
13.779
13.79
13.801
13.812
13.823
13.834
13.845
13.856
13.867
13.8725
13.8725
13.8725
13.8725
13.8725
13.8725
13.8725
13.8725
13.8725
13.8725
13.8725
13.8725
13.8725
13.8725
13.8725
13.8725
13.8725
13.882
13.901
13.92
13.939
13.958
13.977
13.996
14.015
14.034
14.075
14.116
14.157
14.198
14.239
14.28
14.321
14.362
14.392
14.411
14.43
14.449
14.468
14.487
14.506
14.525
14.544
14.555
14.566
14.577
14.588
14.599
14.61
14.621
14.632
14.6325
14.6225
14.6125
14.6025
14.5925
14.5825
14.5725
14.5625
14.5525
14.5525
14.5525
14.5525
14.5525
14.5525
14.5525
14.5525
14.5525
14.542
14.521
14.5
14.479
14.458
14.437
14.416
14.395
14.374
14.365
14.356
14.347
14.338
14.329
14.32
14.311
14.302
14.3275
14.3875
14.4475
14.5075
14.5675
14.6275
14.6875
14.7475
