15.16875
14.6972115384615
14.6919230769231
14.6532692307692
14.6901923076923
14.6459615384615
14.6584615384615
14.6873076923077
14.6863461538462
14.6867307692308
14.6794230769231
14.6579807692308
14.6321826923077
14.6440384615385
14.6560576923077
14.6676923076923
14.6801923076923
14.6670865384615
14.6769230769231
14.7138461538462
14.7350961538462
14.7295384615385
14.7163173076923
14.7220192307692
14.7227884615385
14.7033653846154
14.7128846153846
14.7227884615385
14.7229423076923
14.7443846153846
14.7656826923077
14.7666346153846
14.7701634615385
14.7666346153846
14.7715384615385
14.7801826923077
14.7713076923077
14.7430769230769
14.7222596153846
14.7129807692308
14.7283653846154
14.7363461538462
14.7473076923077
14.736875
14.7407692307692
14.7357692307692
14.7313461538462
14.7297115384615
14.71875
14.7036538461538
14.6932692307692
14.6832692307692
14.6788365384615
14.6648461538462
14.6837884615385
14.6976923076923
14.70875
14.6916346153846
14.6954230769231
14.6848076923077
14.6702884615385
14.6636538461538
14.6802019230769
14.6927884615385
14.6955769230769
14.6975
14.6933653846154
14.6927692307692
14.6979807692308
14.6979807692308
14.6955769230769
14.6951923076923
14.6899038461538
14.6973076923077
14.7028846153846
14.6984423076923
14.6979807692308
14.7027980769231
14.6982692307692
14.7024038461538
14.7084615384615
14.7141346153846
14.7350961538462
14.7225
14.7274038461538
14.7305096153846
14.7304807692308
14.7196153846154
14.7293942307692
14.7299038461538
14.7175961538462
14.7222884615385
14.7225
14.7161538461538
14.7191346153846
14.7211538461538
14.7161538461538
14.7234615384615
14.7126923076923
14.7175961538462
14.7221153846154
14.7130769230769
14.7175961538462
14.7135480769231
14.7228846153846
14.7338942307692
14.7315384615385
14.7249134615385
14.7089423076923
14.7064423076923
14.7044230769231
14.7077884615385
14.7028846153846
14.7007692307692
14.6953846153846
14.7027884615385
14.7106923076923
14.7069230769231
14.6998076923077
14.7061538461538
14.7126923076923
14.7115673076923
14.7077884615385
14.7109615384615
14.7077884615385
14.7196538461538
14.7080769230769
14.7126923076923
14.7127788461538
14.7219230769231
14.7073076923077
14.7
14.7032884615385
14.7039423076923
14.6999615384615
14.7063461538462
14.6999423076923
14.6984711538462
14.7
14.6984711538462
14.7074519230769
14.7005769230769
14.7061634615385
14.7097115384615
14.7193269230769
14.7175961538462
14.7113461538462
14.7115384615385
14.7038461538462
14.7127692307692
14.7024519230769
14.7074038461538
14.7167403846154
14.7028846153846
14.6981730769231
14.6988173076923
14.7082211538462
14.7077884615385
14.7136538461538
14.7100384615385
14.7010288461538
14.6869711538462
14.6933653846154
14.6851923076923
14.6909615384615
14.7011538461538
14.6758653846154
14.6633942307692
14.6636538461538
14.6645961538462
14.6814711538462
14.7028846153846
14.6845192307692
14.6867307692308
14.6751923076923
14.6790384615385
14.6802115384615
14.6922980769231
14.6835576923077
14.6832692307692
14.6936538461538
14.6908653846154
14.6843653846154
14.6881730769231
14.6905769230769
14.6758653846154
14.6687019230769
14.6737884615385
14.6765384615385
14.6763461538462
14.6783653846154
14.6447115384615
14.5520192307692
14.5236057692308
14.5510576923077
14.5355769230769
14.5469615384615
14.5542980769231
14.5478653846154
14.5440384615385
14.5625
14.5471153846154
14.5402884615385
14.5560480769231
