15.1046739130435
15.0696739130435
15.0346739130435
14.9996739130435
14.9646739130435
14.9296739130435
14.8946739130435
14.8596739130435
14.8246739130435
14.7877173913044
14.7377173913044
14.6877173913044
14.6377173913044
14.5877173913044
14.5377173913044
14.4877173913044
14.4377173913043
14.3877173913043
14.3533695652174
14.3633695652174
14.3733695652174
14.3833695652174
14.3933695652174
14.4033695652174
14.4133695652174
14.4233695652174
14.4333695652174
14.4394565217391
14.4394565217391
14.4394565217391
14.4394565217391
14.4394565217391
14.4394565217391
14.4394565217391
14.4394565217391
14.4394565217391
14.4498913043478
14.4698913043478
14.4898913043478
14.5098913043478
14.5298913043478
14.5498913043478
14.5698913043478
14.5898913043478
14.6098913043478
14.6429347826087
14.6829347826087
14.7229347826087
14.7629347826087
14.8029347826087
14.8429347826087
14.8829347826087
14.9229347826087
14.9629347826087
14.9825869565217
14.9965869565217
15.0105869565217
15.0245869565217
15.0385869565217
15.0525869565217
15.0665869565217
15.0805869565217
15.0945869565217
15.0200217391304
14.9370217391304
14.8540217391304
14.7710217391304
14.6880217391304
14.6050217391304
14.5220217391304
14.4390217391304
14.3608913043478
14.3898913043478
14.4188913043478
14.4478913043478
14.4768913043478
14.5058913043478
14.5348913043478
14.5638913043478
14.5928913043478
14.616847826087
14.616847826087
14.616847826087
14.616847826087
14.616847826087
14.616847826087
14.6168478260869
14.616847826087
14.616847826087
14.6138043478261
14.6038043478261
14.5938043478261
14.5838043478261
14.5738043478261
14.5638043478261
14.5538043478261
14.5438043478261
14.5338043478261
14.5194565217391
14.4994565217391
14.4794565217391
14.4594565217391
14.4394565217391
14.4194565217391
14.3994565217391
14.3794565217391
14.3594565217391
14.3479347826087
14.3429347826087
14.3379347826087
14.3329347826087
14.3279347826087
14.3229347826087
14.3179347826087
14.3129347826087
14.3079347826087
14.3175434782609
14.3335434782609
14.3495434782609
14.3655434782609
14.3815434782609
14.3975434782609
14.4135434782609
14.4295434782609
14.4455434782609
14.4557608695652
14.4647608695652
14.4737608695652
14.4827608695652
14.4917608695652
14.5007608695652
14.5097608695652
14.5187608695652
14.5277608695652
14.5090217391304
14.4890217391304
14.4690217391304
14.4490217391304
14.4290217391304
14.4090217391304
14.3890217391304
14.3690217391304
14.3497173913043
14.3377173913043
14.3257173913043
14.3137173913044
14.3017173913044
14.2897173913044
14.2777173913044
14.2657173913044
14.2537173913044
14.2532391304348
14.2942391304348
14.3352391304348
14.3762391304348
14.4172391304348
14.4582391304348
14.4992391304348
14.5402391304348
14.5812391304348
14.6222391304348
14.6632391304348
14.7042391304348
14.7452391304348
14.7862391304348
14.8272391304348
14.8682391304348
14.9092391304348
14.9502391304348
14.9907608695652
15.0307608695652
15.0707608695652
15.1107608695652
15.1507608695652
15.1907608695652
15.2307608695652
15.2707608695652
15.3107608695652
15.3258043478261
15.3248043478261
15.3238043478261
15.3228043478261
15.3218043478261
15.3208043478261
15.3198043478261
15.3188043478261
15.3178043478261
15.3404565217391
15.3714565217391
15.4024565217391
15.4334565217392
15.4644565217391
15.4954565217391
15.5264565217391
15.5574565217391
15.5884565217391
15.6185869565218
15.6485869565217
15.6785869565217
15.7085869565218
15.7385869565217
15.7685869565217
15.7985869565217
15.8285869565217
