15.3541666666667
15.3341666666667
15.3141666666667
15.2908333333333
15.2508333333333
15.2108333333333
15.1761666666667
15.1521666666667
15.1281666666667
15.1161666666667
15.1161666666667
15.1161666666667
15.0695
14.9995
14.9295
14.8253333333333
14.7143333333333
14.6033333333333
14.7483333333333
14.8933333333333
15.0025
14.9325
14.8625
14.8191666666667
14.8291666666667
14.8391666666667
14.8846666666667
14.9656666666667
15.0466666666667
15.0463333333333
15.0053333333333
14.9643333333333
14.965
14.974
14.983
14.994
15.005
15.0108333333333
14.9908333333333
14.9708333333333
14.9541666666667
14.9441666666667
14.9341666666667
14.9291666666667
14.9291666666667
14.9291666666667
14.9491666666667
14.9791666666667
15.0091666666667
15.0058333333333
14.9958333333333
14.9858333333333
15.0048333333333
15.0238333333333
15.0465
15.0875
15.1285
15.1625
15.1825
15.2025
15.2225
15.2425
15.2625
15.2558333333333
15.2358333333333
15.2158333333333
15.1208333333333
15.0108333333333
14.9008333333333
14.9208333333333
14.9408333333333
14.9608333333333
14.9808333333333
15.0008333333333
15.0075
14.9875
14.9675
14.9725
15.0025
15.0325
15.0491666666667
15.0591666666667
15.0691666666667
15.0291666666667
14.9791666666667
14.9291666666667
14.9251666666667
14.9211666666667
14.922
14.947
14.972
14.9916666666667
15.0006666666667
15.0096666666667
15.0041666666667
14.9841666666667
14.9641666666667
14.9508333333333
14.9408333333333
14.9308333333333
14.9208333333333
14.9108333333333
14.9008333333333
14.9108333333333
14.9208333333333
14.9225
14.8825
14.8425
14.8158333333333
14.8158333333333
14.8158333333333
14.8058333333333
14.7858333333333
14.7658333333333
14.7925
14.8425
14.8925
14.8758333333333
14.8458333333333
14.8158333333333
14.7958333333333
14.7758333333333
14.7658333333333
14.8058333333333
14.8458333333333
14.8625
14.8325
14.8025
14.7725
14.7425
14.7125
14.7025
14.7025
14.7025
14.7108333333333
14.7208333333333
14.7308333333333
14.7408333333333
14.7508333333333
14.7576666666667
14.7486666666667
14.7396666666667
14.7303333333333
14.7203333333333
14.7103333333333
14.7048333333333
14.7038333333333
14.7028333333333
14.6958333333333
14.6858333333333
14.6758333333333
14.6158333333333
14.5458333333333
14.4758333333333
14.4858333333333
14.4958333333333
14.5075
14.5275
14.5475
14.5475
14.5075
14.4675
14.4375
14.4175
14.3975
14.3908333333333
14.3908333333333
14.3908333333333
14.3825
14.3725
14.3625
14.4015
14.4405
14.4746666666667
14.4846666666667
14.4946666666667
14.5146666666667
14.5546666666667
14.5946666666667
14.6001666666667
14.5711666666667
14.5421666666667
14.5325
14.5325
14.5325
14.5408333333333
14.5508333333333
14.5608333333333
14.5508333333333
14.5408333333333
14.5341666666667
14.5441666666667
14.5541666666667
14.5641666666667
14.5741666666667
14.5841666666667
14.6046666666667
14.6356666666667
14.6666666666667
14.677
14.677
14.677
14.6836666666667
14.6916666666667
