14.2798387096774
14.3298387096774
14.3798387096774
14.4298387096774
14.4798387096774
14.5298387096774
14.5798387096774
14.6382258064516
14.7082258064516
14.7782258064516
14.8482258064516
14.9182258064516
14.9882258064516
15.0582258064516
15.0862903225806
15.1062903225806
15.1262903225806
15.1462903225806
15.1662903225806
15.1862903225806
15.2008709677419
15.1998709677419
15.1988709677419
15.1978709677419
15.1968709677419
15.1958709677419
15.1948709677419
15.1613548387097
15.1123548387097
15.0633548387097
15.0143548387097
14.9653548387097
14.9163548387097
14.8803225806452
14.9653225806452
15.0503225806451
15.1353225806452
15.2203225806452
15.3053225806451
15.3903225806452
15.4133870967742
15.3783870967742
15.3433870967742
15.3083870967742
15.2733870967742
15.2383870967742
15.2033870967742
15.2263870967742
15.2533870967742
15.2803870967742
15.3073870967742
15.3343870967742
15.3613870967742
15.3688709677419
15.3408709677419
15.3128709677419
15.2848709677419
15.2568709677419
15.2288709677419
15.2008709677419
15.2108064516129
15.2318064516129
15.2528064516129
15.2738064516129
15.2948064516129
15.3158064516129
15.3385483870968
15.3685483870968
15.3985483870968
15.4285483870968
15.4585483870968
15.4885483870968
15.5185483870968
15.4995161290323
15.4495161290323
15.3995161290323
15.3495161290323
15.2995161290323
15.2495161290322
15.2011290322581
15.2011290322581
15.2011290322581
15.2011290322581
15.2011290322581
15.2011290322581
15.2011290322581
15.1875806451613
15.1575806451613
15.1275806451613
15.0975806451613
15.0675806451613
15.0375806451613
15.0075806451613
14.9967419354839
14.9887419354839
14.9807419354839
14.9727419354839
14.9647419354839
14.9567419354839
14.9507741935484
14.9497741935484
14.9487741935484
14.9477741935484
14.9467741935484
14.9457741935484
14.9447741935484
14.9437741935484
14.9427741935484
14.9417741935484
14.9407741935484
14.9397741935484
14.9387741935484
14.9391935483871
14.9491935483871
14.9591935483871
14.9691935483871
14.9791935483871
14.9891935483871
14.9991935483871
15.0091935483871
15.0191935483871
15.0291935483871
15.0391935483871
15.0491935483871
15.0591935483871
15.0691935483871
15.0598387096774
15.0498387096774
15.0398387096774
15.0298387096774
15.0198387096774
15.0098387096774
15.0114516129032
15.0314516129032
15.0514516129032
15.0714516129032
15.0914516129032
15.1114516129032
15.1314516129032
15.1353225806452
15.1353225806451
15.1353225806452
15.1353225806452
15.1353225806451
15.1353225806452
15.1285483870968
15.0985483870968
15.0685483870968
15.0385483870968
15.0085483870968
14.9785483870968
14.9485483870968
14.9379032258064
14.9379032258064
14.9379032258064
14.9379032258064
14.9379032258064
14.9379032258064
14.9385483870968
14.9485483870968
14.9585483870968
14.9685483870968
14.9785483870968
14.9885483870968
14.9985483870968
15.023064516129
15.063064516129
15.103064516129
15.143064516129
15.183064516129
15.223064516129
15.263064516129
15.2597096774194
15.2517096774193
15.2437096774194
15.2357096774194
15.2277096774194
15.2197096774193
15.2136451612903
15.2116451612903
15.2096451612903
15.2076451612903
15.2056451612903
15.2036451612903
15.2016451612903
15.1862903225806
15.1662903225806
15.1462903225806
15.1262903225806
15.1062903225806
15.0862903225806
15.0662903225806
15.0462903225806
15.0262903225806
15.0062903225806
14.9862903225806
14.9662903225806
14.9462903225806
14.9320967741935
14.9220967741935
14.9120967741935
14.9020967741935
14.8920967741935
14.8820967741935
