15.7432597402597
15.7622597402597
15.7812597402597
15.7974545454545
15.8084545454545
15.8194545454545
15.8227402597403
15.8227402597403
15.8222207792208
15.8122207792208
15.8022207792208
15.8026883116883
15.8186883116883
15.8346883116883
15.8265844155844
15.8105844155844
15.7983246753247
15.8183246753247
15.8383246753247
15.841051948052
15.8230519480519
15.8050519480519
15.807987012987
15.815987012987
15.8211818181818
15.8111818181818
15.8011818181818
15.8008051948052
15.8098051948052
15.8188051948052
15.8123766233766
15.8033766233766
15.7983246753247
15.8083246753247
15.8183246753247
15.8260909090909
15.8320909090909
15.8380909090909
15.8331818181818
15.8271818181818
15.8201428571429
15.8101428571429
15.8001428571429
15.7962467532468
15.7962467532468
15.7962467532468
15.7972077922078
15.7982077922078
15.8048181818182
15.8238181818182
15.8428181818182
15.835987012987
15.815987012987
15.7962467532468
15.7962467532467
15.7962467532468
15.7962467532467
15.7962467532468
15.7962467532468
15.7991038961039
15.8031038961039
15.8066493506494
15.8036493506494
15.8006493506493
15.8022207792208
15.8102207792208
15.8182207792208
15.8047662337662
15.7847662337662
15.7672207792208
15.7682207792208
15.7692207792208
15.766012987013
15.758012987013
15.750012987013
15.7551038961039
15.7631038961039
15.7680649350649
15.7580649350649
15.7480649350649
15.7432597402597
15.7432597402597
15.7432597402597
15.751961038961
15.761961038961
15.771961038961
15.781961038961
15.791961038961
15.7962467532468
15.7962467532468
15.7962467532468
15.7879480519481
15.7789480519481
15.7748571428571
15.7838571428571
15.7928571428571
15.7925064935065
15.7865064935065
15.7805064935065
15.7667142857143
15.7527142857143
15.7413116883117
15.7353116883117
15.7293116883117
15.7179090909091
15.7039090909091
15.6906883116883
15.7066883116883
15.7226883116883
15.7228701298701
15.6968701298701
15.6708701298701
15.671051948052
15.681051948052
15.6902727272727
15.6902727272727
15.6902727272727
15.685987012987
15.675987012987
15.665987012987
15.6637792207792
15.6637792207792
15.6637792207792
15.6637792207792
15.6637792207792
15.6685844155844
15.6785844155844
15.6885844155844
15.6977532467532
15.7067532467533
15.7148441558442
15.7188441558442
15.7228441558442
15.7231168831169
15.7201168831169
15.7171168831169
15.7432597402597
15.7732597402597
15.8009220779221
15.8209220779221
15.8409220779221
15.8492337662338
15.8492337662338
15.8492337662338
15.8679350649351
15.8879350649351
15.8707922077922
15.7607922077922
15.6507922077922
15.4071558441558
15.0871558441558
14.7671558441558
14.7333896103896
14.7033896103896
14.6835194805195
14.6835194805195
14.6835194805195
14.6766363636364
14.6666363636364
14.6511818181818
14.5011818181818
14.3511818181818
14.2483246753247
14.2193246753247
14.1903246753247
14.1968571428571
14.2158571428571
14.234948051948
14.2549480519481
14.2749480519481
14.294948051948
14.3149480519481
14.3349480519481
14.3549480519481
14.374948051948
14.3949480519481
14.414948051948
14.434948051948
14.4401428571429
14.4301428571429
14.4201428571429
14.410987012987
14.401987012987
14.3945454545455
14.3935454545455
14.3925454545455
14.4084545454545
14.4384545454545
14.4684545454545
14.4626103896104
14.4526103896104
14.4598831168831
14.5198831168831
14.5798831168831
14.5980649350649
14.5880649350649
14.5780649350649
14.5017012987013
14.4217012987013
14.3476753246753
14.2876753246753
14.2276753246753
14.1637792207792
14.0977792207792
