14.51094
14.51994
14.52894
14.53794
14.54694
14.55778
14.56878
14.57978
14.59078
14.60766
14.62566
14.64366
14.66166
14.64394
14.61494
14.58594
14.55694
14.54086
14.53086
14.52086
14.51086
14.50746
14.50846
14.50946
14.51046
14.52082
14.53982
14.55882
14.57782
14.57526
14.54526
14.51526
14.48526
14.46966
14.47966
14.48966
14.49966
14.50406
14.49406
14.48406
14.47406
14.47006
14.49006
14.51006
14.53006
14.5443
14.5163
14.4883
14.4603
14.43378
14.44278
14.45178
14.46078
14.46978
14.48838
14.50738
14.52638
14.54538
14.53886
14.52886
14.51886
14.50886
14.49886
14.48886
14.47886
14.46886
14.46606
14.46606
14.46606
14.46606
14.4603
14.4513
14.4423
14.4333
14.42934
14.42934
14.42934
14.42934
14.42934
14.42934
14.42934
14.42934
14.43294
14.44194
14.45094
14.45994
14.46606
14.46606
14.46606
14.46606
14.46366
14.45366
14.44366
14.43366
14.42686
14.43686
14.44686
14.45686
14.46526
14.45526
14.44526
14.43526
14.42526
14.42026
14.41526
14.41026
14.40526
14.41866
14.43366
14.44866
14.46366
14.45766
14.44766
14.43766
14.42766
14.42526
14.42526
14.42526
14.42526
14.42186
14.41686
14.41186
14.40686
14.40486
14.40486
14.40486
14.40486
14.41266
14.42766
14.44266
14.45766
14.46166
14.45166
14.44166
14.43166
14.42526
14.42526
14.42526
14.42526
14.42526
14.42526
14.42526
14.42526
14.42926
14.44926
14.46926
14.48926
14.49846
14.42846
14.35846
14.28846
14.22446
14.30446
14.38446
14.46446
14.54446
14.57646
14.60646
14.63646
14.66646
14.65246
14.63246
14.61246
14.59246
14.60446
14.62446
14.64446
14.66446
14.67726
14.68726
14.69726
14.70726
14.7051
14.6961
14.6871
14.6781
14.67918
14.68818
14.69718
14.70618
14.70606
14.69606
14.68606
14.67606
14.66606
14.65606
14.64606
14.63606
14.62926
14.62926
14.62926
14.62926
14.6271
14.6181
14.6091
14.6001
14.59398
14.60298
14.61198
14.62098
14.62774
14.60874
14.58974
14.57074
