15.6522777777778
15.5622777777778
15.4722777777778
15.3822777777778
15.2922777777778
15.2022777777778
15.1122777777778
15.0222777777778
14.9673888888889
14.9563888888889
14.9453888888889
14.9343888888889
14.9233888888889
14.9123888888889
14.9013888888889
14.8903888888889
14.8633888888889
14.8343888888889
14.8053888888889
14.7763888888889
14.7473888888889
14.7183888888889
14.6893888888889
14.6800555555555
14.7100555555555
14.7400555555555
14.7700555555555
14.8000555555555
14.8300555555555
14.8600555555555
14.8900555555555
14.8500555555556
14.7900555555556
14.7300555555556
14.6700555555556
14.6100555555556
14.5500555555555
14.4900555555555
14.4411666666666
14.4311666666667
14.4211666666667
14.4111666666667
14.4011666666667
14.3911666666667
14.3811666666667
14.3711666666667
14.3611666666667
14.3511666666667
14.3411666666667
14.3311666666667
14.3211666666667
14.3111666666667
14.3011666666667
14.3000555555556
14.3700555555555
14.4400555555556
14.5100555555555
14.5800555555556
14.6500555555556
14.7200555555556
14.7900555555556
14.8433888888889
14.8833888888889
14.9233888888889
14.9633888888889
15.0033888888889
15.0433888888889
15.0833888888889
15.1233888888889
15.1433888888889
15.1633888888889
15.1833888888889
15.2033888888889
15.2233888888889
15.2433888888889
15.2633888888889
15.2567222222222
15.2167222222222
15.1767222222222
15.1367222222222
15.0967222222222
15.0567222222222
15.0167222222222
14.9767222222222
14.9900555555555
15.0100555555556
15.0300555555556
15.0500555555555
15.0700555555555
15.0900555555556
15.1100555555555
15.1100555555556
15.0700555555555
15.0300555555556
14.9900555555556
14.9500555555555
14.9100555555556
14.8700555555555
14.8300555555556
14.8211666666667
14.8211666666667
14.8211666666667
14.8211666666667
14.8211666666667
14.8211666666667
14.8211666666667
14.8167222222222
14.7967222222222
14.7767222222222
14.7567222222222
14.7367222222222
14.7167222222222
14.6967222222222
14.6767222222222
14.6240555555556
14.5550555555556
14.4860555555556
14.4170555555555
14.3480555555555
14.2790555555555
14.2100555555555
14.1508333333333
14.1698333333333
14.1888333333333
14.2078333333333
14.2268333333333
14.2458333333333
14.2648333333333
14.2838333333333
14.2811666666667
14.2611666666667
14.2411666666667
14.2211666666667
14.2011666666667
14.1811666666667
14.1611666666667
14.1411666666667
13.9411666666667
13.7411666666667
13.5411666666667
13.3411666666667
13.1411666666667
12.9411666666667
12.7411666666667
12.6789444444444
12.7889444444444
12.8989444444444
13.0089444444444
13.1189444444444
13.2289444444444
13.3389444444444
13.4489444444444
13.4967222222222
13.5367222222222
13.5767222222222
13.6167222222222
13.6567222222222
13.6967222222222
13.7367222222222
13.7800555555556
13.8300555555555
13.8800555555556
13.9300555555555
13.9800555555555
14.0300555555555
14.0800555555556
14.1300555555556
14.1411666666667
14.1411666666667
14.1411666666667
14.1411666666667
14.1411666666667
14.1411666666667
14.1411666666667
14.1407222222222
14.1387222222222
14.1367222222222
14.1347222222222
14.1327222222222
14.1307222222222
14.1287222222222
14.1267222222222
14.1673888888889
14.2293888888889
14.2913888888889
14.3533888888889
14.4153888888889
14.4773888888889
14.5393888888889
14.6008333333333
14.6578333333333
14.7148333333333
14.7718333333333
14.8288333333333
14.8858333333333
14.9428333333333
14.9998333333333
15.0379444444444
15.0609444444444
15.0839444444444
15.1069444444444
15.1299444444444
15.1529444444444
15.1759444444444
