14.2371551724138
14.2271551724138
14.2171551724138
14.2071551724138
14.1971551724138
14.1871551724138
14.1771551724138
14.1671551724138
14.1870862068965
14.2080862068965
14.2290862068965
14.2500862068965
14.2710862068966
14.2920862068966
14.3130862068965
14.3136034482759
14.3126034482759
14.3116034482759
14.3106034482759
14.3096034482759
14.3086034482759
14.3076034482759
14.3083965517241
14.3093965517241
14.3103965517241
14.3113965517241
14.3123965517241
14.3133965517241
14.3143965517241
14.3136724137931
14.3126724137931
14.3116724137931
14.3106724137931
14.3096724137931
14.3086724137931
14.3076724137931
14.299224137931
14.289224137931
14.279224137931
14.269224137931
14.259224137931
14.249224137931
14.239224137931
14.2300172413793
14.2210172413793
14.2120172413793
14.2030172413793
14.1940172413793
14.1850172413793
14.1760172413793
14.1655
14.1545
14.1435
14.1325
14.1215
14.1105
14.0995
14.0856034482759
14.0706034482759
14.0556034482759
14.0406034482759
14.0256034482759
14.0106034482759
13.9956034482759
13.9881896551724
13.9841896551724
13.9801896551724
13.9761896551724
13.9721896551724
13.9681896551724
13.9641896551724
13.9687068965517
13.9777068965517
13.9867068965517
13.9957068965517
14.0047068965517
14.0137068965517
14.0227068965517
14.0199137931034
14.0099137931034
13.9999137931034
13.9899137931035
13.9799137931034
13.9699137931034
13.9599137931034
13.9499137931034
13.9399137931034
13.9299137931034
13.9199137931034
13.9099137931034
13.8999137931034
13.8899137931035
13.8749482758621
13.8559482758621
13.8369482758621
13.8179482758621
13.7989482758621
13.7799482758621
13.7609482758621
13.7403965517241
13.7183965517241
13.6963965517241
13.6743965517241
13.6523965517241
13.6303965517241
13.6083965517241
13.6023275862069
13.6133275862069
13.6243275862069
13.6353275862069
13.6463275862069
13.6573275862069
13.6683275862069
13.6788793103448
13.6888793103448
13.6988793103448
13.7088793103448
13.7188793103448
13.7288793103448
13.7388793103448
13.7447413793103
13.7447413793103
13.7447413793103
13.7447413793103
13.7447413793103
13.7447413793103
13.7447413793103
13.7447413793103
13.7447413793103
13.7447413793103
13.7447413793103
13.7447413793103
13.7447413793103
13.7447413793103
13.7447413793103
13.7447413793103
13.7447413793103
13.7447413793103
13.7447413793103
13.7447413793103
13.7447413793103
13.7450517241379
13.7460517241379
13.7470517241379
13.7480517241379
13.7490517241379
13.7500517241379
13.7510517241379
13.7567413793104
13.7747413793103
13.7927413793103
13.8107413793104
13.8287413793103
13.8467413793103
13.8647413793103
13.8810517241379
13.8920517241379
13.9030517241379
13.9140517241379
13.9250517241379
13.9360517241379
13.9470517241379
13.9578448275862
13.9678448275862
13.9778448275862
13.9878448275862
13.9978448275862
14.0078448275862
14.0178448275862
14.0278448275862
14.0378448275862
14.0478448275862
14.0578448275862
14.0678448275862
14.0778448275862
14.0878448275862
14.0978448275862
14.1078448275862
14.1178448275862
14.1278448275862
14.1378448275862
14.1478448275862
14.1578448275862
14.1668103448276
14.1668103448276
14.1668103448276
14.1668103448276
14.1668103448276
14.1668103448276
14.1668103448276
14.1675
14.1775
14.1875
14.1975
14.2075
14.2175
14.2275
14.2381896551724
14.2681896551724
14.2981896551724
14.3281896551724
14.3581896551724
14.3881896551724
14.4181896551724
