14.5381818181818
14.4981818181818
14.4581818181818
14.4181818181818
14.3781818181818
14.3490909090909
14.3390909090909
14.3290909090909
14.3190909090909
14.3090909090909
14.3354545454546
14.3754545454545
14.4154545454545
14.4554545454545
14.4926363636364
14.5016363636364
14.5106363636364
14.5196363636364
14.5286363636364
14.5203636363636
14.4913636363636
14.4623636363636
14.4333636363636
14.4043636363636
14.3745454545454
14.3445454545455
14.3145454545455
14.2845454545455
14.2563636363636
14.2363636363636
14.2163636363636
14.1963636363636
14.1763636363636
14.1890909090909
14.2290909090909
14.2690909090909
14.3090909090909
14.3490909090909
14.3427272727273
14.3317272727273
14.3207272727273
14.3097272727273
14.302
14.303
14.304
14.305
14.306
14.3006363636364
14.2916363636364
14.2826363636364
14.2736363636364
14.2646363636364
14.2636363636364
14.2626363636364
14.2616363636364
14.2606363636364
14.2603636363636
14.2613636363636
14.2623636363636
14.2633636363636
14.2643636363636
14.2857272727273
14.3147272727273
14.3437272727273
14.3727272727273
14.3990909090909
14.3990909090909
14.3990909090909
14.3990909090909
14.3990909090909
14.3990909090909
14.3990909090909
14.3990909090909
14.3990909090909
14.3990909090909
14.4064545454545
14.4154545454545
14.4244545454545
14.4334545454545
14.4373636363636
14.4183636363636
14.3993636363636
14.3803636363636
14.3613636363636
14.3418181818182
14.3218181818182
14.3018181818182
14.2818181818182
14.2618181818182
14.2236363636364
14.1836363636364
14.1436363636364
14.1036363636364
14.0718181818182
14.0618181818182
14.0518181818182
14.0418181818182
14.0318181818182
14.0218181818182
14.0118181818182
14.0018181818182
13.9918181818182
13.9818181818182
13.9918181818182
14.0018181818182
14.0118181818182
14.0218181818182
14.0245454545455
14.0145454545455
14.0045454545455
13.9945454545455
13.9845454545454
13.9825454545454
13.9835454545455
13.9845454545454
13.9855454545455
13.9863636363636
13.9853636363636
13.9843636363636
13.9833636363636
13.9823636363636
13.9863636363636
13.9963636363636
14.0063636363636
14.0163636363636
14.0263636363636
14.0208181818182
14.0118181818182
14.0028181818182
13.9938181818182
13.9864545454545
13.9864545454545
13.9864545454545
13.9864545454545
13.9864545454545
13.9864545454545
13.9864545454545
13.9864545454545
13.9864545454545
13.9864545454545
13.9864545454545
13.9864545454545
13.9864545454545
13.9864545454545
13.9861818181818
13.9851818181818
13.9841818181818
13.9831818181818
13.9821818181818
13.9659090909091
13.9409090909091
13.9159090909091
13.8909090909091
13.8659090909091
13.8509090909091
13.8359090909091
13.8209090909091
13.8059090909091
13.7854545454545
13.7554545454546
13.7254545454545
13.6954545454546
13.6654545454546
13.6718181818182
13.6918181818182
13.7118181818182
13.7318181818182
13.75
13.75
13.75
13.75
13.75
13.7545454545455
13.7645454545455
13.7745454545455
13.7845454545455
13.7945454545455
13.8045454545455
13.8145454545455
13.8245454545455
13.8345454545455
13.8427272727273
13.8427272727273
13.8427272727273
13.8427272727273
13.8427272727273
13.8318181818182
13.8118181818182
13.7918181818182
13.7718181818182
13.7518181818182
13.7590909090909
13.7690909090909
13.7790909090909
13.7890909090909
13.8072727272727
13.8472727272727
13.8872727272727
13.9272727272727
13.9672727272727
14.0009090909091
14.0309090909091
14.0609090909091
14.0909090909091
