14.8460421836228
14.9255459057072
14.8812133995037
14.877158808933
14.8208908188586
14.766253101737
14.7844789081886
14.8594913151365
14.8517990074442
14.8579900744417
14.8492580645161
14.7989975186104
14.8112034739454
14.8009305210918
14.7925781637717
14.7930397022332
14.7872828784119
14.7806575682382
14.7791191066998
14.7981265508685
14.80341191067
14.7952729528536
14.8016650124069
14.8292928039702
14.8460421836228
14.845111662531
14.8287568238213
14.8291439205955
14.8387965260546
14.8424441687345
14.8460421836228
14.8559801488834
14.8489205955335
14.8459454094293
14.8342307692308
14.8001985111663
14.7925930521092
14.7894168734491
14.770459057072
14.7591315136476
14.7697146401985
14.7448263027295
14.7396054590571
14.7105533498759
14.7236898263027
14.7245012406948
14.7314516129032
14.7218933002481
14.7488511166253
14.7704913151365
14.7650496277916
14.756570719603
14.7673325062035
14.7478287841191
14.7431786600496
14.762888337469
14.770111662531
14.7762158808933
14.7751736972705
14.77182382134
14.7754714640199
14.7799851116625
14.7927915632754
14.7974987593052
14.8013970223325
14.8028436724566
14.8034913151365
14.8009900744417
14.7971091811414
14.797141439206
14.8015607940447
14.8055459057072
14.8055459057072
14.8059727047146
14.8064888337469
14.8248635235732
14.8214267990074
14.8072580645161
14.8308560794045
14.8210545905707
14.825794044665
14.8206575682382
14.820682382134
14.8202258064516
14.8207320099256
14.8160918114144
14.8156699751861
14.8267394540943
14.8137841191067
14.8156699751861
14.8207320099256
14.8335856079404
14.8499429280397
14.8496898263027
14.8707071960298
14.8916004962779
14.8916004962779
14.8916004962779
14.8916004962779
14.8916004962779
14.8916004962779
14.8916004962779
14.8916004962779
14.8916004962779
14.8916004962779
14.8916004962779
14.8916004962779
14.8916004962779
14.8916004962779
14.8916004962779
14.8916004962779
14.8916004962779
14.8916004962779
14.8916004962779
14.8916004962779
14.8916004962779
14.8916004962779
14.8916004962779
14.8916004962779
14.8916004962779
14.8916004962779
14.8916004962779
14.8916004962779
14.8916004962779
14.8916004962779
14.8916004962779
14.8916004962779
14.8916004962779
14.8916004962779
14.8916004962779
14.8916004962779
14.8916004962779
14.8916004962779
14.8916004962779
14.8916004962779
14.8916004962779
14.8916004962779
14.8916004962779
14.8916004962779
14.8916004962779
14.8916004962779
14.8916004962779
14.8916004962779
14.8916004962779
14.8916004962779
14.8916004962779
14.8916004962779
14.8916004962779
14.8916004962779
14.8916004962779
14.8916004962779
14.8916004962779
14.8916004962779
14.8916004962779
14.8916004962779
14.8916004962779
14.8916004962779
14.8916004962779
14.8916004962779
14.8916004962779
14.8916004962779
14.8916004962779
14.8916004962779
14.8916004962779
14.8916004962779
14.8916004962779
14.8916004962779
14.8916004962779
14.8916004962779
14.8916004962779
14.8916004962779
14.8916004962779
14.8916004962779
14.8916004962779
14.8916004962779
14.8916004962779
14.8916004962779
14.8916004962779
14.8916004962779
14.8916004962779
14.8916004962779
14.8916004962779
14.8916004962779
14.8916004962779
14.8916004962779
14.8916004962779
14.8916004962779
14.8916004962779
14.8916004962779
14.8916004962779
14.8916004962779
14.8916004962779
14.8916004962779
14.8916004962779
14.8916004962779
14.8916004962779
14.8916004962779
14.9202605459057
15.0666873449132
15.0143672456576
15.0049503722084
15.0574342431762
15.0371339950372
14.9972828784119
