14.1125142857143
14.1100571428571
14.0995085714286
14.1125142857143
14.1225714285714
14.1431942857143
14.1426857142857
14.1768571428571
14.1830285714286
14.1894857142857
14.2218514285714
14.2123428571429
14.2162971428571
14.2622857142857
14.2757142857143
14.304
14.3445142857143
14.35916
14.3483314285714
14.3654857142857
14.3372
14.2932
14.2975428571429
14.3124571428571
14.3165142857143
14.3061142857143
14.2870285714286
14.2892571428571
14.2997142857143
14.3121142857143
14.3089371428571
14.2877714285714
14.2693142857143
14.2793142857143
14.2893142857143
14.2984571428571
14.2829142857143
14.2774571428571
14.2757142857143
14.2762457142857
14.2774171428571
14.3085142857143
14.2937485714286
14.2936514285714
14.2903428571429
14.2830857142857
14.2819542857143
14.2953142857143
14.30088
14.3169142857143
14.3182285714286
14.3337085714286
14.3306857142857
14.3344
14.3343428571429
14.3125885714286
14.3228
14.3323371428571
14.3373828571429
14.34348
14.3394857142857
14.3301714285714
14.3186857142857
14.3218285714286
14.3165142857143
14.3200514285714
14.3209714285714
14.3276
14.32584
14.33004
14.3329485714286
14.3197714285714
14.3196
14.3237714285714
14.3281714285714
14.3202857142857
14.3330971428571
14.3223428571429
14.3175428571429
14.3136857142857
14.2917142857143
14.2873714285714
14.2913714285714
14.2897142857143
14.2873028571429
14.2780457142857
14.2958285714286
14.2710857142857
14.2639428571429
14.2624628571429
14.2609714285714
14.2924571428571
14.2726285714286
14.2608
14.2626171428571
14.2640057142857
14.2536
14.2634742857143
14.2648571428571
14.2748571428571
14.2698857142857
14.2624
14.2524
14.2580628571429
14.2476228571429
14.2340571428571
14.2341142857143
14.2398285714286
14.2441714285714
14.2524
14.2524
14.2521428571429
14.2524
14.2473142857143
14.2558285714286
14.26
14.2582285714286
14.2625142857143
14.2576571428571
14.2611428571429
14.2813714285714
14.2850285714286
14.2870285714286
14.3221714285714
14.3208571428571
14.3084571428571
14.30712
14.2932
14.2873714285714
14.2794857142857
14.2929714285714
14.2873714285714
14.2962857142857
14.2662285714286
14.2652
14.2757142857143
14.2661942857143
14.2579428571429
14.2439314285714
14.2493714285714
14.2466857142857
14.2519371428571
14.2431314285714
14.2427428571429
14.2462628571429
14.2408742857143
14.2437142857143
14.2453714285714
14.2461142857143
14.2524
14.2623428571429
14.2756742857143
14.2842742857143
14.3019428571429
14.2990285714286
14.2936
14.2798285714286
14.2730857142857
14.2519428571429
14.2465714285714
14.1766285714286
14.1882857142857
14.1773142857143
14.1999428571429
14.1977714285714
14.1877885714286
14.1766285714286
14.1852571428571
14.1954857142857
14.2054857142857
14.2042171428571
14.2021714285714
14.2168571428571
14.2116
14.2088571428571
14.2101714285714
14.2001714285714
14.1980571428571
14.2001714285714
14.1876571428571
14.1829371428571
14.1966742857143
14.2042857142857
14.1999428571429
14.1508
14.116
14.1262285714286
14.1513714285714
14.1294285714286
14.1274285714286
14.1242857142857
14.1008571428571
14.1
14.1140742857143
14.1242628571429
14.1306857142857
14.1135428571429
14.1175942857143
14.0857714285714
14.0999428571429
14.11784
14.1178457142857
14.1205257142857
14.1245542857143
