14.8872943327239
14.8722120658135
14.8753162705667
14.8778062157221
14.8761060329068
14.8776581352834
14.8727166361974
14.8797038391225
14.8889031078611
14.8858135283364
14.885436928702
14.881718464351
14.880449725777
14.8741882998172
14.8666361974406
14.8595429616088
14.861042047532
14.8652285191956
14.8714003656307
14.8707129798903
14.8681718464351
14.8656307129799
14.8630164533821
14.8667824497258
14.8687787934186
14.8705118829982
14.8714223034735
14.8691023765996
14.8669396709324
14.8630530164534
14.8684277879342
14.8723765996344
14.8705850091408
14.8723327239488
14.8705118829982
14.8683053016453
14.86121023766
14.8620822669104
14.8613345521024
14.8601462522852
14.8611517367459
14.8563071297989
14.839689213894
14.8315393053016
14.8366215722121
14.8382084095064
14.8363619744059
14.8348994515539
14.8361572212066
14.8321937842779
14.822310786106
14.8201645338208
14.8143144424132
14.8121023765996
14.803491773309
14.7852010968921
14.7884643510055
14.7872577696527
14.7858500914077
14.7563802559415
14.7619195612431
14.7399451553931
14.7512797074954
14.7892870201097
14.7607495429616
14.7803418647166
14.738226691042
14.7450091407678
14.7369360146252
14.7270383912249
14.7236014625229
14.7206307129799
14.7327422303473
14.7278244972578
14.7393967093236
14.7545539305302
14.7538391224863
14.7490493601463
14.7448848263254
14.7393418647166
14.7400914076782
14.7545429616088
14.7535100548446
14.756563071298
14.7725594149909
14.77478976234
14.7716819012797
14.7695978062157
14.7582340036563
14.7754113345521
14.7654296160878
14.7810219378428
14.7817001828154
14.787970749543
14.7961060329068
14.7967824497258
14.7930054844607
14.7937111517367
14.7870749542962
14.7884643510055
14.7891590493601
14.79521023766
14.7940585009141
14.7984643510055
14.7935466179159
14.7921937842779
14.7921937842779
14.790676416819
14.7850639853748
14.7856398537477
14.7903290676417
14.788957952468
14.790365630713
14.8033619744058
14.8033820840951
14.8035685557587
14.7940585009141
14.7979031078611
14.7889798903108
14.7794515539305
14.7791407678245
14.7791407678245
14.7791407678245
14.7791407678245
14.7791407678245
14.7791407678245
14.7791407678245
14.7791407678245
14.7791407678245
14.7791407678245
14.7791407678245
14.8789396709324
14.7853930530165
14.7725959780622
14.7887934186472
14.7829798903108
14.7716819012797
14.7843327239488
14.7852833638026
14.8056179159049
14.8029798903108
14.7983363802559
14.8052248628885
14.8182998171846
14.8201645338208
14.8146544789762
14.7995063985375
14.812760511883
14.8102559414991
14.8033820840951
14.7914259597806
14.7847769652651
14.7918647166362
14.793126142596
14.7826142595978
14.7893053016453
14.7903290676417
14.7921937842779
14.7928884826325
14.7934552102377
14.7921937842779
14.7940585009141
14.7939488117002
14.8033820840951
14.8015539305302
14.8036563071298
14.8015173674589
14.7996526508227
14.8016270566728
14.8002193784278
14.7984095063985
14.8060968921389
14.7970566727605
14.795466179159
14.7938391224863
14.7930895795247
14.7924862888483
14.7964552102377
14.7967276051188
14.7960511882998
14.8000694698355
14.7958683729433
14.7925959780622
14.7922650822669
14.7923802559415
14.7944460694698
14.7996526508227
14.7974771480804
14.7940219378428
14.7964442413163
14.7925118829982
14.7964533820841
14.7946727605119
14.7866179159049
14.7870749542962
14.7791407678245
14.7940585009141
14.7875045703839
14.7857001828154
14.7867513711152
14.7899085923218
14.7899945155393
14.7817038391225
14.7835466179159
