15.1629384615385
15.2289384615385
15.2949384615385
15.3609384615385
15.3330307692308
15.2900307692308
15.2470307692308
15.1505230769231
15.0335230769231
14.9165230769231
14.8796153846154
14.8996153846154
14.9196153846154
14.9351538461538
14.9451538461539
14.9551538461538
14.9648461538462
14.9738461538462
14.9828461538462
14.9937076923077
15.0137076923077
15.0337076923077
15.0531230769231
15.0541230769231
15.0551230769231
15.0561230769231
15.0651538461539
15.0751538461538
15.0851538461538
15.0423846153846
14.9823846153846
14.9223846153846
14.9977692307692
15.1577692307692
15.3177692307692
15.3919230769231
15.3719230769231
15.3519230769231
15.3251538461539
15.2851538461538
15.2451538461538
15.2083538461538
15.1843538461538
15.1603538461538
15.1378307692308
15.1378307692308
15.1378307692308
15.1378307692308
15.0732153846154
15.0032153846154
14.9332153846154
14.8310461538462
14.7200461538462
14.6090461538462
14.6634615384615
14.8084615384615
14.9534615384615
14.9893076923077
14.9193076923077
14.8493076923077
14.8088461538462
14.8188461538462
14.8288461538462
14.8552307692308
14.9362307692308
15.0172307692308
15.0869692307692
15.0459692307692
15.0049692307692
14.9639692307692
14.9706615384615
14.9796615384615
14.9886615384615
14.9992923076923
15.0102923076923
15.0212923076923
15.0113076923077
14.9913076923077
14.9713076923077
14.9566923076923
14.9466923076923
14.9366923076923
14.9306923076923
14.9306923076923
14.9306923076923
14.9385384615385
14.9685384615385
14.9985384615385
15.0236153846154
15.0136153846154
15.0036153846154
14.9936153846154
15.0121692307692
15.0311692307692
15.0501692307692
15.0877846153846
15.1287846153846
15.1697846153846
15.1959230769231
15.2159230769231
15.2359230769231
15.2559230769231
15.2759230769231
15.2959230769231
15.2986923076923
15.2786923076923
15.2586923076923
15.2123846153846
15.1023846153846
14.9923846153846
14.9023846153846
14.9223846153846
14.9423846153846
14.9623846153846
14.9823846153846
15.0023846153846
15.0223846153846
15.0073076923077
14.9873076923077
14.9673076923077
14.9842307692308
15.0142307692308
15.0442307692308
15.0622307692308
15.0722307692308
15.0822307692308
15.0645384615385
15.0145384615385
14.9645384615385
14.9294
14.9254
14.9214
14.9227538461539
14.9477538461538
14.9727538461539
14.9970153846154
15.0060153846154
15.0150153846154
15.0240153846154
15.0066923076923
14.9866923076923
14.9666923076923
14.9543846153846
14.9443846153846
14.9343846153846
14.9243846153846
14.9143846153846
14.9043846153846
14.9042307692308
14.9142307692308
14.9242307692308
14.9165384615385
14.8765384615385
14.8365384615385
14.8051538461538
14.8051538461538
14.8051538461538
14.8036153846154
14.7836153846154
14.7636153846154
14.7436153846154
14.7893076923077
14.8393076923077
14.8893076923077
14.8753076923077
14.8453076923077
14.8153076923077
14.7919230769231
14.7719230769231
14.7519230769231
14.7633076923077
14.8033076923077
14.8433076923077
14.8563846153846
14.8263846153846
14.7963846153846
14.7663846153846
14.7363846153846
14.7063846153846
14.6796153846154
14.6796153846154
14.6796153846154
14.6796153846154
14.6893076923077
14.6993076923077
14.7093076923077
14.7193076923077
14.7293076923077
14.7393076923077
14.7361538461539
14.7271538461538
14.7181538461539
14.7086
14.6986
14.6886
14.6823384615385
14.6813384615385
14.6803384615385
14.6768461538462
14.6668461538462
14.6568461538462
14.6385384615385
14.5685384615385
14.4985384615385
