13.86
13.87
13.88
13.89
13.9
13.91
13.9166666666667
13.9166666666667
13.9166666666667
13.9166666666667
13.9166666666667
13.9166666666667
13.9233333333333
13.9333333333333
13.9433333333333
13.9533333333333
13.9633333333333
13.9733333333333
13.9833333333333
13.9933333333333
14.0033333333333
14.0133333333333
14.0233333333333
14.0366666666667
14.0566666666667
14.0766666666667
14.0966666666667
14.1166666666667
14.1366666666667
14.1633333333333
14.1933333333333
14.2233333333333
14.2533333333333
14.2833333333333
14.3133333333333
14.3133333333333
14.3133333333333
14.3133333333333
14.3133333333333
14.3133333333333
14.3133333333333
14.3133333333333
14.3133333333333
14.3133333333333
14.3133333333334
14.3133333333333
14.2993333333333
14.2783333333333
14.2573333333333
14.2363333333333
14.2153333333333
14.1943333333333
14.1963333333333
14.1983333333333
14.2003333333333
14.2023333333333
14.2043333333333
14.2086666666667
14.2176666666667
14.2266666666667
14.2356666666667
14.2446666666667
14.2536666666667
14.29
14.34
14.39
14.44
14.49
14.54
14.52
14.5
14.48
14.46
14.44
14.4166666666667
14.3866666666667
14.3566666666667
14.3266666666667
14.2966666666667
14.2666666666667
14.2633333333333
14.2733333333333
14.2833333333333
14.2933333333333
14.3033333333333
14.3133333333333
14.3133333333333
14.3133333333333
14.3133333333333
14.3133333333333
14.3133333333333
14.31
14.3
14.29
14.28
14.27
14.26
14.2893333333333
14.3383333333333
14.3873333333333
14.4363333333333
14.4853333333333
14.5343333333333
14.5553333333333
14.5763333333333
14.5973333333333
14.6183333333333
14.6393333333333
14.6596666666667
14.6786666666667
14.6976666666667
14.7166666666667
14.7356666666667
14.7546666666667
14.7423333333333
14.7143333333333
14.6863333333333
14.6583333333333
14.6303333333333
14.6023333333333
14.6023333333333
14.6023333333333
14.6023333333333
14.6023333333333
14.6023333333333
14.6086666666667
14.6276666666667
14.6466666666667
14.6656666666667
14.6846666666667
14.7036666666667
14.7166666666667
14.7266666666667
14.7366666666667
14.7466666666667
14.7566666666667
14.7666666666667
14.7466666666667
14.7266666666667
14.7066666666667
14.6866666666667
14.6666666666667
14.6466666666667
14.6266666666667
14.6066666666667
14.5866666666667
14.5666666666667
14.5466666666667
14.534
14.525
14.516
14.507
14.498
14.489
14.497
14.505
14.513
14.521
14.529
14.5343333333333
14.5343333333333
14.5343333333333
14.5343333333333
14.5343333333333
14.5343333333333
14.529
14.521
14.513
14.505
14.497
14.489
14.497
14.505
14.513
14.521
14.529
14.5313333333333
14.5223333333333
14.5133333333333
14.5043333333333
14.4953333333333
14.4863333333333
14.47
14.45
14.43
14.41
14.39
14.37
14.371
14.372
14.373
14.374
14.375
14.362
14.321
14.28
14.239
14.198
14.157
14.1233333333333
14.0933333333333
14.0633333333333
14.0333333333333
14.0033333333333
