15.3422727272727
15.3412727272727
15.3402727272727
15.3392727272727
15.3382727272727
15.3372727272727
15.3362727272727
15.3352727272727
15.3342727272727
15.3332727272727
15.3337272727273
15.3347272727273
15.3357272727273
15.3367272727273
15.3377272727273
15.3387272727273
15.3397272727273
15.3407272727273
15.3417272727273
15.3290909090909
15.3000909090909
15.2710909090909
15.2420909090909
15.2130909090909
15.1840909090909
15.1550909090909
15.1260909090909
15.0970909090909
15.0733636363636
15.0733636363636
15.0733636363636
15.0733636363636
15.0733636363636
15.0733636363637
15.0733636363636
15.0733636363636
15.0733636363636
15.0733636363636
15.0924545454545
15.1134545454545
15.1344545454546
15.1554545454545
15.1764545454545
15.1974545454545
15.2184545454545
15.2394545454545
15.2604545454545
15.2604545454545
15.2484545454545
15.2364545454545
15.2244545454545
15.2124545454545
15.2004545454545
15.1884545454545
15.1764545454545
15.1644545454545
15.1531818181818
15.1431818181818
15.1331818181818
15.1231818181818
15.1131818181818
15.1031818181818
15.0931818181818
15.0831818181818
15.0731818181818
15.0604545454545
15.0204545454545
14.9804545454545
14.9404545454545
14.9004545454545
14.8604545454545
14.8204545454545
14.7804545454545
14.7404545454545
14.7004545454545
14.6858181818182
14.6768181818182
14.6678181818182
14.6588181818182
14.6498181818182
14.6408181818182
14.6318181818182
14.6228181818182
14.6138181818182
14.6091818181818
14.6081818181818
14.6071818181818
14.6061818181818
14.6051818181818
14.6041818181818
14.6031818181818
14.6021818181818
14.6011818181818
14.5977272727273
14.5877272727273
14.5777272727273
14.5677272727273
14.5577272727273
14.5477272727273
14.5377272727273
14.5277272727273
14.5177272727273
14.5077272727273
14.5077272727273
14.5077272727273
14.5077272727273
14.5077272727273
14.5077272727273
14.5077272727273
14.5077272727273
14.5077272727273
14.5077272727273
14.5077272727273
14.5077272727273
14.5077272727273
14.5077272727273
14.5077272727273
14.5077272727273
14.5077272727273
14.5077272727273
14.5077272727273
14.5122727272727
14.5222727272727
14.5322727272727
14.5422727272727
14.5522727272727
14.5622727272727
14.5722727272727
14.5822727272727
14.5922727272727
14.5986363636364
14.5886363636364
14.5786363636364
14.5686363636364
14.5586363636364
14.5486363636364
14.5386363636364
14.5286363636364
14.5186363636364
14.5086363636364
14.4986363636364
14.4886363636364
14.4786363636364
14.4686363636364
14.4586363636364
14.4486363636364
14.4386363636363
14.4286363636364
14.4186363636364
14.4156363636364
14.4166363636364
14.4176363636364
14.4186363636364
14.4196363636364
14.4206363636364
14.4216363636364
14.4226363636364
14.4236363636364
14.4257272727273
14.4297272727273
14.4337272727273
14.4377272727273
14.4417272727273
14.4457272727273
14.4497272727273
14.4537272727273
14.4577272727273
14.4618181818182
14.4668181818182
14.4718181818182
14.4768181818182
14.4818181818182
14.4868181818182
14.4918181818182
14.4968181818182
14.5018181818182
14.5068181818182
14.5167272727273
14.5277272727273
14.5387272727273
14.5497272727273
14.5607272727273
14.5717272727273
14.5827272727273
14.5937272727273
14.6047272727273
14.6146363636364
14.6236363636364
14.6326363636364
14.6416363636364
14.6506363636364
14.6596363636364
14.6686363636364
14.6776363636364
14.6866363636364
14.7013636363636
14.7313636363636
14.7613636363636
14.7913636363636
14.8213636363636
14.8513636363636
14.8813636363636
14.9113636363636
14.9413636363636
