14.9139272727273
14.9049272727273
14.9020363636364
14.9121090909091
14.9233818181818
14.9144727272727
14.9244727272727
14.9099272727273
14.9021454545455
14.9124727272727
14.9353454545455
14.9163454545455
14.9139272727273
14.9139272727273
14.9179272727273
14.9246545454545
14.9146545454545
14.9232
14.9262909090909
14.9222
14.9127636363636
14.9017636363636
14.8878181818182
14.9014
14.9182909090909
14.9317454545455
14.9495636363636
14.9095636363636
14.8943636363636
14.8960727272727
14.8995272727273
14.8903454545455
14.8893454545455
14.8892
14.8830181818182
14.8806545454545
14.8877454545455
14.8777454545455
14.8868363636364
14.8897636363636
14.8892
14.8892
14.8892
14.8795636363636
14.8986545454545
14.8893818181818
14.8689090909091
14.9339636363636
14.9479636363636
14.9439818181818
14.9393454545455
14.9389636363636
14.9398181818182
14.9388181818182
14.9386545454545
14.9266545454545
14.9139272727273
14.9139272727273
14.9139272727273
14.9139272727273
14.9204727272727
14.9221090909091
14.9104727272727
14.8914727272727
14.8809818181818
14.8837454545455
14.8742545454545
14.8497454545455
14.8397454545455
14.8407454545455
14.8402181818182
14.8397454545455
14.8426545454545
14.8542909090909
14.8942909090909
14.8852
14.8820727272727
14.8952181818182
14.9150181818182
14.9250181818182
14.9262909090909
14.9262909090909
14.9226909090909
14.9133636363636
14.9023636363636
14.8922909090909
14.8892
14.8892
14.8870181818182
14.8770181818182
14.8866545454545
14.8817454545455
14.9022909090909
14.9386545454545
14.9382909090909
14.9282909090909
14.9342909090909
14.9442909090909
14.9510181818182
14.9502
14.9412
14.9219454545455
14.9021818181818
14.8904363636364
14.8902909090909
14.8892909090909
14.8892
14.8690181818182
14.8521090909091
14.8521090909091
14.8521090909091
14.8511454545455
14.8377818181818
14.8286181818182
14.8309090909091
14.8393818181818
14.8193818181818
14.8150181818182
14.8101090909091
14.8004909090909
14.7896363636364
14.7806363636364
14.8201454545455
14.8277454545455
14.8150181818182
14.8137454545455
14.8037454545455
14.8026545454545
14.8092
14.7982909090909
14.7664727272727
14.7714727272727
14.7764727272727
14.7708363636364
14.7608363636364
14.7650181818182
14.8150181818182
14.8280181818182
14.8013090909091
14.7860363636364
14.7990181818182
14.8241636363636
14.7651636363636
14.7953454545455
14.8150909090909
14.8041090909091
14.7790545454545
14.7780545454545
14.7866545454545
14.7845636363636
14.7827636363636
14.7902909090909
14.7902909090909
14.7995636363636
14.8019636363636
14.8109636363636
14.8317454545455
14.8517454545455
14.8226545454545
14.8224727272727
14.8273818181818
14.8301090909091
14.8404727272727
14.8604727272727
14.8724727272727
14.8655636363636
14.8488363636364
14.8397454545455
14.8397454545455
14.8482909090909
14.8403636363636
14.8351090909091
14.8499272727273
14.8519272727273
14.8612
14.8712
14.8772727272727
14.8838727272727
14.9128727272727
14.9148909090909
14.8926181818182
14.8807636363636
14.8796
14.8517454545455
14.8317454545455
14.8117454545455
14.8032
14.8091454545455
14.8236
14.8056
14.7959636363636
14.7975636363636
14.8062909090909
14.8150181818182
14.8150181818182
14.7980909090909
14.7908727272727
14.7902909090909
14.7848363636364
14.7548363636364
14.7910181818182
14.9161090909091
15.0288363636364
15.0817454545455
