14.7291379310345
14.7291379310345
14.7291379310345
14.7291379310345
14.7291379310345
14.7291379310345
14.7291379310345
14.7291379310345
14.7291379310345
14.7291379310345
14.7291379310345
14.7291379310345
14.7291379310345
14.7291379310345
14.7291379310345
14.7384482758621
14.7484482758621
14.7584482758621
14.7684482758621
14.7784482758621
14.7884482758621
14.7984482758621
14.7905172413793
14.7805172413793
14.7705172413793
14.7605172413793
14.7505172413793
14.7405172413793
14.7305172413793
14.7205172413793
14.7105172413793
14.7005172413793
14.6905172413793
14.6805172413793
14.6705172413793
14.6605172413793
14.6596206896552
14.6606206896552
14.6616206896552
14.6626206896552
14.6636206896552
14.6646206896552
14.6656206896552
14.669
14.673
14.677
14.681
14.685
14.689
14.693
14.6977586206896
14.7027586206897
14.7077586206897
14.7127586206897
14.7177586206897
14.7227586206896
14.7277586206896
14.7371034482759
14.7481034482759
14.7591034482759
14.7701034482759
14.7811034482759
14.7921034482759
14.8031034482759
14.812724137931
14.821724137931
14.830724137931
14.839724137931
14.848724137931
14.857724137931
14.866724137931
14.8894827586207
14.9194827586207
14.9494827586207
14.9794827586207
15.0094827586207
15.0394827586207
15.0694827586207
15.075275862069
15.066275862069
15.057275862069
15.048275862069
15.039275862069
15.030275862069
15.021275862069
15.0169655172414
15.0159655172414
15.0149655172414
15.0139655172414
15.0129655172414
15.0119655172414
15.0109655172414
15.0215517241379
15.0415517241379
15.0615517241379
15.0815517241379
15.1015517241379
15.1215517241379
15.1415517241379
15.1460344827586
15.1360344827586
15.1260344827586
15.1160344827586
15.1060344827586
15.0960344827586
15.0860344827586
15.0856896551724
15.0956896551724
15.1056896551724
15.1156896551724
15.1256896551724
15.1356896551724
15.1456896551724
15.1422413793103
15.1222413793103
15.1022413793103
15.0822413793103
15.0622413793103
15.0422413793103
15.0222413793103
15.0109310344827
15.0119310344827
15.0129310344827
15.0139310344828
15.0149310344828
15.0159310344828
15.0169310344827
15.0281724137931
15.0561724137931
15.0841724137931
15.1121724137931
15.1401724137931
15.1681724137931
15.1961724137931
15.2079655172414
15.1889655172414
15.1699655172414
15.1509655172414
15.1319655172414
15.1129655172414
15.0939655172414
15.0808620689655
15.0808620689655
15.0808620689655
15.0808620689655
15.0808620689655
15.0808620689655
15.0808620689655
15.0808620689655
15.0808620689655
15.0808620689655
15.0808620689655
15.0808620689655
15.0808620689655
15.0808620689655
15.083275862069
15.0932758620689
15.103275862069
15.113275862069
15.1232758620689
15.133275862069
15.143275862069
15.1491379310345
15.1391379310345
15.1291379310345
15.1191379310345
15.1091379310345
15.0991379310345
15.0891379310345
15.0825862068965
15.0925862068965
15.1025862068965
15.1125862068965
15.1225862068966
15.1325862068965
15.1425862068965
15.1512068965517
15.1512068965517
15.1512068965517
15.1512068965517
15.1512068965517
15.1512068965517
15.1512068965517
15.1502758620689
15.141275862069
15.1322758620689
15.123275862069
15.114275862069
15.105275862069
15.0962758620689
15.0871379310345
15.0761379310345
15.0651379310345
15.0541379310345
15.0431379310345
15.0321379310345
15.0211379310345
15.0100344827586
14.9960344827586
14.9820344827586
14.9680344827586
14.9540344827586
14.9400344827586
14.9260344827586
