14.768004950495
14.7812722772277
14.7620643564356
14.7478069306931
14.7414702970297
14.770202970297
14.7986188118812
14.7814702970297
14.7874108910891
14.7839455445545
14.7939455445545
14.8158069306931
14.8202425742574
14.8076485148515
14.7887574257426
14.768797029703
14.7830544554455
14.7801237623762
14.7992128712871
14.7694900990099
14.7842425742574
14.7814702970297
14.7905792079208
14.7836485148515
14.8040841584158
14.8227574257426
14.8244405940594
14.8219554455446
14.8210742574257
14.8131534653465
14.7769158415842
14.7752821782178
14.798103960396
14.8085099009901
14.8154702970297
14.8018663366337
14.8115693069307
14.808698019802
14.8105792079208
14.828103960396
14.8299059405941
14.8299158415842
14.830400990099
14.8292227722772
14.8579059405941
14.8396881188119
14.8333712871287
14.8178366336634
14.8261435643564
14.8171435643564
14.7931534653465
14.7932524752475
14.7897871287129
14.7900841584158
14.7930148514851
14.7835495049505
14.7826584158416
14.7926584158416
14.7939455445545
14.788202970297
14.7949356435644
14.7872227722772
14.7808762376238
14.7789851485149
14.7814702970297
14.7741435643564
14.788004950495
14.7849356435644
14.788202970297
14.7949356435644
14.788400990099
14.788202970297
14.7939059405941
14.7864801980198
14.7817079207921
14.7922623762376
14.8060247524752
14.8211930693069
14.8102821782178
14.8063514851485
14.7857079207921
14.779599009901
14.7748762376238
14.7795891089109
14.7695891089109
14.7865198019802
14.7814702970297
14.7915495049505
14.7967178217822
14.7967673267327
14.7971138613861
14.8016683168317
14.8060247524752
14.8159356435644
14.8340841584158
14.8299851485149
14.838103960396
14.8550346534653
14.848797029703
14.8552623762376
14.8562425742574
14.8623613861386
14.8723613861386
14.8863415841584
14.9026584158416
14.8962227722772
14.8929554455446
14.8891930693069
14.8824603960396
14.8764207920792
14.8780445544554
14.8823712871287
14.8899059405941
14.8957277227723
14.9093910891089
14.9039455445545
14.9046386138614
14.9041435643564
14.8941435643564
14.8942425742574
14.8943415841584
14.898896039604
14.898698019802
14.9047376237624
14.9017475247525
14.9249059405941
14.9158069306931
14.9295891089109
14.9209554455446
14.9205
14.8827574257426
14.8877574257426
14.8959257425743
14.8922623762376
14.8968564356436
14.9497871287129
14.9363217821782
14.9375099009901
14.9299851485149
14.9232227722772
14.9291930693069
14.9235297029703
14.9284405940594
14.918896039604
14.8967178217822
14.9140940594059
14.9170148514851
14.9212227722772
14.9042425742574
14.8959257425743
14.9066188118812
14.9056287128713
14.8912920792079
14.8757277227723
14.8801831683168
14.8766881188119
14.8777079207921
14.8744405940594
14.8694504950495
14.8824603960396
14.8911732673267
14.8950346534653
14.8975099009901
14.889797029703
14.8891930693069
14.8714207920792
14.8948366336634
14.8962227722772
14.8958861386139
14.888995049505
14.862599009901
14.8488069306931
14.8523613861386
14.8552326732673
14.8749752475248
14.8757277227723
14.8786188118812
14.8938663366337
14.9119653465347
14.9044405940594
14.9187376237624
14.9144306930693
14.9048366336634
14.9099356435644
14.9113712871287
14.9266188118812
14.9377079207921
14.9127574257426
14.9516089108911
14.9532128712871
14.9247178217822
14.9028663366337
14.9117673267327
14.9268663366337
14.9229554455446
14.9235297029703
14.9288762376238
14.9231237623762
14.9363415841584
14.9295891089109
14.926698019802
14.9231633663366
14.9224603960396
14.9059257425743
