14.73382
14.78482
14.83582
14.88682
14.93782
14.98882
15.03982
15.09082
15.14182
15.14914
15.14814
15.14714
15.14614
15.14514
15.14414
15.14314
15.14214
15.14182
15.14182
15.14182
15.14182
15.14182
15.14182
15.14182
15.14182
15.13662
15.12662
15.11662
15.10662
15.09662
15.08662
15.07662
15.06662
15.06022
15.06022
15.06022
15.06022
15.06022
15.06022
15.06022
15.06022
15.06222
15.07222
15.08222
15.09222
15.10222
15.11222
15.12222
15.13222
15.14182
15.14182
15.14182
15.14182
15.14182
15.14182
15.14182
15.14182
15.14182
15.1163
15.0873
15.0583
15.0293
15.0003
14.9713
14.9423
14.9133
14.93326
14.97226
15.01126
15.05026
15.08926
15.12826
15.16726
15.20626
15.22342
15.22342
15.22342
15.22342
15.22342
15.22342
15.22342
15.22342
15.22342
15.22342
15.22342
15.22342
15.22342
15.22342
15.22342
15.22342
15.22366
15.22466
15.22566
15.22666
15.22766
15.22866
15.22966
15.23066
15.2299
15.2089
15.1879
15.1669
15.1459
15.1249
15.1039
15.0829
15.0619
15.05102
15.04102
15.03102
15.02102
15.01102
15.00102
14.99102
14.98102
14.94822
14.90822
14.86822
14.82822
14.78822
14.74822
14.70822
14.66822
14.64622
14.63622
14.62622
14.61622
14.60622
14.59622
14.58622
14.57622
14.55742
14.52742
14.49742
14.46742
14.43742
14.40742
14.37742
14.34742
14.32582
14.32582
14.32582
14.32582
14.32582
14.32582
14.32582
14.32582
14.32342
14.30342
14.28342
14.26342
14.24342
14.22342
14.20342
14.18342
14.16342
14.17222
14.18222
14.19222
14.20222
14.21222
14.22222
14.23222
14.24222
14.29222
14.35222
14.41222
14.47222
14.53222
14.59222
14.65222
14.71222
14.70822
14.66822
14.62822
14.58822
14.54822
14.50822
14.46822
14.42822
14.42182
14.45182
14.48182
14.51182
14.54182
14.57182
14.60182
14.63182
14.64262
14.61262
14.58262
14.55262
14.52262
14.49262
14.46262
14.43262
14.39942
14.34942
14.29942
14.24942
14.19942
14.14942
14.09942
14.04942
