14.9627142857143
14.9527142857143
14.9427142857143
14.9335714285714
14.9335714285714
14.9335714285714
14.925
14.875
14.825
14.7698571428571
14.6998571428571
14.6298571428571
14.5907142857143
14.6107142857143
14.6307142857143
14.6468571428571
14.6578571428571
14.6688571428571
14.6947714285714
14.7347714285714
14.7747714285714
14.7841714285714
14.7731714285714
14.7621714285714
14.7648857142857
14.7738857142857
14.7828857142857
14.7625714285714
14.7335714285714
14.7045714285714
14.7004285714286
14.7004285714286
14.7004285714286
14.7192857142857
14.7392857142857
14.7589714285714
14.7679714285714
14.7769714285714
14.7849428571429
14.7849428571429
14.7849428571429
14.7871428571429
14.7981428571429
14.8091428571429
14.8227142857143
14.8427142857143
14.8627142857143
14.8827142857143
14.9027142857143
14.9227142857143
14.9335714285714
14.9335714285714
14.9335714285714
14.9281428571429
14.9181428571429
14.9081428571429
14.8981428571429
14.8881428571429
14.8781428571429
14.8752857142857
14.8752857142857
14.8752857142857
14.8832857142857
14.8932857142857
14.9032857142857
14.9044285714286
14.9044285714286
14.9044285714286
14.8947142857143
14.8847142857143
14.8758571428571
14.8858571428571
14.8958571428571
14.9044285714286
14.9044285714286
14.9044285714286
14.9112857142857
14.9412857142857
14.9712857142857
14.9792857142857
14.9392857142857
14.8992857142857
14.8792857142857
14.8892857142857
14.8992857142857
14.8947142857143
14.8747142857143
14.8547142857143
14.8404285714286
14.8304285714286
14.8204285714286
14.8301428571429
14.8501428571429
14.8701428571429
14.8678571428571
14.8578571428571
14.8478571428571
14.8544285714286
14.8644285714286
14.8744285714286
14.8661428571429
14.8561428571429
14.8461428571429
14.8661428571429
14.8861428571429
14.9044285714286
14.9044285714286
14.9044285714286
14.9044285714286
14.9044285714286
14.9044285714286
14.9018571428571
14.8918571428571
14.8818571428571
14.8752857142857
14.8752857142857
14.8752857142857
14.8752857142857
14.8752857142857
14.8752857142857
14.8804285714286
14.8904285714286
14.9004285714286
14.8984285714286
14.8884285714286
14.8784285714286
14.8752857142857
14.8752857142857
14.8752857142857
14.883
14.893
14.903
14.8872857142857
14.8672857142857
14.8472857142857
14.8555714285714
14.8655714285714
14.8758571428571
14.8958571428571
14.9158571428571
14.9312857142857
14.9112857142857
14.8912857142857
14.8752857142857
14.8752857142857
14.8752857142857
14.8695714285714
14.8495714285714
14.8295714285714
14.8207142857143
14.8307142857143
14.8407142857143
14.837
14.817
14.797
14.7829714285714
14.7739714285714
14.7649714285714
14.7547142857143
14.7437142857143
14.7327142857143
14.7295714285714
14.7295714285714
14.7295714285714
14.6975714285714
14.6575714285714
14.6175714285714
14.5687142857143
14.5187142857143
14.4687142857143
14.5168285714286
14.5678285714286
14.6158571428571
14.6148571428571
14.6138571428571
14.613
14.613
14.613
14.6107142857143
14.6007142857143
14.5907142857143
14.5838571428571
14.5838571428571
14.5838571428571
14.5878571428571
14.5978571428571
14.6078571428571
14.613
14.613
14.613
14.5964285714286
14.5674285714286
14.5384285714286
14.5541142857143
14.5931142857143
14.6321142857143
14.6421428571429
14.6421428571429
14.6421428571429
14.6421428571429
14.6421428571429
14.6421428571429
14.6430571428571
14.6440571428571
