14.1097297297297
14.1897297297297
14.2697297297297
14.3497297297297
14.4297297297297
14.5097297297297
14.5167567567568
14.4467567567567
14.3767567567568
14.3067567567567
14.2367567567568
14.1667567567568
14.1210810810811
14.0760810810811
14.0310810810811
13.9860810810811
13.9410810810811
13.9374324324324
13.9824324324324
14.0274324324324
14.0724324324324
14.1174324324324
14.1624324324324
14.2121621621622
14.2621621621622
14.3121621621622
14.3621621621622
14.4121621621622
14.4016216216216
14.3116216216216
14.2216216216216
14.1316216216216
14.0416216216216
13.9516216216216
13.9994594594595
14.0594594594595
14.1194594594595
14.1794594594595
14.2394594594595
14.2990540540541
14.3580540540541
14.4170540540541
14.476054054054
14.535054054054
14.594054054054
14.5264054054054
14.4434054054054
14.3604054054054
14.2774054054054
14.1944054054054
14.1443243243243
14.1483243243243
14.1523243243243
14.1563243243243
14.1603243243243
14.1643243243243
14.208972972973
14.259972972973
14.310972972973
14.361972972973
14.412972972973
14.4523783783784
14.4703783783784
14.4883783783784
14.5063783783784
14.5243783783784
14.5423783783784
14.4958648648649
14.4368648648649
14.3778648648649
14.3188648648649
14.2598648648649
14.2167567567567
14.2067567567568
14.1967567567567
14.1867567567568
14.1767567567568
14.1667567567568
14.1810810810811
14.2010810810811
14.2210810810811
14.2410810810811
14.2610810810811
14.2751351351351
14.2751351351351
14.2751351351351
14.2751351351351
14.2751351351351
14.2751351351351
14.3064864864865
14.3464864864865
14.3864864864865
14.4264864864865
14.4664864864865
14.4902702702703
14.4702702702703
14.4502702702703
14.4302702702703
14.4102702702703
14.3902702702703
14.3702702702703
14.3502702702703
14.3302702702703
14.3102702702703
14.2902702702703
14.2678378378378
14.2378378378378
14.2078378378378
14.1778378378378
14.1478378378378
14.1178378378378
14.1243243243243
14.1443243243243
14.1643243243243
14.1843243243243
14.2043243243243
14.2243243243243
14.2443243243243
14.2643243243243
14.2843243243243
14.3043243243243
14.3243243243243
14.338
14.349
14.36
14.371
14.382
14.3945135135135
14.4135135135135
14.4325135135135
14.4515135135135
14.4705135135135
14.4895135135135
14.5159459459459
14.5459459459459
14.5759459459459
14.6059459459459
14.635945945946
14.6545945945946
14.6145945945946
14.5745945945946
14.5345945945946
14.4945945945946
14.4545945945946
14.46
14.49
14.52
14.55
14.58
14.5937837837838
14.5037837837838
14.4137837837838
14.3237837837838
14.2337837837838
14.1437837837838
14.1712702702703
14.2702702702703
14.3692702702703
14.4682702702703
14.5672702702703
14.6536216216216
14.6356216216216
14.6176216216216
14.5996216216216
14.5816216216216
14.5636216216216
14.5438378378378
14.5228378378378
14.5018378378378
14.4808378378378
14.4598378378378
14.442972972973
14.472972972973
14.502972972973
14.532972972973
14.562972972973
14.592972972973
14.6002702702703
14.5902702702703
14.5802702702703
14.5702702702703
14.5602702702703
14.5502702702703
14.5402702702703
14.5302702702703
14.5202702702703
14.5102702702703
14.5002702702703
14.4713513513513
14.4263513513513
14.3813513513514
14.3363513513514
14.2913513513513
14.2468918918919
14.2218918918919
14.1968918918919
14.1718918918919
14.1468918918919
14.1218918918919
14.0789189189189
14.0189189189189
13.9589189189189
13.8989189189189
13.8389189189189
