14.544
14.524
14.504
14.484
14.464
14.444
14.424
14.404
14.4125714285714
14.4325714285714
14.4525714285714
14.4725714285714
14.4925714285714
14.5125714285714
14.5325714285714
14.5482857142857
14.5582857142857
14.5682857142857
14.5782857142857
14.5882857142857
14.5982857142857
14.6082857142857
14.6155714285714
14.6065714285714
14.5975714285714
14.5885714285714
14.5795714285714
14.5705714285714
14.5615714285714
14.5525714285714
14.559
14.568
14.577
14.586
14.595
14.604
14.613
14.6111428571428
14.6011428571429
14.5911428571429
14.5811428571428
14.5711428571429
14.5611428571429
14.5511428571429
14.5411428571429
14.5311428571429
14.5211428571428
14.5111428571429
14.5011428571428
14.4911428571429
14.4811428571429
14.4711428571429
14.4711428571429
14.4711428571429
14.4711428571428
14.4711428571428
14.4711428571429
14.4711428571429
14.4711428571429
14.4647142857143
14.4557142857143
14.4467142857143
14.4377142857143
14.4287142857143
14.4197142857143
14.4107142857143
14.4094285714286
14.4184285714286
14.4274285714286
14.4364285714286
14.4454285714286
14.4544285714286
14.4634285714286
14.4684285714286
14.4494285714286
14.4304285714286
14.4114285714286
14.3924285714286
14.3734285714286
14.3544285714286
14.3354285714286
14.3404285714286
14.3494285714286
14.3584285714286
14.3674285714286
14.3764285714286
14.3854285714286
14.3944285714286
14.3982857142857
14.3982857142857
14.3982857142857
14.3982857142857
14.3982857142857
14.3982857142857
14.3982857142857
14.404
14.424
14.444
14.464
14.484
14.504
14.524
14.544
14.524
14.504
14.484
14.464
14.444
14.424
14.404
14.4054285714286
14.4154285714286
14.4254285714286
14.4354285714286
14.4454285714286
14.4554285714286
14.4654285714286
14.4668571428571
14.4568571428571
14.4468571428571
14.4368571428571
14.4268571428571
14.4168571428571
14.4068571428571
14.3997142857143
14.4097142857143
14.4197142857143
14.4297142857143
14.4397142857143
14.4497142857143
14.4597142857143
14.4697142857143
14.4797142857143
14.4897142857143
14.4997142857143
14.5097142857143
14.5197142857143
14.5297142857143
14.5397142857143
14.5382857142857
14.5282857142857
14.5182857142857
14.5082857142857
14.4982857142857
14.4882857142857
14.4782857142857
14.4688571428571
14.4608571428571
14.4528571428571
14.4448571428571
14.4368571428571
14.4288571428572
14.4208571428571
14.4128571428571
14.4208571428571
14.4288571428572
14.4368571428571
14.4448571428571
14.4528571428571
14.4608571428571
14.4688571428571
14.464
14.454
14.444
14.434
14.424
14.414
14.404
14.4068571428571
14.4268571428571
14.4468571428571
14.4668571428571
14.4868571428571
14.5068571428571
14.5268571428571
14.5468571428571
14.5668571428571
14.5868571428571
14.6068571428571
14.6268571428571
14.6468571428571
14.6668571428572
14.6868571428572
14.6982857142857
14.7082857142857
14.7182857142857
14.7282857142857
14.7382857142857
14.7482857142857
14.7582857142857
14.7688571428571
14.7798571428571
14.7908571428571
14.8018571428571
14.8128571428571
14.8238571428571
14.8348571428571
14.8452857142857
14.8542857142857
14.8632857142857
14.8722857142857
14.8812857142857
14.8902857142857
14.8992857142857
