14.9
14.86
14.82
14.78
14.74
14.7
14.66
14.62
14.58
14.575
14.605
14.635
14.665
14.695
14.725
14.755
14.785
14.815
14.725
14.635
14.545
14.455
14.365
14.275
14.185
14.095
14.0995
14.1985
14.2975
14.3965
14.4955
14.5945
14.6935
14.7925
14.8915
14.8735
14.8555
14.8375
14.8195
14.8015
14.7835
14.7655
14.7475
14.728
14.707
14.686
14.665
14.644
14.623
14.602
14.581
14.56
14.59
14.62
14.65
14.68
14.71
14.74
14.77
14.8
14.81
14.8
14.79
14.78
14.77
14.76
14.75
14.74
14.73
14.72
14.71
14.7
14.69
14.68
14.67
14.66
14.65
14.6225
14.5775
14.5325
14.4875
14.4425
14.3975
14.3525
14.3075
14.2625
14.2375
14.2125
14.1875
14.1625
14.1375
14.1125
14.0875
14.0625
14.02
13.96
13.9
13.84
13.78
13.72
13.66
13.6
13.54
13.55
13.56
13.57
13.58
13.59
13.6
13.61
13.62
13.625
13.625
13.625
13.625
13.625
13.625
13.625
13.625
13.625
13.635
13.645
13.655
13.665
13.675
13.685
13.695
13.705
13.715
13.725
13.735
13.745
13.755
13.765
13.775
13.785
13.795
13.815
13.835
13.855
13.875
13.895
13.915
13.935
13.955
13.98
14.01
14.04
14.07
14.1
14.13
14.16
14.19
14.22
14.22
14.22
14.22
14.22
14.22
14.22
14.22
14.22
14.22
14.22
14.22
14.22
14.22
14.22
14.22
14.22
14.22
14.199
14.178
14.157
14.136
14.115
14.094
14.073
14.052
14.0425
14.0445
14.0465
14.0485
14.0505
14.0525
14.0545
14.0565
14.0585
14.0675
14.0765
14.0855
14.0945
14.1035
14.1125
14.1215
14.1305
14.16
14.21
14.26
14.31
14.36
14.41
14.46
14.51
