14.6863701298701
14.7053701298701
14.7243701298701
14.7296948051948
14.7096948051948
14.6896948051948
14.543461038961
14.343461038961
14.1595649350649
14.2695649350649
14.3795649350649
14.4613831168831
14.5013831168831
14.5413831168831
14.5889155844156
14.6389155844156
14.6837207792208
14.6837207792208
14.6837207792208
14.6828116883117
14.6808116883117
14.6788116883117
14.7283441558442
14.7903441558442
14.8515649350649
14.9085649350649
14.9655649350649
15.0053441558442
15.0283441558442
15.0513441558442
15.0460584415584
15.0360584415584
15.0300064935065
15.0390064935065
15.0480064935065
15.0469545454545
15.0379545454546
15.0289545454545
14.9654090909091
14.8964090909091
14.855461038961
14.894461038961
14.933461038961
14.9425519480519
14.9325519480519
14.922551948052
14.8837207792208
14.8437207792208
14.8224220779221
14.8424220779221
14.8624220779221
14.9287857142857
15.0187857142857
15.1076168831169
15.1076168831169
15.1076168831169
15.1076168831169
15.1076168831169
15.1076168831169
15.115474025974
15.126474025974
15.1340974025974
15.0930974025974
15.0520974025974
15.0322922077922
15.0422922077922
15.0522922077922
15.0622922077922
15.0722922077922
15.0846298701299
15.1146298701299
15.1446298701299
15.1657467532468
15.1767467532468
15.1877467532468
15.2118376623377
15.2388376623377
15.2633051948052
15.2753051948052
15.2873051948052
15.2722922077922
15.2322922077922
15.1922922077922
15.2045
15.2245
15.2617207792208
15.3597207792208
15.4577207792208
15.5237207792208
15.5657207792208
15.6077207792208
15.6109935064935
15.6109935064935
15.5962662337662
15.5422662337662
15.4882662337662
15.4766558441558
15.4906558441558
15.5046558441558
15.4660584415584
15.4260584415584
15.3957987012987
15.3857987012987
15.3757987012987
15.3766038961039
15.3826038961039
15.3880324675325
15.3720324675325
15.3560324675325
15.3577337662338
15.3887337662338
15.4197337662338
15.4347337662338
15.4437337662338
15.4532012987013
15.4682012987013
15.4832012987013
15.4900584415584
15.4860584415584
15.4820584415584
15.4648116883117
15.4438116883117
15.4190454545455
15.3690454545455
15.3190454545455
15.2642402597403
15.2042402597403
15.1442402597403
15.1673571428571
15.2073571428571
15.2491753246753
15.2991753246753
15.3491753246753
15.3672272727273
15.3572272727273
15.3472272727273
15.3460584415584
15.3460584415584
15.3554090909091
15.3954090909091
15.4354090909091
15.4345
15.4045
15.3745
15.3070974025974
15.2370974025974
15.1759545454545
15.1369545454545
15.0979545454545
15.1022272727273
15.1312272727273
15.1602272727273
15.0816428571429
15.0016428571429
14.9722922077922
15.0422922077922
15.1122922077922
15.1478766233766
15.1678766233766
15.1871363636364
15.1881363636364
15.1891363636364
15.2049415584416
15.2439415584416
15.2829415584416
15.2782662337662
15.2582662337662
15.2364480519481
15.1964480519481
15.1564480519481
15.1429415584416
15.1629415584416
15.1829415584416
15.1791753246753
15.1691753246753
15.1563181818182
15.1263181818182
15.0963181818182
15.0712532467532
15.0512532467532
15.0312532467532
15.0787857142857
15.1387857142857
15.1832012987013
15.1632012987013
15.1432012987013
15.1122922077922
15.0722922077922
15.0322922077922
15.0272402597403
15.0262402597403
15.0356038961039
15.0766038961039
15.1176038961039
15.1281363636364
15.1181363636364
15.1081363636364
15.0801233766234
15.0511233766234
15.0275
15.0165
15.0055
14.9302142857143
14.8202142857143
