14.1553888888889
14.1343888888889
14.1133888888889
14.0923888888889
14.0713888888889
14.0503888888889
14.0293888888889
14.0083888888889
13.9971666666667
13.9981666666667
13.9991666666667
14.0001666666667
14.0011666666667
14.0021666666667
14.0031666666667
14.0041666666667
14.0033888888889
14.0023888888889
14.0013888888889
14.0003888888889
13.9993888888889
13.9983888888889
13.9973888888889
13.9967222222222
13.9967222222222
13.9967222222222
13.9967222222222
13.9967222222222
13.9967222222222
13.9967222222222
13.9967222222222
13.9967222222222
13.9967222222222
13.9967222222222
13.9967222222222
13.9967222222222
13.9967222222222
13.9967222222222
13.9967222222222
13.9967222222222
13.9967222222222
13.9967222222222
13.9967222222222
13.9967222222222
13.9967222222222
13.9967222222222
14.0033888888889
14.0133888888889
14.0233888888889
14.0333888888889
14.0433888888889
14.0533888888889
14.0633888888889
14.0722777777778
14.0722777777778
14.0722777777778
14.0722777777778
14.0722777777778
14.0722777777778
14.0722777777778
14.0722777777778
14.0833888888889
14.1033888888889
14.1233888888889
14.1433888888889
14.1633888888889
14.1833888888889
14.2033888888889
14.2233888888889
14.2143888888889
14.2053888888889
14.1963888888889
14.1873888888889
14.1783888888889
14.1693888888889
14.1603888888889
14.1505
14.1395
14.1285
14.1175
14.1065
14.0955
14.0845
14.0735
14.0793888888889
14.0873888888889
14.0953888888889
14.1033888888889
14.1113888888889
14.1193888888889
14.1273888888889
14.1267222222222
14.1087222222222
14.0907222222222
14.0727222222222
14.0547222222222
14.0367222222222
14.0187222222222
14.0007222222222
13.9897222222222
13.9807222222222
13.9717222222222
13.9627222222222
13.9537222222222
13.9447222222222
13.9357222222222
13.9285
13.9275
13.9265
13.9255
13.9245
13.9235
13.9225
13.9215
13.9211666666667
13.9211666666667
13.9211666666667
13.9211666666667
13.9211666666667
13.9211666666667
13.9211666666667
13.9200555555556
13.9100555555555
13.9000555555555
13.8900555555556
13.8800555555556
13.8700555555556
13.8600555555556
13.8500555555556
13.8511666666667
13.8611666666667
13.8711666666667
13.8811666666667
13.8911666666667
13.9011666666667
13.9111666666667
13.9211666666667
13.9111666666667
13.9011666666667
13.8911666666667
13.8811666666667
13.8711666666667
13.8611666666667
13.8511666666667
13.8411666666667
13.8311666666667
13.8211666666667
13.8111666666667
13.8011666666667
13.7911666666667
13.7811666666667
13.7711666666667
13.7789444444445
13.7889444444444
13.7989444444444
13.8089444444444
13.8189444444444
13.8289444444444
13.8389444444444
13.8456111111111
13.8456111111111
13.8456111111111
13.8456111111111
13.8456111111111
13.8456111111111
13.8456111111111
13.8456111111111
13.8378333333333
13.8278333333333
13.8178333333333
13.8078333333333
13.7978333333333
13.7878333333333
13.7778333333333
13.7747222222222
13.7957222222222
13.8167222222222
13.8377222222222
13.8587222222222
13.8797222222222
13.9007222222222
13.9217222222222
13.9287222222222
13.9287222222222
13.9287222222222
13.9287222222222
13.9287222222222
13.9287222222222
13.9287222222222
13.9287222222222
13.9287222222222
13.9287222222222
13.9287222222222
13.9287222222222
13.9287222222222
13.9287222222222
13.9287222222222
13.9337222222222
13.9427222222222
13.9517222222222
13.9607222222222
13.9697222222222
13.9787222222222
13.9877222222222
