15.1466034482759
15.1256034482759
15.1046034482759
15.0836034482759
15.0626034482759
15.0416034482759
15.0206034482759
14.9996034482759
14.989224137931
14.979224137931
14.969224137931
14.959224137931
14.949224137931
14.939224137931
14.929224137931
14.8912931034483
14.8512931034483
14.8112931034483
14.7712931034483
14.7312931034483
14.6912931034483
14.6512931034483
14.6381896551724
14.6281896551724
14.6181896551724
14.6081896551724
14.5981896551724
14.5881896551724
14.5781896551724
14.5509482758621
14.5209482758621
14.4909482758621
14.4609482758621
14.4309482758621
14.4009482758621
14.3709482758621
14.365775862069
14.365775862069
14.365775862069
14.365775862069
14.365775862069
14.365775862069
14.365775862069
14.3499137931034
14.3299137931035
14.3099137931034
14.2899137931034
14.2699137931034
14.2499137931034
14.2299137931034
14.2326724137931
14.2426724137931
14.2526724137931
14.2626724137931
14.2726724137931
14.2826724137931
14.2926724137931
14.3388793103448
14.3988793103448
14.4588793103448
14.5188793103448
14.5788793103448
14.6388793103448
14.6988793103448
14.6899137931034
14.6499137931034
14.6099137931034
14.5699137931034
14.5299137931034
14.4899137931034
14.4499137931034
14.455775862069
14.485775862069
14.515775862069
14.545775862069
14.575775862069
14.605775862069
14.635775862069
14.6285344827586
14.5985344827586
14.5685344827586
14.5385344827586
14.5085344827586
14.4785344827586
14.4485344827586
14.4068103448276
14.3568103448276
14.3068103448276
14.2568103448276
14.2068103448276
14.1568103448276
14.1068103448276
14.1009482758621
14.1309482758621
14.1609482758621
14.1909482758621
14.2209482758621
14.2509482758621
14.2809482758621
14.2799137931034
14.2499137931034
14.2199137931034
14.1899137931034
14.1599137931034
14.1299137931034
14.0999137931034
14.089224137931
14.099224137931
14.109224137931
14.119224137931
14.129224137931
14.139224137931
14.149224137931
14.1502586206896
14.1402586206897
14.1302586206897
14.1202586206896
14.1102586206896
14.1002586206896
14.0902586206896
14.097224137931
14.128224137931
14.159224137931
14.190224137931
14.221224137931
14.252224137931
14.283224137931
14.3058793103448
14.3148793103448
14.3238793103448
14.3328793103448
14.3418793103448
14.3508793103448
14.3598793103448
14.3726724137931
14.3926724137931
14.4126724137931
14.4326724137931
14.4526724137931
14.4726724137931
14.4926724137931
14.5095689655172
14.5195689655172
14.5295689655172
14.5395689655172
14.5495689655172
14.5595689655172
14.5695689655172
14.5740517241379
14.5640517241379
14.5540517241379
14.5440517241379
14.5340517241379
14.5240517241379
14.5140517241379
14.5088793103448
14.5188793103448
14.5288793103448
14.5388793103448
14.5488793103448
14.5588793103448
14.5688793103448
14.5747413793103
14.5647413793103
14.5547413793103
14.5447413793103
14.5347413793103
14.5247413793103
14.5147413793103
14.5064655172414
14.5064655172414
14.5064655172414
14.5064655172414
14.5064655172414
14.5064655172414
14.5064655172414
14.5050862068965
14.4950862068965
14.4850862068965
14.4750862068965
14.4650862068965
14.4550862068966
14.4450862068965
14.4371551724138
14.4471551724138
14.4571551724138
14.4671551724138
14.4771551724138
14.4871551724138
14.4971551724138
14.5071551724138
14.5171551724138
14.5271551724138
14.5371551724138
14.5471551724138
14.5571551724138
14.5671551724138
14.5775
14.5975
14.6175
14.6375
14.6575
14.6775
14.6975
