16.8134615384615
16.7034615384615
16.5934615384615
16.4834615384615
16.3734615384615
16.2634615384615
15.9919230769231
15.6719230769231
15.3519230769231
15.0319230769231
14.7119230769231
14.5480769230769
14.5180769230769
14.4880769230769
14.4580769230769
14.4280769230769
14.4073076923077
14.4073076923077
14.4073076923077
14.4073076923077
14.4073076923077
14.4065384615385
14.3965384615385
14.3865384615385
14.3765384615385
14.3665384615385
14.3565384615385
14.2280769230769
14.0780769230769
13.9280769230769
13.7780769230769
13.6280769230769
13.5525384615385
13.5235384615385
13.4945384615385
13.4655384615384
13.4365384615385
13.426
13.445
13.464
13.483
13.502
13.5211538461538
13.5411538461538
13.5611538461538
13.5811538461538
13.6011538461538
13.6211538461538
13.6411538461539
13.6611538461539
13.6811538461539
13.7011538461538
13.7211538461538
13.7411538461538
13.7611538461539
13.7811538461538
13.8011538461539
13.8211538461538
13.8411538461538
13.8611538461538
13.8811538461538
13.9011538461538
13.9211538461538
13.9342307692308
13.9242307692308
13.9142307692308
13.9042307692308
13.8942307692308
13.8842307692308
13.8752307692308
13.8662307692308
13.8572307692308
13.8482307692308
13.8392307692308
13.8363846153846
13.8353846153846
13.8343846153846
13.8333846153846
13.8323846153846
13.8480769230769
13.8780769230769
13.9080769230769
13.9380769230769
13.9680769230769
13.9857692307692
13.9757692307692
13.9657692307692
13.9557692307692
13.9457692307692
13.9411538461538
14.0011538461538
14.0611538461538
14.1211538461538
14.1811538461538
14.2411538461538
14.2419230769231
14.2319230769231
14.2219230769231
14.2119230769231
14.2019230769231
14.1488461538462
14.0688461538462
13.9888461538462
13.9088461538462
13.8288461538462
13.7565384615385
13.6965384615385
13.6365384615385
13.5765384615385
13.5165384615385
13.4556153846154
13.3896153846154
13.3236153846154
13.2576153846154
13.1916153846154
13.1256153846154
13.1353076923077
13.1513076923077
13.1673076923077
13.1833076923077
13.1993076923077
13.1834615384615
13.1534615384615
13.1234615384615
13.0934615384615
13.0634615384615
13.0657692307692
13.1057692307692
13.1457692307692
13.1857692307692
13.2257692307692
13.2519230769231
13.2319230769231
13.2119230769231
13.1919230769231
13.1719230769231
13.1519230769231
13.0919230769231
13.0319230769231
12.9719230769231
12.9119230769231
12.8519230769231
12.8457692307692
12.8557692307692
12.8657692307692
12.8757692307692
12.8857692307692
12.885
12.875
12.865
12.855
12.845
12.8411538461538
12.8511538461538
12.8611538461538
12.8711538461538
12.8811538461539
12.8926923076923
12.9226923076923
12.9526923076923
12.9826923076923
13.0126923076923
13.0426923076923
13.0726923076923
13.1026923076923
13.1326923076923
13.1626923076923
13.1926923076923
13.2171538461538
13.2381538461538
13.2591538461538
13.2801538461538
13.3011538461538
13.3252307692308
13.3542307692308
13.3832307692308
13.4122307692308
13.4412307692308
13.4703846153846
13.5003846153846
13.5303846153846
13.5603846153846
13.5903846153846
13.6203846153846
13.6420769230769
13.6630769230769
13.6840769230769
13.7050769230769
13.7260769230769
13.7526153846154
13.7816153846154
13.8106153846154
13.8396153846154
13.8686153846154
13.8934615384615
13.9134615384615
13.9334615384615
13.9534615384615
13.9734615384615
13.9934615384615
14.0134615384615
14.0334615384615
14.0534615384615
14.0734615384615
