14.241875
14.231875
14.221875
14.211875
14.201875
14.191875
14.181875
14.1725
14.1635
14.1545
14.1455
14.1365
14.1275
14.118
14.107
14.096
14.085
14.074
14.063
14.052
14.059375
14.069375
14.079375
14.089375
14.099375
14.109375
14.109375
14.099375
14.089375
14.079375
14.069375
14.059375
14.051875
14.061875
14.071875
14.081875
14.091875
14.101875
14.111875
14.115125
14.116125
14.117125
14.118125
14.119125
14.120125
14.120375
14.119375
14.118375
14.117375
14.116375
14.115375
14.114375
14.105375
14.096375
14.087375
14.078375
14.069375
14.060375
14.062
14.07
14.078
14.086
14.094
14.102
14.10575
14.09675
14.08775
14.07875
14.06975
14.06075
14.05175
14.0585
14.0675
14.0765
14.0855
14.0945
14.1035
14.1035
14.0945
14.0855
14.0765
14.0675
14.0585
14.05075
14.05175
14.05275
14.05375
14.05475
14.05575
14.05675
14.05625
14.05525
14.05425
14.05325
14.05225
14.05125
14.046875
14.036875
14.026875
14.016875
14.006875
13.996875
13.986875
13.976875
13.966875
13.956875
13.946875
13.936875
13.926875
13.918125
13.910125
13.902125
13.894125
13.886125
13.878125
13.867875
13.850875
13.833875
13.816875
13.799875
13.782875
13.765875
13.750625
13.735625
13.720625
13.705625
13.690625
13.675625
13.668125
13.668125
13.668125
13.668125
13.668125
13.668125
13.669375
13.679375
13.689375
13.699375
13.709375
13.719375
13.729375
13.716875
13.696875
13.676875
13.656875
13.636875
13.616875
13.611875
13.631875
13.651875
13.671875
13.691875
13.711875
13.731875
13.740875
13.749875
13.758875
13.767875
13.776875
13.785875
13.802375
13.823375
13.844375
13.865375
13.886375
13.907375
13.914125
13.878125
13.842125
13.806125
13.770125
13.734125
13.698125
13.698875
13.704875
13.710875
13.716875
13.722875
13.728875
13.736875
13.746875
13.756875
13.766875
13.776875
13.786875
13.795625
13.795625
13.795625
13.795625
13.795625
13.795625
13.795625
13.810625
13.830625
13.850625
13.870625
13.890625
13.910625
13.926875
13.936875
13.946875
13.956875
13.966875
13.976875
