13.8028333333333
13.8028333333333
13.8028333333333
13.8028333333333
13.8028333333333
13.8028333333333
13.8028333333333
13.8028333333333
13.8072777777778
13.8172777777778
13.8272777777778
13.8372777777778
13.8472777777778
13.8572777777778
13.8672777777778
13.8772777777778
13.8695
13.8595
13.8495
13.8395
13.8295
13.8195
13.8095
13.8061666666667
13.8161666666667
13.8261666666667
13.8361666666667
13.8461666666667
13.8561666666667
13.8661666666667
13.8761666666667
13.8783888888889
13.8783888888889
13.8783888888889
13.8783888888889
13.8783888888889
13.8783888888889
13.8783888888889
13.8806111111111
13.8906111111111
13.9006111111111
13.9106111111111
13.9206111111111
13.9306111111111
13.9406111111111
13.9506111111111
13.9472777777778
13.9372777777778
13.9272777777778
13.9172777777778
13.9072777777778
13.8972777777778
13.8872777777778
13.8783888888889
13.8783888888889
13.8783888888889
13.8783888888889
13.8783888888889
13.8783888888889
13.8783888888889
13.8783888888889
13.9006111111111
13.9406111111111
13.9806111111111
14.0206111111111
14.0606111111111
14.1006111111111
14.1406111111111
14.1806111111111
14.1816111111111
14.1826111111111
14.1836111111111
14.1846111111111
14.1856111111111
14.1866111111111
14.1876111111111
14.1788333333333
14.1578333333333
14.1368333333333
14.1158333333333
14.0948333333333
14.0738333333333
14.0528333333333
14.0318333333333
14.0303888888889
14.0313888888889
14.0323888888889
14.0333888888889
14.0343888888889
14.0353888888889
14.0363888888889
14.0367222222222
14.0357222222222
14.0347222222222
14.0337222222222
14.0327222222222
14.0317222222222
14.0307222222222
14.0297222222222
14.0295
14.0295
14.0295
14.0295
14.0295
14.0295
14.0295
14.0295
14.0295
14.0295
14.0295
14.0295
14.0295
14.0295
14.0295
14.0295
14.0295
14.0295
14.0295
14.0295
14.0295
14.0295
14.0306111111111
14.0406111111111
14.0506111111111
14.0606111111111
14.0706111111111
14.0806111111111
14.0906111111111
14.1006111111111
14.1050555555556
14.1050555555556
14.1050555555555
14.1050555555556
14.1050555555556
14.1050555555556
14.1050555555556
14.1050555555556
14.1250555555555
14.1450555555556
14.1650555555556
14.1850555555556
14.2050555555556
14.2250555555556
14.2450555555555
14.2521666666667
14.2431666666667
14.2341666666667
14.2251666666667
14.2161666666667
14.2071666666667
14.1981666666667
14.1891666666667
14.1783888888889
14.1673888888889
14.1563888888889
14.1453888888889
14.1343888888889
14.1233888888889
14.1123888888889
14.1077222222222
14.1157222222222
14.1237222222222
14.1317222222222
14.1397222222222
14.1477222222222
14.1557222222222
14.1637222222222
14.1515
14.1335
14.1155
14.0975
14.0795
14.0615
14.0435
14.0275
14.0185
14.0095
14.0005
13.9915
13.9825
13.9735
13.9645
13.9608333333333
13.9598333333333
13.9588333333333
13.9578333333333
13.9568333333333
13.9558333333333
13.9548333333333
13.9539444444444
13.9539444444444
13.9539444444444
13.9539444444444
13.9539444444444
13.9539444444445
13.9539444444444
13.9539444444444
13.9483888888889
13.9383888888889
13.9283888888889
13.9183888888889
13.9083888888889
13.8983888888889
13.8883888888889
