15.5817549668874
15.5517549668874
15.5542052980132
15.5682450331126
15.5682450331126
15.5871854304636
15.5714238410596
15.5461258278146
15.5661258278146
15.5682450331126
15.5628145695364
15.5489735099338
15.5189735099338
15.5142052980132
15.5289072847682
15.5533443708609
15.5433443708609
15.5491059602649
15.5503642384106
15.5412251655629
15.5412251655629
15.5485761589404
15.5547350993377
15.5544039735099
15.5444039735099
15.5412251655629
15.5415562913907
15.5425562913907
15.5219933774834
15.5267880794702
15.5412251655629
15.5412251655629
15.5467880794702
15.5458741721854
15.5434768211921
15.5534768211921
15.5547350993377
15.5390397350993
15.510761589404
15.490761589404
15.511821192053
15.5089072847682
15.4737947019868
15.4747947019868
15.481940397351
15.4788410596026
15.4622185430464
15.4932185430464
15.494178807947
15.4762582781457
15.4463907284768
15.4263907284768
15.4156622516556
15.4196225165563
15.4456225165563
15.4274503311258
15.4135430463576
15.4087086092715
15.4187086092715
15.4096556291391
15.4053311258278
15.4063311258278
15.4073311258278
15.3980794701987
15.387582781457
15.3745364238411
15.3445364238411
15.3465894039735
15.3525364238411
15.3523443708609
15.3413443708609
15.3535430463576
15.3576490066225
15.3376490066225
15.3176490066225
15.2976490066225
15.2810927152318
15.2710927152318
15.301821192053
15.3251125827815
15.3280860927152
15.2920860927152
15.3153311258278
15.3317218543046
15.3338079470199
15.3138079470199
15.3115562913907
15.3169205298013
15.3195033112583
15.2895033112583
15.2845364238411
15.279701986755
15.2710264900662
15.2710264900662
15.2788410596026
15.2802317880795
15.271821192053
15.281821192053
15.2845364238411
15.2845364238411
15.2845364238411
15.2845364238411
15.2777814569536
15.2749205298013
15.2869205298013
15.2852913907285
15.2783112582781
15.2737417218543
15.2837417218543
15.3121523178808
15.3136754966887
15.2980463576159
15.2980463576159
15.3240728476821
15.3385761589404
15.339238410596
15.343238410596
15.3724900662252
15.3917284768212
15.3937417218543
15.4037417218543
15.4038410596026
15.3827748344371
15.3403642384106
15.3703642384106
15.3861920529801
15.3890397350993
15.3791059602649
15.3791059602649
15.3922185430464
15.4027748344371
15.3917748344371
15.3636092715232
15.3520860927152
15.3518344370861
15.3508344370861
15.3426291390728
15.3440728476821
15.3500993377483
15.3400993377483
15.3470529801325
15.347119205298
15.3400331125828
15.3500331125828
15.3441390728477
15.3385761589404
15.338761589404
15.340761589404
15.3472119205298
15.348178807947
15.3385761589404
15.3385761589404
15.335821192053
15.3311456953642
15.3251456953642
15.2757284768212
15.2638741721854
15.2667549668874
15.2517549668874
15.3488079470199
15.3984437086093
15.3435430463576
15.0735430463576
15.1910927152318
15.2975165562914
15.3562781456954
15.4552781456954
15.4565960264901
15.427582781457
15.3951324503311
15.4151324503311
15.4661258278146
15.4837417218543
15.4422847682119
15.3822847682119
15.3980794701987
15.4208278145695
15.4061258278146
15.4061258278146
15.3927483443709
15.3632119205298
15.3132119205298
15.272880794702
15.251357615894
15.2546026490066
15.2946026490066
15.3346026490066
15.3633443708609
15.3697814569536
15.3257814569536
15.3144966887417
15.3370529801324
15.3838741721854
15.4138741721854
15.4196357615894
15.4196357615894
15.4206953642384
15.4306953642384
15.4633443708609
15.5154635761589
15.5828145695364
15.6028145695364
15.6228145695364
15.6428145695364
