15.2451255230126
15.2463891213389
15.2421129707113
15.2389330543933
15.2111338912134
15.2309832635983
15.1867824267782
15.1934393305439
15.1860460251046
15.1944518828452
15.1939121338912
15.1912552301255
15.1874184100418
15.1894937238494
15.201050209205
15.1990920502092
15.2107824267782
15.2104853556485
15.205460251046
15.2064853556485
15.1994686192469
15.2047489539749
15.1985983263598
15.1991422594142
15.1910669456067
15.1837782426778
15.1785983263598
15.1660460251046
15.1723556485356
15.1711506276151
15.1780962343096
15.1882217573222
15.1853765690377
15.1854184100418
15.1883640167364
15.1796443514644
15.178179916318
15.176589958159
15.1800209205021
15.1796861924686
15.1814769874477
15.191359832636
15.188640167364
15.1878451882845
15.1882217573222
15.1844853556485
15.1799707112971
15.1796861924686
15.1748326359833
15.1768410041841
15.1833682008368
15.1903556485356
15.1903974895397
15.1861715481172
15.1875857740586
15.1853765690377
15.1853765690377
15.1855648535565
15.1805230125523
15.171359832636
15.1739958158996
15.1705648535565
15.171410041841
15.1727824267782
15.171
15.1714016736402
15.1710669456067
15.1570083682008
15.1370083682008
15.1298535564854
15.1257949790795
15.1314142259414
15.1367573221757
15.1341631799163
15.1315690376569
15.1358786610879
15.1259623430962
15.1313179916318
15.1313179916318
15.1258158995816
15.1184309623431
15.100690376569
15.104539748954
15.0971757322176
15.0993514644351
15.1007322175732
15.0893933054393
15.0750418410042
15.0544979079498
15.0567991631799
15.0592677824268
15.0592677824268
15.0573430962343
15.0704393305439
15.0114016736402
15.0206485355649
15.0139958158996
14.9892677824268
15.0056192468619
15.0110669456067
15.0647071129707
15.0344979079498
15.0109665271967
15.054050209205
15.0170083682008
14.9832426778243
14.9884728033473
15.0044560669456
14.9755020920502
14.9662970711297
14.9589748953975
14.9577615062762
14.9571589958159
14.9577615062762
14.9767573221757
14.97089958159
14.9833682008368
14.9887238493724
15.006129707113
15.0089748953975
15.0067991631799
14.9988493723849
14.9913179916318
14.993769874477
14.9791841004184
14.9862133891213
14.9862133891213
15.0025313807531
15.0075523012552
15.0078451882845
15.0216945606695
15.01310041841
15.0335606694561
15.030690376569
15.0292259414226
15.0360460251046
15.0402719665272
15.0230334728033
15.0072092050209
15.0094769874477
15.0399372384937
15.0268410041841
15.0360878661088
15.0503514644351
15.0462970711297
15.0495606694561
15.0606066945607
15.0677615062762
15.0798368200837
15.0735355648536
15.067050209205
15.0658786610879
15.0680543933054
15.0644560669456
15.0544979079498
15.0601882845188
15.0545815899582
15.0715690376569
15.0710167364017
15.0687238493724
15.0715690376569
15.0744142259414
15.0698117154812
15.0687238493724
15.0658786610879
15.0685146443515
15.0671338912134
15.0658786610879
15.0673849372385
15.0573012552301
15.054640167364
15.0685983263598
15.064539748954
15.060460251046
15.0655439330544
15.0710669456067
15.0752510460251
15.0855313807531
15.082949790795
15.0832343096234
15.076589958159
15.0687238493724
15.0734937238494
15.0710251046025
15.0612259414226
15.0509623430962
15.0467154811715
15.0459623430962
15.0459623430962
15.0459623430962
15.0459623430962
15.0459623430962
15.0459623430962
15.0459623430962
15.0459623430962
15.0459623430962
15.0459623430962
15.0459623430962
15.0459623430962
15.0459623430962
15.0459623430962
15.0459623430962
15.0459623430962
15.0459623430962
