14.1865135135135
14.1955135135135
14.1927027027027
14.1827027027027
14.1727027027027
14.1549189189189
14.1344594594595
14.116027027027
14.127027027027
14.1372972972973
14.1437837837838
14.1437837837838
14.1437837837838
14.1437837837838
14.144
14.145
14.1602432432432
14.175027027027
14.1859459459459
14.1959459459459
14.2059459459459
14.2159459459459
14.2259459459459
14.2264864864865
14.2321621621622
14.2459459459459
14.2759459459459
14.2816216216216
14.2210810810811
14.0945405405405
14.2035405405405
14.2395675675676
14.2432432432432
14.2532432432432
14.2448648648649
14.2294594594595
14.2110810810811
14.2010810810811
14.1910810810811
14.1851351351351
14.1857837837838
14.2097837837838
14.2091351351351
14.2
14.204
14.1919459459459
14.1851351351351
14.1851351351351
14.1851351351351
14.1851351351351
14.1885405405405
14.1975405405405
14.1985405405405
14.1927027027027
14.1802702702703
14.1602702702703
14.1575675675676
14.1575675675676
14.1554054054054
14.1354054054054
14.1445945945946
14.1540540540541
14.1440540540541
14.1145945945946
14.1143243243243
14.1278378378378
14.1178378378378
14.132972972973
14.1483783783784
14.1574864864865
14.1564864864865
14.1498648648649
14.147027027027
14.157027027027
14.1575675675676
14.1524594594595
14.1544324324324
14.2034324324324
14.1964864864865
14.1808108108108
14.1718918918919
14.1818918918919
14.1851351351351
14.1851351351351
14.1851351351351
14.1667567567568
14.1489189189189
14.1413513513514
14.1773513513513
14.192972972973
14.1948648648649
14.1848648648649
14.1748648648649
14.1778378378378
14.1824324324324
14.1724324324324
14.1535135135135
14.1591891891892
14.1837837837838
14.1737837837838
14.1486486486487
14.13
14.13
14.139
14.1368108108108
14.13
14.13
14.13
14.1343783783784
14.1414324324324
14.1324324324324
14.1292702702703
14.1254594594595
14.1164594594595
14.1162162162162
14.1215675675676
14.1266756756757
14.1176756756757
14.1153783783784
14.1152972972973
14.1154864864865
14.1064864864865
14.1094324324324
14.1119189189189
14.1029189189189
14.1024324324324
14.1024324324324
14.1024324324324
14.1024324324324
14.1032432432432
14.1033783783784
14.102972972973
14.112972972973
14.1094594594595
14.1027297297297
14.1037297297297
14.1120810810811
14.1108108108108
14.1024324324324
14.1024324324324
14.1259459459459
14.1372972972973
14.1216216216216
14.1176216216216
14.1168648648649
14.1173243243243
14.1163243243243
14.1251351351351
14.1248648648649
14.1175675675676
14.1275675675676
14.1224324324324
14.1162162162162
14.1162162162162
14.1162162162162
14.1106216216216
14.1081891891892
14.1261891891892
14.1217027027027
14.1171081081081
14.1151351351351
14.1051351351351
14.1031621621622
14.1038108108108
14.1038108108108
14.1028378378378
14.1071891891892
14.1138918918919
14.1158918918919
14.1245945945946
14.1254054054054
14.1169459459459
14.1259459459459
14.115972972973
14.1034864864865
14.1024864864865
14.1213513513514
14.1243243243243
14.1181081081081
14.1281081081081
14.13
14.13
14.13
14.13
14.13
14.13
14.13
14.13
14.1408108108108
14.1527027027027
14.1227027027027
14.1091621621622
14.1070540540541
14.1147297297297
14.1107297297297
14.1060810810811
14.0997297297297
14.0897297297297
14.0966756756757
14.1118378378378
14.1272972972973
14.1072972972973
14.1024324324324
14.0683783783784
