14.5203521126761
14.5503521126761
14.5465492957746
14.5216197183099
14.5316197183099
14.5278169014084
14.5282112676056
14.5592112676056
14.5722394366197
14.5854225352113
14.6054225352113
14.615985915493
14.6158450704225
14.6072535211268
14.6172535211268
14.6145774647887
14.6065492957746
14.6065492957746
14.5989436619718
14.5954225352113
14.6054225352113
14.6154225352113
14.6299295774648
14.6495070422535
14.6395070422535
14.6295070422535
14.6195070422535
14.6095070422535
14.6135915492958
14.6235915492958
14.6335915492958
14.6278028169014
14.6298450704225
14.6488450704225
14.6400704225352
14.6404929577465
14.651338028169
14.671338028169
14.6589436619718
14.6310563380282
14.6110563380282
14.6297887323944
14.6564084507042
14.6764084507042
14.6693661971831
14.6728450704225
14.6910563380282
14.6820563380282
14.6902112676056
14.7024647887324
14.6724647887324
14.6783802816901
14.6955633802817
14.7055633802817
14.698661971831
14.6968309859155
14.7068309859155
14.7071126760563
14.7124647887324
14.7234507042254
14.7434507042254
14.7502112676056
14.7457042253521
14.7257042253521
14.7214788732394
14.7285211267606
14.7485211267606
14.7328169014084
14.732014084507
14.7506338028169
14.7606338028169
14.7706338028169
14.7806338028169
14.7906338028169
14.785985915493
14.775985915493
14.765985915493
14.755985915493
14.7544366197183
14.7644366197183
14.7645774647887
14.7645774647887
14.7645774647887
14.7645774647887
14.7442957746479
14.7214788732394
14.7214788732394
14.7375352112676
14.7520422535211
14.7570422535211
14.7620422535211
14.7596478873239
14.7507746478873
14.7607746478873
14.7614788732394
14.7546478873239
14.7396478873239
14.7388309859155
14.7434507042254
14.7494507042253
14.7589436619718
14.7645774647887
14.7645774647887
14.7445774647887
14.7358450704225
14.7371126760563
14.7471126760563
14.7502112676056
14.7502112676056
14.7502112676056
14.7502112676056
14.7464084507042
14.7364084507042
14.7547183098592
14.7645774647887
14.7666901408451
14.7966901408451
14.807676056338
14.807676056338
14.807676056338
14.8000704225352
14.7965492957746
14.8065492957746
14.807676056338
14.807676056338
14.8078169014085
14.8178169014084
14.8451408450704
14.8793661971831
14.8783661971831
14.8365211267606
14.798661971831
14.818661971831
14.7804929577465
14.7699295774648
14.8199295774648
14.8220422535211
14.8220422535211
14.8220422535211
14.8220422535211
14.8220422535211
14.8220422535211
14.8220422535211
14.8297887323944
14.8364084507042
14.8364084507042
14.8273943661972
14.8034507042254
14.7642957746479
14.7542957746479
14.7442957746479
14.7327464788732
14.7127464788732
14.728661971831
14.7502112676056
14.7502112676056
14.758661971831
14.7604929577465
14.7504929577465
14.7599295774648
14.7592253521127
14.7511971830986
14.7611971830986
14.7579577464789
14.7502112676056
14.7502112676056
14.7344366197183
14.725
14.735
14.7276056338028
14.7224366197183
14.7210563380282
14.7110563380282
14.695
14.6783802816901
14.6783802816901
14.6710563380282
14.6580985915493
14.6380985915493
14.6352816901408
14.6310563380282
14.6210563380282
14.6209154929577
14.6154225352113
14.6065492957746
14.6065492957746
14.6072253521127
14.6101408450704
14.6191408450704
14.6128873239437
14.6102112676056
14.6202112676056
14.6116197183099
14.6065492957746
14.6065492957746
14.6065492957746
14.6065492957747
14.6065492957746
14.6065492957746
14.6065492957746
14.6096478873239
14.6196478873239
14.6209154929577
14.6038873239437
