15.1690498652291
15.138909703504
15.1416590296496
15.1005592991914
15.0569420485175
15.0214973045822
15.0514433962264
15.0389905660377
15.049448787062
15.0363221024259
14.9907964959569
14.9701037735849
14.9959716981132
15.0024407008086
15.004974393531
14.9993679245283
14.9754865229111
14.9804460916442
14.9558638814016
14.94224393531
14.9196913746631
14.8987749326146
14.9286132075472
14.9648935309973
14.9332223719677
14.8956617250674
14.880871967655
14.8831684636119
14.8979663072776
14.8692601078167
14.8526832884097
14.8383113207547
14.8606617250674
14.8441684636119
14.891551212938
14.9017938005391
14.8976428571429
14.8876967654987
14.8551630727763
14.8445970350404
14.875346361186
14.8862681940701
14.8818099730458
14.8989339622642
14.8925754716981
14.9030363881402
14.8759716981132
14.9000417789757
14.9236805929919
14.8935754716981
14.8979663072776
14.8924676549865
14.8930175202156
14.864974393531
14.8727371967655
14.8706078167116
14.8898800539084
14.8961064690027
14.8979663072776
14.8996105121294
14.8925323450135
14.9074326145553
14.8993140161725
14.9003113207547
14.8990336927224
14.9206859838275
14.9195080862534
14.9394973045822
14.9315080862534
14.9329312668464
14.9634649595687
14.9700552560647
14.9904407008086
14.9432762803235
14.9453679245283
14.9375889487871
14.9417398921833
14.9201495956873
14.9442196765499
14.9474541778976
14.9419555256065
14.9463301886792
14.9419555256065
14.9445566037736
14.9079932614555
14.9002574123989
14.9023867924528
14.8961064690027
14.9142466307278
14.9136805929919
14.9254595687332
14.9309582210243
14.9367803234501
14.9309582210243
14.9257291105121
14.9254595687332
14.9286940700809
14.9306320754717
14.9266994609164
14.914704851752
14.9057291105121
14.9087210242588
14.9007156334232
14.913128032345
14.901179245283
14.919718328841
14.9352169811321
14.942653638814
14.9451900269542
14.9275619946092
14.9628881401617
14.9534299191375
14.9546778975741
14.9337345013477
14.9236805929919
14.9204326145553
14.919960916442
14.9228881401617
14.9324568733154
14.928667115903
14.9254595687332
14.9150552560647
14.9259393530997
14.9294299191375
14.9250822102426
14.920141509434
14.9203652291105
14.9253652291105
14.9364568733154
14.924602425876
14.92575606469
14.9322789757412
14.9316051212938
14.9419555256065
14.9576482479784
14.961281671159
14.9716482479784
14.981281671159
14.991281671159
14.9969420485175
14.9892870619946
14.9881603773585
14.9927911051213
14.9969420485175
14.992090296496
14.9969420485175
14.9885862533693
14.9785862533693
14.9723598382749
14.9584514824798
14.9552169811321
14.9614838274933
14.9780741239892
14.9804460916442
14.9753247978437
14.9902035040431
14.9788288409704
14.9752088948787
14.9768342318059
14.9749474393531
14.9749474393531
14.9760525606469
14.9660525606469
14.953653638814
14.933653638814
14.9144622641509
14.8997452830189
14.888718328841
14.8623544474394
14.8652169811321
14.8736805929919
14.8595566037736
14.8754218328841
14.8950633423181
14.9058908355795
14.9089636118598
14.909858490566
14.9045404312668
14.9206132075472
14.9106859838275
14.8979663072776
14.8965673854447
14.8979123989218
14.9079123989218
14.9000148247978
14.9010121293801
14.9020094339623
14.9030067385445
14.9029258760108
14.9144622641509
14.8993517520216
14.894435309973
14.9271738544474
14.9089663072776
14.9224892183288
14.9393679245283
14.9548935309973
14.9554865229111
14.9835673854447
14.9535161725067
14.9529528301887
14.9667075471698
14.9716428571429
14.9849474393531
