14.8790540540541
14.9090540540541
14.934027027027
14.933027027027
14.9265135135135
14.9085135135135
14.8987837837838
14.8977837837838
14.9214324324324
14.9584324324324
14.9516486486486
14.9346486486486
14.9439189189189
14.9513513513513
14.9423513513513
14.9381081081081
14.9451081081081
14.936027027027
14.908027027027
14.8912162162162
14.8812162162162
14.8633783783784
14.8433783783784
14.8527027027027
14.8602432432432
14.8392432432432
14.8266216216216
14.8366216216216
14.8384054054054
14.8294054054054
14.8251621621622
14.8241621621622
14.8314864864865
14.8414864864865
14.8147297297297
14.787972972973
14.797972972973
14.7958108108108
14.7558108108108
14.7425675675676
14.7685675675676
14.7650540540541
14.7390540540541
14.732027027027
14.732027027027
14.6874324324324
14.6390540540541
14.6190540540541
14.6055405405405
14.6155405405405
14.624027027027
14.630027027027
14.6349459459459
14.6389459459459
14.6267837837838
14.6077837837838
14.6294324324324
14.6561621621622
14.6371621621622
14.6215675675676
14.6205675675676
14.6237837837838
14.6347837837838
14.6355135135135
14.6265135135135
14.6364324324324
14.6554324324324
14.6668918918919
14.6768918918919
14.6568918918919
14.6336486486486
14.5936486486487
14.5698648648649
14.5798648648649
14.5947297297297
14.6147297297297
14.6152702702703
14.6052702702703
14.5952702702703
14.5852702702703
14.585
14.585
14.585
14.582027027027
14.572027027027
14.5574324324324
14.5374324324324
14.5472702702703
14.5752702702703
14.5907297297297
14.6027297297297
14.6317567567568
14.6585135135135
14.6585135135135
14.6585135135135
14.6585135135135
14.6602432432432
14.6642432432432
14.6581351351351
14.6451351351351
14.6555945945946
14.6735945945946
14.6575945945946
14.6393243243243
14.6293243243243
14.612027027027
14.572027027027
14.5417567567568
14.5257567567568
14.5733243243243
14.6693243243243
14.6222972972973
14.5222972972973
14.5114864864865
14.5104054054054
14.4904054054054
14.4812162162162
14.5112162162162
14.5298648648649
14.5298648648649
14.525
14.516
14.5196486486486
14.5286486486486
14.5298648648649
14.5308918918919
14.5688918918919
14.5944054054054
14.5664054054054
14.5552702702703
14.5752702702703
14.585
14.585
14.5782432432432
14.5682432432432
14.5825405405405
14.6015405405405
14.5825405405405
14.5698648648649
14.5898648648649
14.6030540540541
14.6020540540541
14.602027027027
14.603027027027
14.6020810810811
14.6000810810811
14.6094324324324
14.6214324324324
14.6305135135135
14.6357297297297
14.6167297297297
14.6093243243243
14.6293243243243
14.6488648648649
14.6678648648649
14.6949459459459
14.7269459459459
14.7330810810811
14.7320810810811
14.7982432432432
14.8627297297297
14.8817297297297
14.8907297297297
14.8727297297297
14.8577567567568
14.8467567567568
14.8428918918919
14.8438918918919
14.8509459459459
14.8599459459459
14.8781351351351
14.8955945945946
14.8955945945946
14.8934054054054
14.8844054054054
14.8912162162162
14.9212162162162
14.9455405405405
14.9655405405405
14.9709459459459
14.9709459459459
14.9878918918919
15.0059189189189
15.0069189189189
15.0074864864865
15.0064864864865
15.0062432432432
15.0072432432432
14.992027027027
14.963027027027
14.9544054054054
14.9544054054054
14.9725675675676
14.9926756756757
14.9806756756757
14.969054054054
14.9590540540541
14.9385135135135
14.8985135135135
14.8744324324324
14.8654324324324
14.8618378378378
14.8608378378378
14.8522972972973
