15.7242105263158
15.5942105263158
15.4642105263158
15.3342105263158
15.2042105263158
15.0742105263158
14.9877894736842
14.9267894736842
14.8657894736842
14.8047894736842
14.7437894736842
14.707
14.738
14.769
14.8
14.831
14.862
14.9010526315789
14.941052631579
14.9810526315789
15.021052631579
15.0610526315789
15.1163157894737
15.1853157894737
15.2543157894737
15.3233157894737
15.3923157894737
15.4474210526316
15.4284210526316
15.4094210526316
15.3904210526316
15.3714210526316
15.3524210526316
15.3326315789474
15.3126315789474
15.2926315789474
15.2726315789474
15.2526315789474
15.2195789473684
15.1685789473684
15.1175789473684
15.0665789473684
15.0155789473684
14.9657368421053
14.9367368421053
14.9077368421052
14.8787368421053
14.8497368421053
14.8207368421053
14.7773684210526
14.7273684210526
14.6773684210526
14.6273684210526
14.5773684210526
14.5368421052632
14.5168421052632
14.4968421052632
14.4768421052632
14.4568421052632
14.4368421052632
14.4736842105263
14.5136842105263
14.5536842105263
14.5936842105263
14.6336842105263
14.6673157894737
14.6963157894737
14.7253157894737
14.7543157894737
14.7833157894737
14.8148421052632
14.8558421052632
14.8968421052632
14.9378421052632
14.9788421052632
15.0198421052632
14.9168421052632
14.7868421052632
14.6568421052632
14.5268421052632
14.3968421052632
14.3497368421053
14.3947368421053
14.4397368421053
14.4847368421053
14.5297368421053
14.5685263157895
14.5545263157895
14.5405263157895
14.5265263157895
14.5125263157895
14.4985263157895
14.530947368421
14.5799473684211
14.6289473684211
14.6779473684211
14.7269473684211
14.7468421052632
14.7168421052632
14.6868421052632
14.6568421052632
14.6268421052632
14.5968421052632
14.6168421052632
14.6368421052632
14.6568421052632
14.6768421052632
14.6968421052632
14.6732631578947
14.6242631578947
14.5752631578947
14.5262631578947
14.4772631578947
14.4487894736842
14.4777894736842
14.5067894736842
14.5357894736842
14.5647894736842
14.5937894736842
14.5780526315789
14.5570526315789
14.5360526315789
14.515052631579
14.4940526315789
14.4898947368421
14.5008947368421
14.5118947368421
14.5228947368421
14.5338947368421
14.5463157894737
14.5663157894737
14.5863157894737
14.6063157894737
14.6263157894737
14.6463157894737
14.6584210526316
14.6684210526316
14.6784210526316
14.6884210526316
14.6984210526316
14.7084210526316
14.7184210526316
14.7284210526316
14.7384210526316
14.7484210526316
14.7584210526316
14.7684210526316
14.7784210526316
14.7884210526316
14.7984210526316
14.8084210526316
14.8245789473684
14.8435789473684
14.8625789473684
14.8815789473684
14.9005789473684
14.9018947368421
14.8648947368421
14.8278947368421
14.7908947368421
14.7538947368421
14.7168947368421
14.6846315789474
14.6526315789474
14.6206315789474
14.5886315789474
14.5566315789474
14.5315789473684
14.5115789473684
14.4915789473684
14.4715789473684
14.4515789473684
14.4181052631579
14.3341052631579
14.2501052631579
14.1661052631579
14.0821052631579
13.9981052631579
14.0471578947368
14.1211578947368
14.1951578947368
14.2691578947368
14.3431578947368
14.3963157894737
14.4263157894737
14.4563157894737
14.4863157894737
14.5163157894737
14.5421052631579
14.5321052631579
14.5221052631579
14.5121052631579
14.5021052631579
14.4921052631579
14.5152631578947
14.5502631578947
14.5852631578947
14.6202631578947
14.6552631578947
14.7068421052632
14.7868421052632
14.8668421052632
14.9468421052632
15.0268421052632
