15.035
14.985
14.95
14.95
14.932
14.902
14.8918
14.8852
14.8842
14.8832
14.8822
14.89
14.9
14.91
14.912
14.902
14.913
14.933
14.933
14.924
14.894
14.882
14.882
14.891
14.907
14.947
14.963
14.955
14.9518
14.948
14.928
14.908
14.888
14.875
14.865
14.895
14.9157
14.9147
14.9035
14.8855
14.8828
14.8894
14.9264
14.9364
14.9194
14.924
14.9321
14.9231
14.9205
14.9275
14.91
14.882
14.872
14.859
14.839
14.8376
14.8486
14.8308
14.816
14.826
14.8265
14.8175
14.8149
14.815
14.825
14.819
14.789
14.787
14.797
14.757
14.7368
14.7628
14.7576
14.7316
14.729
14.719
14.669
14.634
14.614
14.618
14.6276
14.6336
14.6388
14.6428
14.6307
14.6117
14.6397
14.6536
14.6346
14.6264
14.6254
14.6352
14.6422
14.6332
14.6382
14.6572
14.669
14.676
14.656
14.628
14.588
14.583
14.593
14.613
14.624
14.614
14.604
14.594
14.593
14.593
14.593
14.588
14.578
14.56
14.5448
14.5728
14.5944
14.6064
14.631
14.661
14.661
14.661
14.661
14.6634
14.6674
14.6561
14.6493
14.6673
14.6668
14.6478
14.636
14.623
14.583
14.5526
14.5366
14.599
14.695
14.595
14.525
14.525
14.513
14.493
14.518
14.542
14.542
14.5375
14.5285
14.5339
14.542
14.542
14.5572
14.5952
14.587
14.559
14.579
14.593
14.593
14.587
14.577
14.5931
14.6045
14.5855
14.586
14.606
14.6092
14.6084
14.6094
14.6092
14.6072
14.615
14.627
14.636
14.6366
14.6176
14.622
14.642
14.6611
14.6827
14.7147
14.7302
14.7292
14.785
14.8499
14.8689
14.8731
14.8551
14.842
14.831
14.832
14.8354
14.8444
14.8594
14.8784
14.8803
14.8785
14.8695
14.88
14.91
14.932
14.95
14.95
14.9576
14.9766
14.983
