15.578358778626
15.578358778626
15.578358778626
15.578358778626
15.5695038167939
15.5824809160305
15.6424809160305
15.6099618320611
15.5606488549618
15.5506488549618
15.5537786259542
15.562786259542
15.562786259542
15.5682061068702
15.5782061068702
15.5882061068702
15.5939312977099
15.5939312977099
15.5765267175573
15.5659160305344
15.5759160305344
15.5632442748092
15.5511832061069
15.5711832061069
15.5841297709924
15.5916183206107
15.5826183206107
15.5941603053435
15.6241603053435
15.6250763358779
15.633320610687
15.653320610687
15.6647709923664
15.686679389313
15.736679389313
15.7274427480916
15.7045877862595
15.7135877862595
15.711320610687
15.7029389312977
15.7029389312977
15.7075419847328
15.7165419847328
15.7179083969466
15.7145419847328
15.7045419847328
15.7029389312977
15.697572519084
15.678572519084
15.6501450381679
15.6253664122137
15.6363664122137
15.6406488549618
15.6417175572519
15.6617175572519
15.6817175572519
15.7017175572519
15.6991832061069
15.6944198473282
15.6884198473282
15.6791221374046
15.6715267175573
15.6705267175572
15.6709465648855
15.6702671755725
15.6602671755725
15.6502671755725
15.6406488549618
15.6406488549618
15.6358396946565
15.6258396946565
15.6241526717557
15.6275496183206
15.6385496183206
15.6649236641221
15.6924045801527
15.7124045801527
15.7115648854962
15.7029389312977
15.7029389312977
15.6971374045802
15.6871374045802
15.6771374045802
15.6676030534351
15.6586030534351
15.647786259542
15.6371374045801
15.6271374045802
15.6171374045802
15.6095038167939
15.6095038167939
15.6298854961832
15.655
15.645
15.6406488549618
15.6407251908397
15.6507251908397
15.6562213740458
15.6562213740458
15.6553282442748
15.655
15.656
15.6484351145038
15.6428625954198
15.6528625954198
15.6562213740458
15.6557938931298
15.6517938931298
15.6357022900763
15.6097022900763
15.6095038167939
15.6051526717557
15.5951526717557
15.6114885496183
15.6282824427481
15.6382824427481
15.6330152671756
15.6209541984733
15.6009541984733
15.6043129770992
15.6155496183206
15.5795496183206
15.5734732824427
15.5934732824427
15.5841603053435
15.5699618320611
15.5499618320611
15.5480763358779
15.542358778626
15.521358778626
15.5160687022901
15.5217938931298
15.5517938931298
15.562786259542
15.562786259542
15.562786259542
15.5575954198473
15.5475954198473
15.5587557251908
15.5650916030534
15.5630916030534
15.5373664122137
15.5160687022901
15.5160687022901
15.5160687022901
15.5195801526718
15.5395801526718
15.5478320610687
15.5487099236641
15.5477099236641
15.547213740458
15.547213740458
15.556679389313
15.558893129771
15.548893129771
15.547213740458
15.5499618320611
15.5599618320611
15.5412595419847
15.5208778625954
15.5508778625954
15.5446946564886
15.5169847328244
15.5369847328244
15.547213740458
15.547213740458
15.5285877862595
15.5160687022901
15.5160687022901
15.5324045801527
15.5420229007634
15.5220229007634
15.5301145038168
15.5443129770992
15.5243129770992
15.5160687022901
15.516679389313
15.536679389313
15.5377480916031
15.5177480916031
15.5435496183206
15.5520229007634
15.5220229007634
15.5320992366412
15.5496564885496
15.5596564885496
15.5559160305344
15.5485114503817
15.5585114503817
15.5456106870229
15.5163740458015
15.5363740458015
15.5517938931298
15.5617938931298
15.562786259542
15.5596946564886
15.5506946564886
15.5558473282443
15.562786259542
15.562786259542
15.5560687022901
15.5473282442748
15.5483282442748
15.5649312977099
