15.3578709677419
15.3278709677419
15.2978709677419
15.2678709677419
15.2378709677419
15.2078709677419
15.1778709677419
15.1604516129032
15.1604516129032
15.1604516129032
15.1604516129032
15.1604516129032
15.1604516129032
15.1604516129032
15.2350967741936
15.3240967741935
15.4130967741936
15.5020967741935
15.5910967741935
15.6800967741936
15.736064516129
15.697064516129
15.658064516129
15.619064516129
15.580064516129
15.541064516129
15.502064516129
15.4224193548387
15.3234193548387
15.2244193548387
15.1254193548387
15.0264193548387
14.9274193548387
14.8417741935484
14.8807741935484
14.9197741935484
14.9587741935484
14.9977741935484
15.0367741935484
15.0757741935484
15.1204516129032
15.1704516129032
15.2204516129032
15.2704516129032
15.3204516129032
15.3704516129032
15.4204516129032
15.4236774193548
15.4236774193548
15.4236774193548
15.4236774193548
15.4236774193548
15.4236774193548
15.4378709677419
15.4778709677419
15.5178709677419
15.5578709677419
15.5978709677419
15.6378709677419
15.6778709677419
15.6714193548387
15.6514193548387
15.6314193548387
15.6114193548387
15.5914193548387
15.5714193548387
15.5572258064516
15.5672258064516
15.5772258064516
15.5872258064516
15.5972258064516
15.6072258064516
15.6172258064516
15.6333548387097
15.6533548387097
15.6733548387097
15.6933548387097
15.7133548387097
15.7333548387097
15.752064516129
15.732064516129
15.712064516129
15.692064516129
15.672064516129
15.652064516129
15.632064516129
15.6165806451613
15.6065806451613
15.5965806451613
15.5865806451613
15.5765806451613
15.5665806451613
15.5565806451613
15.5378709677419
15.5178709677419
15.4978709677419
15.4778709677419
15.4578709677419
15.4378709677419
15.4033548387097
15.3333548387097
15.2633548387097
15.1933548387097
15.1233548387097
15.0533548387097
14.9833548387097
14.9772258064516
14.9972258064516
15.0172258064516
15.0372258064516
15.0572258064516
15.0772258064516
15.095935483871
15.105935483871
15.115935483871
15.125935483871
15.135935483871
15.145935483871
15.155935483871
15.1494838709677
15.1294838709678
15.1094838709677
15.0894838709678
15.0694838709677
15.0494838709677
15.0294838709677
14.9843225806452
14.9383225806452
14.8923225806452
14.8463225806452
14.8003225806452
14.7543225806452
14.7516774193548
14.8176774193548
14.8836774193549
14.9496774193548
15.0156774193548
15.0816774193548
15.1476774193548
15.1257741935484
15.0827741935484
15.0397741935484
14.9967741935484
14.9537741935484
14.9107741935484
14.851064516129
14.734064516129
14.617064516129
14.500064516129
14.383064516129
14.266064516129
14.149064516129
14.1204516129032
14.1404516129032
14.1604516129032
14.1804516129032
14.2004516129032
14.2204516129032
14.2398064516129
14.2498064516129
14.2598064516129
14.2698064516129
14.2798064516129
14.2898064516129
14.2998064516129
14.3093225806452
14.3183225806452
14.3273225806452
14.3363225806452
14.3453225806452
14.3543225806452
14.3633225806452
14.3822580645161
14.4022580645161
14.4222580645161
14.4422580645161
14.4622580645161
14.4822580645161
14.4961290322581
14.4971290322581
14.4981290322581
14.4991290322581
14.5001290322581
14.5011290322581
14.5021290322581
14.5098064516129
14.5198064516129
14.5298064516129
14.5398064516129
14.5498064516129
14.5598064516129
14.5585161290323
14.4985161290323
14.4385161290323
14.3785161290323
14.3185161290323
14.2585161290323
14.1985161290323
14.2662580645161
14.4262580645161
14.5862580645161
14.7462580645161
14.9062580645161
15.0662580645161
