15.4601661129568
15.4615149501661
15.4523588039867
15.448853820598
15.4435880398671
15.439950166113
15.4388372093023
15.434219269103
15.4334950166113
15.4364451827243
15.4483388704319
15.4467441860465
15.4430830564784
15.4427574750831
15.4415282392027
15.4399335548173
15.4569136212625
15.4474584717608
15.4309634551495
15.4393023255814
15.4606312292359
15.4773089700997
15.4836212624585
15.4995681063123
15.5074086378738
15.5176079734219
15.5289435215947
15.521561461794
15.5128504983389
15.5089368770764
15.5044186046512
15.4940531561462
15.4881827242525
15.4927574750831
15.4980631229236
15.4934186046512
15.490584717608
15.5027242524917
15.5076079734219
15.5125514950166
15.5110099667774
15.5075714285714
15.5074086378738
15.5086677740864
15.5093023255814
15.5133887043189
15.5126910299003
15.5126910299003
15.5104983388704
15.5108272425249
15.5125249169435
15.5109966777409
15.5162458471761
15.5117973421927
15.5109966777409
15.5181395348837
15.5186378737542
15.523853820598
15.5183056478405
15.5227242524917
15.5260465116279
15.5295681063123
15.5248172757475
15.5216013289037
15.5267109634551
15.5262458471761
15.5271428571429
15.5238205980066
15.5234219269103
15.5253089700997
15.5291694352159
15.5280066445183
15.5329235880399
15.5315946843854
15.533023255814
15.5324252491694
15.5369335548173
15.5343853820598
15.5393023255814
15.5393687707641
15.5414950166113
15.5335215946844
15.512196013289
15.4835681063123
15.4859800664452
15.478803986711
15.4699867109635
15.490365448505
15.4944518272425
15.4818604651163
15.4803588039867
15.4772558139535
15.4786710963455
15.4868970099668
15.4795348837209
15.4669966777409
15.4574750830565
15.4577906976744
15.45
15.4589700996678
15.470365448505
15.4669601328904
15.4686378737542
15.4686378737542
15.4683056478405
15.4579734219269
15.4584717607973
15.4593355481728
15.4523920265781
15.453488372093
15.4516943521595
15.4500199335548
15.455049833887
15.4519734219269
15.4519933554817
15.4507641196013
15.45
15.4499003322259
15.4456478405316
15.4501129568106
15.4449568106312
15.4488571428571
15.4467441860465
15.4532890365449
15.4606976744186
15.4576079734219
15.4551926910299
15.4635548172757
15.4575415282392
15.4622990033223
15.4660797342193
15.4707209302326
15.4805980066445
15.4847009966777
15.4797342192691
15.4804584717608
15.4810631229236
15.4838870431894
15.500023255814
15.493853820598
15.4778737541528
15.477049833887
15.4924784053156
15.4923588039867
15.4925581395349
15.4857142857143
15.4855315614618
15.4890398671096
15.5314285714286
15.4998671096346
15.4948006644518
15.5099667774086
15.5171627906977
15.5093023255814
15.5017607973422
15.5069435215947
15.5112458471761
15.5018936877076
15.4932225913621
15.4913621262458
15.4806976744186
15.4668106312292
15.4470099667774
15.4533222591362
15.4529900332226
15.4545049833887
15.4575880398671
15.4558205980066
15.4550830564784
15.4516943521595
15.4624252491694
15.4602956810631
15.4671760797342
15.4703986710963
15.4753156146179
15.4801096345515
15.4838870431894
15.4771096345515
15.478803986711
15.4780398671096
15.4827906976744
15.4835083056478
15.4756810631229
15.4717275747508
15.4533222591362
15.4419136212625
15.4453754152824
15.4453687707641
15.4432491694352
15.440023255814
15.4425913621262
15.4441528239203
15.4483355481728
15.4483056478405
15.4432225913621
15.4370431893688
15.4438205980066
15.4415282392027
15.4388372093023
15.4466445182724
15.4418936877076
15.4350398671096
15.4401727574751
15.4347674418605
