15.530875
15.549875
15.568875
15.545
15.515
15.53
15.56
15.565
15.555
15.5505
15.5515
15.54425
15.52325
15.515
15.545
15.57125
15.57125
15.57125
15.56125
15.55125
15.55875
15.56875
15.54875
15.51875
15.52625
15.55625
15.57625
15.58625
15.5925
15.5925
15.5925
15.5925
15.59125
15.58125
15.57125
15.63125
15.69125
15.64625
15.58625
15.56375
15.55375
15.55625
15.56625
15.57125
15.57125
15.575
15.585
15.595
15.605
15.61375
15.61375
15.61375
15.59375
15.57375
15.58
15.59
15.5775
15.5575
15.5625
15.5825
15.597
15.606
15.60825
15.59925
15.6
15.63
15.65625
15.65625
15.65625
15.67625
15.69625
15.7075
15.7175
15.7575
15.8075
15.8075
15.7775
15.767
15.776
15.77825
15.76925
15.7625
15.7625
15.763625
15.772625
15.781625
15.782625
15.783625
15.775
15.765
15.7625
15.7625
15.750625
15.731625
15.706125
15.674125
15.65825
15.66925
15.6775
15.6775
15.68
15.7
15.72
15.74
15.76
15.759
15.755
15.7495
15.7435
15.735
15.725
15.7195
15.7185
15.71825
15.71925
15.7175
15.7075
15.6975
15.6875
15.6775
15.6775
15.6775
15.66875
15.65875
15.6555
15.6545
15.661
15.672
15.6925
15.7225
15.74875
15.76875
15.78125
15.77125
15.7625
15.7625
15.7625
15.7525
15.7425
15.7325
15.7225
15.71325
15.70425
15.694
15.683
15.6725
15.6625
15.6525
15.6425
15.635
15.635
15.63875
15.66875
15.69875
15.68875
15.67875
15.6775
15.6775
15.685
15.695
15.69875
15.69875
15.69825
15.69725
15.697
15.698
15.69625
15.68625
15.67875
15.68875
15.69875
15.69875
15.69875
15.69525
15.69125
15.67075
15.64475
15.635
15.635
15.63
15.62
15.62125
15.64125
15.65875
15.66875
15.67625
15.66625
15.65625
15.63625
15.61625
15.62775
15.64375
15.62075
15.58475
15.58375
15.60375
15.60875
15.59875
15.585
15.565
15.55025
15.55125
15.5495
15.5285
