14.8891358695652
14.9126141304348
14.9257663043478
14.9279402173913
14.9322880434783
14.916527173913
14.9047880434783
14.8953315217391
14.870875
14.8681684782609
14.8250597826087
14.8451141304348
14.8800054347826
14.8816358695652
14.8432663043478
14.8172663043478
14.792875
14.8170706521739
14.8147880434783
14.7893532608696
14.7667445652174
14.7635923913043
14.7741358695652
14.7892010869565
14.8219619565217
14.8220706521739
14.8270706521739
14.8053315217391
14.7839184782609
14.7671793478261
14.8116902173913
14.8068532608696
14.8061358695652
14.816125
14.8189184782609
14.8248315217391
14.8004402173913
14.8321793478261
14.8469836956522
14.8193858695652
14.8217445652174
14.8170706521739
14.817625
14.7893532608696
14.799027173913
14.795875
14.8167445652174
14.8214184782609
14.8226141304348
14.8247880434783
14.8171793478261
14.8331467391304
14.8237010869565
14.8247880434783
14.8234945652174
14.8455489130435
14.8442989130435
14.8639945652174
14.8576684782609
14.857027173913
14.8875054347826
14.894875
14.9141576086957
14.8689184782609
14.8697663043478
14.8641358695652
14.8689184782609
14.8463097826087
14.8651141304348
14.8725054347826
14.8669619565217
14.8763532608696
14.865722826087
14.8688641304348
14.8380489130435
14.826527173913
14.8237010869565
14.8187010869565
14.8376141304348
14.836527173913
14.8503315217391
14.855875
14.8660923913043
14.8543532608696
14.8529402173913
14.8503315217391
14.8510923913043
14.8553532608696
14.8517445652174
14.8467445652174
14.8389184782609
14.8421793478261
14.8281576086957
14.8395706521739
14.8234836956522
14.8413097826087
14.8568532608696
14.8614184782609
14.8723858695652
14.8539184782609
14.8821793478261
14.8781576086957
14.8835923913043
14.860222826087
14.8546793478261
14.8450163043478
14.8447880434783
14.8502663043478
14.8451793478261
14.8595923913043
14.8503315217391
14.847722826087
14.8503532608696
14.8508858695652
14.8555163043478
14.8447880434783
14.8452010869565
14.847722826087
14.8598967391304
14.8503315217391
14.8488967391304
14.8578858695652
14.8609836956522
14.8656576086957
14.8669619565217
14.8867010869565
14.8909293478261
14.9007663043478
14.9107663043478
14.9207663043478
14.9167445652174
14.9168532608696
14.9100054347826
14.9219619565217
14.9223967391304
14.9197880434783
14.9205489130435
14.9105489130435
14.9005489130435
14.8878315217391
14.8866358695652
14.8800054347826
14.891277173913
14.9004402173913
14.9057663043478
14.903375
14.9106576086957
14.9048858695652
14.9002336956522
14.9045706521739
14.900222826087
14.9023967391304
14.8991358695652
14.8891358695652
14.8746793478261
14.8546793478261
14.8392445652174
14.8215380434783
14.8110923913043
14.7852445652174
14.7942445652174
14.7953423913043
14.7875923913043
14.8011902173913
14.8149184782609
14.8317445652174
14.8337010869565
14.8353858695652
14.8284510869565
14.847972826087
14.830375
14.8226141304348
14.8206902173913
14.8230489130435
14.8330489130435
14.8243532608696
14.8254402173913
14.826527173913
14.8276141304348
14.8276141304348
14.8392445652174
14.8244184782609
14.8188097826087
14.8533315217391
14.8337445652174
14.8459184782609
14.8620706521739
14.8780489130435
14.8820706521739
14.909027173913
14.8796032608696
14.8780489130435
14.8930815217391
14.8956358695652
14.9108967391304
14.9439184782609
14.9022989130435
14.8897880434783
14.8659836956522
14.8559836956522
14.9120706521739
14.9148967391304
14.9081576086957
14.8925054347826
