14.2654347826087
14.2454347826087
14.2165217391304
14.2178260869565
14.2210869565217
14.2154347826087
14.2323695652174
14.2716304347826
14.292152173913
14.3050217391304
14.2776304347826
14.2776304347826
14.2949782608696
14.3067391304348
14.2958695652174
14.2758695652174
14.2611304347826
14.2584130434783
14.2643260869565
14.2631086956522
14.2558043478261
14.2638043478261
14.2559130434783
14.2378260869565
14.2328913043478
14.2083260869565
14.1728260869565
14.1584782608696
14.16
14.1493913043478
14.1815652173913
14.1875652173913
14.1878260869565
14.1886739130435
14.1955869565217
14.1926086956522
14.1878260869565
14.1795652173913
14.1641304347826
14.1593260869565
14.1573260869565
14.1763260869565
14.1571739130435
14.1719565217391
14.1767391304348
14.164347826087
14.1502391304348
14.144152173913
14.1434782608696
14.1434782608696
14.1434782608696
14.1434782608696
14.1334782608696
14.0967391304348
14.0958695652174
14.085652173913
14.0746956521739
14.0652173913043
14.0582608695652
14.0634782608696
14.0560869565217
14.0660869565217
14.0760869565217
14.0952173913043
14.0830434782609
14.0908695652174
14.0932608695652
14.0928260869565
14.0921086956522
14.0804130434783
14.085
14.0658695652174
14.0658695652174
14.0658695652174
14.0666956521739
14.0669782608696
14.0602826086957
14.0647826086957
14.0847826086957
14.0937608695652
14.0792826086957
14.0866086956522
14.0986086956522
14.0905217391304
14.1137391304348
14.1139130434783
14.1102173913043
14.0997826086957
14.0967173913043
14.1171086956522
14.1267173913044
14.100152173913
14.099152173913
14.0991304347826
14.1
14.107847826087
14.1237173913043
14.1378260869565
14.1517391304348
14.1668260869565
14.1731739130435
14.175652173913
14.165652173913
14.155652173913
14.1545652173913
14.1545652173913
14.1478260869565
14.1434782608696
14.1439347826087
14.1442391304348
14.1458695652174
14.1532608695652
14.1432608695652
14.1332608695652
14.1323913043478
14.1404347826087
14.1365217391304
14.1441304347826
14.159347826087
14.1623260869565
14.1556739130435
14.1585652173913
14.1767391304348
14.1767391304348
14.1767391304348
14.185
14.1878260869565
14.1817391304348
14.1767391304348
14.1767391304348
14.1770217391304
14.1759347826087
14.165652173913
14.165652173913
14.1570434782609
14.1556739130435
14.1623260869565
14.159347826087
14.1597826086957
14.1619347826087
14.1584130434783
14.1636956521739
14.1554347826087
14.1654347826087
14.1558695652174
14.1632608695652
14.1588043478261
14.1615434782609
14.1661956521739
14.1750217391304
14.1845652173913
14.1791304347826
14.1877391304348
14.1767391304348
14.1467391304348
14.1443695652174
14.1438043478261
14.144152173913
14.1496739130435
14.1545652173913
14.1510869565217
14.1458695652174
14.1544347826087
14.1536956521739
14.1646956521739
14.1647391304348
14.165347826087
14.166347826087
14.1779130434783
14.1878260869565
14.1881956521739
14.1863260869565
14.1761739130435
14.165652173913
14.165652173913
14.1563043478261
14.1628260869565
14.165652173913
14.1595652173913
14.1545652173913
14.150652173913
14.1434782608696
14.1434782608696
14.1428260869565
14.1328260869565
14.1228260869565
14.1213043478261
14.1213043478261
14.1213043478261
14.1160869565217
14.1106304347826
14.1110217391304
14.1102173913043
14.1110869565217
14.1210869565217
14.1301086956522
14.132152173913
14.1628260869565
14.1826086956522
14.1872608695652
14.1921739130435
14.1989130434783
14.1989130434783
14.2
