14.2376666666667
14.2376666666667
14.2376666666667
14.2376666666667
14.2376666666667
14.2283333333333
14.2083333333333
14.1883333333333
14.1683333333333
14.1483333333333
14.1460666666667
14.1450666666667
14.1440666666667
14.1430666666667
14.1588666666667
14.1998666666667
14.2408666666667
14.2818666666667
14.3228666666667
14.3534666666667
14.3824666666667
14.4114666666667
14.4404666666667
14.4631333333333
14.4731333333333
14.4831333333333
14.4931333333333
14.5031333333333
14.4899333333333
14.4709333333333
14.4519333333333
14.4329333333333
14.4136666666667
14.3936666666667
14.3736666666667
14.3536666666667
14.3336666666667
14.2777333333333
14.2087333333333
14.1397333333333
14.0707333333333
14.0169333333333
14.0239333333333
14.0309333333333
14.0379333333333
14.0449333333333
14.0752666666667
14.1172666666667
14.1592666666667
14.2012666666667
14.231
14.181
14.131
14.081
14.031
13.999
13.979
13.959
13.939
13.9223333333333
13.9523333333333
13.9823333333333
14.0123333333333
14.0423333333333
14.035
13.995
13.955
13.915
13.875
13.876
13.877
13.878
13.879
13.8884
13.9074
13.9264
13.9454
13.9644
13.975
13.985
13.995
14.005
14.0274
14.0684
14.1094
14.1504
14.1914
14.2124666666667
14.2304666666667
14.2484666666667
14.2664666666667
14.2854666666667
14.3064666666667
14.3274666666667
14.3484666666667
14.3694666666667
14.3576666666667
14.3376666666667
14.3176666666667
14.2976666666667
14.2854
14.2944
14.3034
14.3124
14.3214
14.3172
14.3082
14.2992
14.2902
14.281
14.271
14.261
14.251
14.241
14.1776666666667
14.0876666666667
13.9976666666667
13.9076666666667
13.8323333333333
13.8523333333333
13.8723333333333
13.8923333333333
13.9123333333333
13.9209333333333
13.9219333333333
13.9229333333333
13.9239333333333
13.9254666666667
13.9344666666667
13.9434666666667
13.9524666666667
13.9614666666667
13.9976666666667
14.0576666666667
14.1176666666667
14.1776666666667
14.2376666666667
14.1876666666667
14.1376666666667
14.0876666666667
14.0376666666667
14.0016666666667
13.9816666666667
13.9616666666667
13.9416666666667
13.9216666666667
13.911
13.901
13.891
13.881
13.871
13.861
13.851
13.841
13.831
13.821
13.811
13.801
13.791
13.7776666666667
13.7576666666667
13.7376666666667
13.7176666666667
13.6976666666667
13.6056666666667
13.4956666666667
13.3856666666667
13.2756666666667
13.2243333333333
13.3343333333333
13.4443333333333
13.5543333333333
13.6643333333333
13.701
13.711
13.721
13.731
13.749
13.799
13.849
13.899
13.949
13.939
13.899
13.859
13.819
13.7843333333333
13.7843333333333
13.7843333333333
13.7843333333333
13.7843333333333
13.7963333333333
13.8163333333333
13.8363333333333
13.8563333333333
13.8783333333333
13.9283333333333
13.9783333333333
14.0283333333333
14.0783333333333
14.1496666666667
14.2396666666667
14.3296666666667
14.4196666666667
