14.8856167664671
14.9086167664671
14.9222754491018
14.9382874251497
14.9381676646707
14.9016946107784
14.8926946107784
14.9006467065868
14.8972335329341
14.8912754491018
14.890502994012
14.8904431137725
14.8804431137725
14.8861317365269
14.884874251497
14.8820419161677
14.8916047904192
14.8906047904192
14.890502994012
14.890502994012
14.8859520958084
14.8852934131737
14.9143353293413
14.8643353293413
14.9060239520958
14.9424431137725
14.9484550898204
14.9404610778443
14.9394610778443
14.9402694610778
14.9399041916168
14.9393652694611
14.9345748502994
14.9149341317365
14.9149341317365
14.9149341317365
14.9149341317365
14.9184670658683
14.9258323353293
14.9158323353293
14.8976407185629
14.8848383233533
14.883245508982
14.8821616766467
14.8536167664671
14.8436167664671
14.8424431137725
14.8422814371257
14.8416407185629
14.8430179640719
14.8530179640719
14.890502994012
14.8888263473054
14.8825449101796
14.8945628742515
14.9152335329341
14.9252335329341
14.9271497005988
14.9271497005988
14.9238622754491
14.9145748502994
14.9035748502994
14.893497005988
14.890502994012
14.890502994012
14.8879281437126
14.8786467065868
14.8886467065868
14.8823592814371
14.9079281437126
14.9393652694611
14.9378682634731
14.9278682634731
14.9364311377246
14.9464311377246
14.9515808383234
14.9492095808383
14.9397065868263
14.9187065868263
14.8993473053892
14.8917245508982
14.8913473053892
14.890502994012
14.890502994012
14.8624790419162
14.8538562874252
14.8538562874252
14.8535868263473
14.8517724550898
14.8337724550898
14.8306467065868
14.8360898203593
14.8339760479042
14.8172095808383
14.8172095808383
14.808748502994
14.7983113772455
14.7883053892216
14.7952814371257
14.8405628742515
14.8205628742515
14.8172095808383
14.8111017964072
14.804994011976
14.8066706586826
14.8166706586826
14.7793652694611
14.7719700598802
14.7769700598802
14.777748502994
14.767748502994
14.757748502994
14.7980479041916
14.8252275449102
14.8176766467066
14.7864910179641
14.7924910179641
14.8213413173653
14.7863233532934
14.7828023952096
14.8178562874251
14.8141437125749
14.7861437125748
14.7809401197605
14.7867904191617
14.7891676646707
14.7834011976048
14.7924011976048
14.7927784431138
14.8001437125748
14.8044790419162
14.8099341317365
14.8308622754491
14.8508622754491
14.8283473053892
14.823497005988
14.8294251497006
14.8312814371257
14.8412814371257
14.8609221556886
14.873497005988
14.8678682634731
14.8508622754491
14.8416407185629
14.8416407185629
14.8502035928144
14.8417964071856
14.8376706586826
14.8517964071856
14.8537964071856
14.8635568862275
14.8735568862275
14.8788143712575
14.8883652694611
14.9150179640719
14.9160179640719
14.8894251497006
14.8834131736527
14.8763233532934
14.8499041916168
14.8299041916168
14.8099041916168
14.805748502994
14.8152754491018
14.821377245509
14.8042754491018
14.7962754491018
14.8021676646707
14.8114610778443
14.8172095808383
14.8133413173653
14.7943413173653
14.7930179640719
14.7927784431138
14.7766107784431
14.7688263473054
14.8203233532934
14.9803233532934
15.0528982035928
15.0933173652695
15.0974491017964
15.0737365269461
15.0737365269461
15.1616706586826
15.1525628742515
15.0808682634731
15.0264910179641
15.0666107784431
15.1166107784431
15.1225988023952
15.1489461077844
15.1627185628743
15.1491856287425
15.1591856287425
15.179125748503
15.1682275449102
15.1537365269461
15.1404431137725
15.1150538922156
15.0450538922156
15.0548143712575
15.0681676646707
15.064874251497
15.0391137724551
