14.3020338983051
14.3030338983051
14.3040338983051
14.3050338983051
14.3103728813559
14.3193728813559
14.3283728813559
14.334406779661
14.308406779661
14.282406779661
14.256406779661
14.2504745762712
14.2564745762712
14.2624745762712
14.2725423728814
14.3025423728814
14.3325423728814
14.3625423728814
14.335593220339
14.285593220339
14.235593220339
14.2033898305085
14.2233898305085
14.2433898305085
14.2633898305085
14.2746271186441
14.2836271186441
14.2926271186441
14.2921355932203
14.2731355932203
14.2541355932203
14.2351355932203
14.2152542372881
14.1952542372881
14.1752542372881
14.1637288135593
14.1637288135593
14.1637288135593
14.1637288135593
14.1830508474576
14.2030508474576
14.2230508474576
14.2583050847458
14.3083050847458
14.3583050847458
14.406779661017
14.426779661017
14.446779661017
14.466779661017
14.4630508474576
14.4430508474576
14.4230508474576
14.4022372881356
14.3762372881356
14.3502372881356
14.3242372881356
14.3199322033898
14.3259322033898
14.3319322033898
14.3277966101695
14.2877966101695
14.2477966101695
14.2077966101695
14.1983050847458
14.1983050847458
14.1983050847458
14.1922033898305
14.1722033898305
14.1522033898305
14.1322033898305
14.0613559322034
13.9813559322034
13.9013559322034
13.8525423728814
13.8525423728814
13.8525423728814
13.8525423728814
13.8338983050847
13.8138983050847
13.7938983050848
13.7976271186441
13.8276271186441
13.8576271186441
13.8871186440678
13.8871186440678
13.8871186440678
13.8871186440678
13.8815254237288
13.8715254237288
13.8615254237288
13.8505084745763
13.8305084745763
13.8105084745763
13.7905084745763
13.7969152542373
13.8179152542373
13.8389152542373
13.8565593220339
13.8595593220339
13.8625593220339
13.8655593220339
13.864186440678
13.861186440678
13.858186440678
13.8557288135593
13.8547288135593
13.8537288135593
13.8527288135593
13.8525423728814
13.8525423728814
13.8525423728814
13.8561016949153
13.8661016949153
13.8761016949153
13.8861016949153
13.9050847457627
13.9250847457627
13.9450847457627
13.9518644067797
13.9418644067797
13.9318644067797
13.9218644067797
13.9236610169492
13.9256610169492
13.9276610169492
13.9275593220339
13.9255593220339
13.9235593220339
13.9226440677966
13.9366440677966
13.9506440677966
13.9646440677966
13.9676610169492
13.9636610169492
13.9596610169492
13.9547457627119
13.9447457627119
13.9347457627119
13.9247457627119
13.9286440677966
13.9386440677966
13.9486440677966
13.9633898305085
13.9933898305085
14.0233898305085
14.0533898305085
14.029593220339
13.990593220339
13.951593220339
13.9248305084746
13.9238305084746
13.9228305084746
13.9218305084746
13.904406779661
13.884406779661
13.864406779661
13.8525423728814
13.8525423728814
13.8525423728814
13.8525423728814
13.8715254237288
13.8915254237288
13.9115254237288
13.9216949152542
13.9216949152542
13.9216949152542
13.9220338983051
13.9320338983051
13.9420338983051
13.9520338983051
13.9562711864407
13.9562711864407
13.9562711864407
13.9562711864407
13.9562711864407
13.9562711864407
13.9562711864407
13.9298305084746
13.8898305084746
13.8498305084746
13.8159322033898
13.8059322033898
13.7959322033898
13.7859322033898
13.7833898305085
13.7833898305085
13.7833898305085
13.7833898305085
13.7833898305085
13.7833898305085
13.7833898305085
13.7750847457627
13.7650847457627
13.7550847457627
13.7417288135593
13.7227288135593
13.7037288135593
13.6847288135593
13.6822033898305
13.6812033898305
13.6802033898305
13.6750847457627
13.6650847457627
13.6550847457627
