13.8992857142857
13.9292857142857
13.9592857142857
13.9892857142857
14.0192857142857
14.0392857142857
13.9992857142857
13.9592857142857
13.9192857142857
13.8792857142857
13.851
13.852
13.853
13.854
13.855
13.8637142857143
13.8827142857143
13.9017142857143
13.9207142857143
13.9397142857143
13.9535714285714
13.9635714285714
13.9735714285714
13.9835714285714
13.9935714285714
14.0257142857143
14.0667142857143
14.1077142857143
14.1487142857143
14.1897142857143
14.211
14.229
14.247
14.265
14.283
14.304
14.325
14.346
14.367
14.3821428571429
14.3621428571429
14.3421428571429
14.3221428571429
14.3021428571429
14.2904285714286
14.2994285714286
14.3084285714286
14.3174285714286
14.3264285714286
14.3277142857143
14.3187142857143
14.3097142857143
14.3007142857143
14.2917142857143
14.2821428571429
14.2721428571429
14.2621428571429
14.2521428571429
14.2421428571429
14.175
14.085
13.995
13.905
13.815
13.8192857142857
13.8392857142857
13.8592857142857
13.8792857142857
13.8992857142857
13.9002857142857
13.9012857142857
13.9022857142857
13.9032857142857
13.9054285714286
13.9144285714286
13.9234285714286
13.9324285714286
13.9414285714286
13.965
14.025
14.085
14.145
14.205
14.2178571428571
14.1678571428572
14.1178571428571
14.0678571428571
14.0178571428571
13.985
13.965
13.945
13.925
13.905
13.8921428571429
13.8821428571429
13.8721428571429
13.8621428571429
13.8521428571429
13.8421428571429
13.8321428571429
13.8221428571429
13.8121428571429
13.8021428571429
13.7921428571429
13.7821428571429
13.7721428571429
13.7621428571429
13.7507142857143
13.7307142857143
13.7107142857143
13.6907142857143
13.6707142857143
13.625
13.515
13.405
13.295
13.185
13.1692857142857
13.2792857142857
13.3892857142857
13.4992857142857
13.6092857142857
13.6621428571429
13.6721428571429
13.6821428571429
13.6921428571428
13.7021428571429
13.7407142857143
13.7907142857143
13.8407142857143
13.8907142857143
13.9407142857143
13.9135714285714
13.8735714285714
13.8335714285714
13.7935714285714
13.7535714285714
13.7535714285714
13.7535714285714
13.7535714285714
13.7535714285714
13.7564285714286
13.7764285714286
13.7964285714286
13.8164285714286
13.8364285714286
13.865
13.915
13.965
14.015
14.065
14.1321428571429
14.2221428571429
14.3121428571429
14.4021428571429
14.4921428571429
14.5187142857143
14.4977142857143
14.4767142857143
14.4557142857143
14.4347142857143
14.4365714285714
14.4475714285714
14.4585714285714
14.4695714285714
14.4805714285714
14.4564285714286
14.4264285714286
14.3964285714286
14.3664285714286
14.3364285714286
14.3464285714286
14.3564285714286
14.3664285714286
14.3764285714286
14.3792857142857
14.3392857142857
14.2992857142857
14.2592857142857
14.2192857142857
14.193
14.201
14.209
14.217
14.225
14.2261428571429
14.2181428571429
14.2101428571429
14.2021428571429
14.1941428571429
14.1798571428572
14.1608571428571
14.1418571428571
14.1228571428571
14.1038571428571
14.0984285714286
14.0984285714286
14.0984285714286
14.0984285714286
14.0984285714286
14.0975714285714
14.0965714285714
14.0955714285714
14.0945714285714
