14.33875
14.35475
14.37075
14.38675
14.40275
14.41875
14.43475
14.45075
14.46675
14.47925
14.48825
14.49725
14.50625
14.51525
14.52425
14.53325
14.54225
14.55125
14.53125
14.51125
14.49125
14.47125
14.45125
14.43125
14.41125
14.39125
14.37525
14.36325
14.35125
14.33925
14.32725
14.31525
14.30325
14.29125
14.27925
14.32025
14.36125
14.40225
14.44325
14.48425
14.52525
14.56625
14.60725
14.64825
14.68925
14.73025
14.77125
14.81225
14.85325
14.89425
14.93525
14.97625
15.01625
15.05625
15.09625
15.13625
15.17625
15.21625
15.25625
15.29625
15.31575
15.31475
15.31375
15.31275
15.31175
15.31075
15.30975
15.30875
15.30775
15.33875
15.36975
15.40075
15.43175
15.46275
15.49375
15.52475
15.55575
15.58625
15.61625
15.64625
15.67625
15.70625
15.73625
15.76625
15.79625
15.82625
15.79625
15.76625
15.73625
15.70625
15.67625
15.64625
15.61625
15.58625
15.55725
15.52925
15.50125
15.47325
15.44525
15.41725
15.38925
15.36125
15.33325
15.38025
15.42725
15.47425
15.52125
15.56825
15.61525
15.66225
15.70925
15.74775
15.77775
15.80775
15.83775
15.86775
15.89775
15.92775
15.95775
15.98775
15.96875
15.94975
15.93075
15.91175
15.89275
15.87375
15.85475
15.83575
15.82625
15.82625
15.82625
15.82625
15.82625
15.82625
15.82625
15.82625
15.82625
15.81625
15.80625
15.79625
15.78625
15.77625
15.76625
15.75625
15.74625
15.73125
15.71125
15.69125
15.67125
15.65125
15.63125
15.61125
15.59125
15.57125
15.56125
15.55125
15.54125
15.53125
15.52125
15.51125
15.50125
15.49125
15.50625
15.54625
15.58625
15.62625
15.66625
15.70625
15.74625
15.78625
15.82625
15.78625
15.74625
15.70625
15.66625
15.62625
15.58625
15.54625
15.50625
15.47125
15.44125
15.41125
15.38125
15.35125
15.32125
15.29125
15.26125
15.23125
15.21625
15.20125
15.18625
15.17125
15.15625
15.14125
15.12625
15.11125
15.08625
15.05125
15.01625
14.98125
14.94625
14.91125
14.87625
14.84125
