14.9270324963072
14.9084268833087
14.9075258493353
14.9038788774003
14.9092540620384
14.9128286558346
14.9300812407681
14.9290280649926
14.9073042836041
14.9156794682422
14.9231979320532
14.9227991137371
14.9298153618907
14.9303471196455
14.9359010339734
14.9333604135894
14.9297799113737
14.9140251107829
14.9144830132939
14.9121048744461
14.9133899556869
14.9122673559823
14.909552437223
14.9094564254062
14.9090768094535
14.9122673559823
14.9122673559823
14.9133441654357
14.9148079763663
14.9270324963072
14.9197917282127
14.9068744460857
14.9056499261448
14.9092540620384
14.9157326440177
14.9157385524372
14.9227252584934
14.9316174298375
14.9420753323486
14.9412437223043
14.947658788774
14.9634933530281
14.9593279172821
14.9544534711965
14.9541580502216
14.9591861152142
14.9645273264402
14.9635672082718
14.9604800590842
14.961646971935
14.9606868537666
14.9701225997046
14.9684209748892
14.9557902511078
14.9598596750369
14.9845864106352
14.9808168389956
14.9730206794682
14.9739926144756
14.9610856720827
14.9692008862629
14.9604800590842
14.9665066469719
14.9514401772526
14.9524387001477
14.9492983751846
14.9546307237814
14.959564254062
14.9574667651403
14.9575509601182
14.9576765140325
14.9395007385524
14.942223042836
14.9515184638109
14.9638389955687
14.9705214180207
14.9641432791728
14.9681166912851
14.9738626292467
14.9950531757755
14.963646971935
14.9747267355982
14.9731802067947
14.9753559822747
14.9746248153619
14.9720310192024
14.8990324963072
14.9129719350074
14.8906543574594
14.8409128508124
14.9012776957164
14.8944874446086
14.8898212703102
14.8727843426883
14.8702289512555
14.8654431314623
14.8551920236337
14.8632127031019
14.870376661743
14.8694785819793
14.8921196454948
14.893094534712
14.8836410635155
14.8928138847858
14.8953870014771
14.8944534711965
14.8917858197932
14.8638020679468
14.8585598227474
14.8456189069424
14.8367872968981
14.8310192023634
14.8207163958641
14.8129025110783
14.8236144756278
14.8468035450517
14.8430797636632
14.8464623338257
14.8334519940916
14.848988183161
14.854305760709
14.8500073855244
14.8547518463811
14.8640546528804
14.8671624815362
14.8698316100443
14.8673249630724
14.8655982274742
14.8700812407681
14.8700812407681
14.8713515509601
14.8798257016248
14.8794756277696
14.880258493353
14.8800369276219
14.8788197932053
14.8791211225997
14.8761078286558
14.8850768094535
14.8769793205318
14.8857976366322
14.8944091580502
14.9167577548006
14.9213072378139
14.9213072378139
14.9213072378139
14.9213072378139
14.9213072378139
14.9213072378139
14.9213072378139
14.9213072378139
14.9213072378139
14.9213072378139
14.9213072378139
14.9213072378139
14.9213072378139
14.9213072378139
14.9213072378139
14.9213072378139
14.9213072378139
14.9213072378139
14.9213072378139
14.9213072378139
14.9213072378139
14.9213072378139
14.9213072378139
14.9213072378139
14.9213072378139
14.9213072378139
14.9213072378139
14.9213072378139
14.9213072378139
14.9213072378139
14.9213072378139
14.9213072378139
14.9213072378139
14.9213072378139
14.9213072378139
14.9213072378139
14.9213072378139
14.9213072378139
14.9213072378139
14.9213072378139
14.9213072378139
14.9213072378139
14.9213072378139
14.9213072378139
14.9213072378139
14.9213072378139
14.9213072378139
14.9213072378139
14.9213072378139
14.9213072378139
14.9213072378139
14.9213072378139
14.9213072378139
14.9213072378139
14.9213072378139
14.9213072378139
14.9213072378139
14.9213072378139
14.9213072378139
14.9213072378139
14.9213072378139
