13.365
13.385
13.405
13.425
13.445
13.465
13.485
13.505
13.525
13.54
13.55
13.56
13.57
13.58
13.59
13.6
13.61
13.62
13.64
13.66
13.68
13.7
13.72
13.74
13.76
13.78
13.7995
13.8185
13.8375
13.8565
13.8755
13.8945
13.9135
13.9325
13.9515
13.9525
13.9535
13.9545
13.9555
13.9565
13.9575
13.9585
13.9595
13.9595
13.9585
13.9575
13.9565
13.9555
13.9545
13.9535
13.9525
13.9515
13.9625
13.9735
13.9845
13.9955
14.0065
14.0175
14.0285
14.0395
14.0395
14.0285
14.0175
14.0065
13.9955
13.9845
13.9735
13.9625
13.9515
13.9515
13.9515
13.9515
13.9515
13.9515
13.9515
13.9515
13.9515
13.972
14.013
14.054
14.095
14.136
14.177
14.218
14.259
14.3
14.37
14.44
14.51
14.58
14.65
14.72
14.79
14.86
14.895
14.895
14.895
14.895
14.895
14.895
14.895
14.895
14.895
14.875
14.855
14.835
14.815
14.795
14.775
14.755
14.735
14.7245
14.7235
14.7225
14.7215
14.7205
14.7195
14.7185
14.7175
14.7165
14.7575
14.7985
14.8395
14.8805
14.9215
14.9625
15.0035
15.0445
15.0795
15.1085
15.1375
15.1665
15.1955
15.2245
15.2535
15.2825
15.3115
15.3215
15.3315
15.3415
15.3515
15.3615
15.3715
15.3815
15.3915
15.387
15.368
15.349
15.33
15.311
15.292
15.273
15.254
15.235
15.215
15.195
15.175
15.155
15.135
15.115
15.095
15.075
15.0305
14.9615
14.8925
14.8235
14.7545
14.6855
14.6165
14.5475
14.4785
14.4855
14.4925
14.4995
14.5065
14.5135
14.5205
14.5275
14.5345
14.559
14.601
14.643
14.685
14.727
14.769
14.811
14.853
14.895
14.845
14.795
14.745
14.695
14.645
14.595
14.545
14.495
14.46
14.44
14.42
14.4
14.38
14.36
14.34
14.32
